1.060025848806882e+00 1.577606386744501e-14 4.988199183545380e-14 1.326415360874235e-13 4.446451420285797e-13 1.183441338927615e-12 3.684057412662476e-12 1.458849130288534e-11
1.191103133283007e+00 1.405850688275512e-14 4.446251772623692e-14 1.182082631169784e-13 3.961534573469882e-13 1.053156309230668e-12 4.010905814213203e-12 1.162764555893828e-11
1.338388753173757e+00 1.252885313001599e-14 3.961837222504868e-14 1.053957723538063e-13 3.532056462392579e-13 9.387314247495993e-13 3.072121304310596e-12 8.891578832888804e-12
1.503886946955410e+00 1.116301588996250e-14 3.529685906079565e-14 9.385915965567457e-14 3.146169060134295e-13 8.365014752948622e-13 3.004249706136232e-12 7.847630914602525e-12
1.689849786812457e+00 9.946786382311791e-15 3.145392173534358e-14 8.363175706378198e-14 2.802796167842333e-13 7.454489951086081e-13 2.578651866122633e-12 5.274632874788464e-12
1.898807824465263e+00 8.863789031605956e-15 2.802976203909303e-14 7.456399766478116e-14 2.498027733605528e-13 6.644365377907444e-13 2.465578644647938e-12 4.430978045571981e-12
2.133604526501411e+00 7.897937233247693e-15 2.497547047411124e-14 6.639494345549806e-14 2.226263404775040e-13 6.803059191746515e-13 1.995172370168576e-12 3.884593053707244e-12
2.397434967801077e+00 7.037121408546053e-15 2.225175090502125e-14 5.919961332122195e-14 1.983274646995021e-13 5.183405297522864e-13 1.875037641455780e-12 2.468811654706512e-12
2.693889309590172e+00 6.269919054355311e-15 1.982945574858334e-14 5.270689937660154e-14 1.766955860773609e-13 5.238647085414036e-13 1.216182308831345e-12 2.330027202212094e-12
3.027001653763462e+00 5.586854994371815e-15 1.766653550911759e-14 4.698341305055550e-14 1.573866196260757e-13 4.538163223265351e-13 1.409173320841210e-12 1.722434848189740e-12
3.401304938279252e+00 4.976740627583876e-15 1.573560491512937e-14 4.185122415635623e-14 1.402559245666810e-13 3.944515785347527e-13 1.196775934376945e-12 1.468820333403059e-12
3.821892620633119e+00 4.432899729417956e-15 1.401996432882869e-14 3.729262138470992e-14 1.250409297808296e-13 3.428650415422203e-13 8.904600558531993e-13 8.693103923650272e-13
4.294487988789275e+00 3.949535483884975e-15 1.248827451419247e-14 3.321749477851167e-14 1.112386929064694e-13 2.740243587690825e-13 9.678064759182592e-13 9.946327086167601e-13
4.825522042741277e+00 3.518109184940133e-15 1.112751806315023e-14 2.958760669914403e-14 9.917687817207713e-14 2.670635205241155e-13 6.993943075309680e-13 5.881740395000009e-13
5.422221006501588e+00 3.133601200112559e-15 9.907122890745702e-15 2.634910979951365e-14 8.839178300933759e-14 2.325083965269219e-13 6.207271143806885e-13 5.239700970954885e-13
6.092704661368677e+00 2.791049598578802e-15 8.826566168857687e-15 2.348142984085871e-14 7.870129986520924e-14 1.901725684419116e-13 5.461181217931116e-13 4.550541906079298e-13
6.846096838574658e+00 2.485486173655588e-15 7.859484719137007e-15 2.090057805010299e-14 7.001975881185205e-14 2.063520320523578e-13 4.336680603157648e-13 3.638418415586578e-13
7.692649574879142e+00 2.213390230704546e-15 7.002176262882343e-15 1.861048325805675e-14 6.241443237778978e-14 1.464816793558254e-13 3.767326438500953e-13 3.061407417110514e-13
8.643882620598268e+00 1.970733817422502e-15 6.232797364205110e-15 1.657814764204703e-14 5.566693930648258e-14 1.476024994022140e-13 3.376297972173086e-13 2.369716263245896e-13
9.712740198471170e+00 1.754394311377270e-15 5.548086944819201e-15 1.475442031735289e-14 4.951495617567622e-14 1.224928468244391e-13 2.927694831489277e-13 2.008075342218748e-13
1.091376714651273e+01 1.561774248560829e-15 4.934879323145025e-15 1.315242180888897e-14 4.412303017434170e-14 1.007801450279535e-13 2.411677739889150e-13 1.717592423836967e-13
1.226330684177563e+01 1.390780668486000e-15 4.398464604863058e-15 1.168514523751427e-14 4.466743639873122e-14 8.992441760327785e-14 2.482859794079097e-13 1.468337976813293e-13
1.377972359833557e+01 1.236751197339861e-15 3.911646009843242e-15 1.040055858279396e-14 3.432744311616407e-14 8.004308340480316e-14 1.874124698804105e-13 1.256802488151037e-13
1.548365256585498e+01 1.100980849721671e-15 3.483091841842334e-15 9.268049630434746e-15 3.054557768598515e-14 8.011035688535763e-14 1.732683563636070e-13 9.817756696469514e-14
1.739828052930364e+01 9.785913916836165e-16 3.097714074771849e-15 8.240409382060570e-15 2.721192320296049e-14 6.214379566300860e-14 1.619655130774093e-13 7.507672990611236e-14
1.954966143091260e+01 8.702457616653609e-16 2.752998519095608e-15 7.322305471733224e-15 2.714753305806067e-14 5.562321236356394e-14 1.541457986344152e-13 5.289747062465677e-14
2.196707090793234e+01 7.742085669633224e-16 2.446634734202173e-15 6.509952904218946e-15 2.111248624965085e-14 4.931732670701631e-14 1.496066162170189e-13 2.909985381378071e-14
2.468340467068649e+01 6.883143596926121e-16 2.176661847093325e-15 5.792055668297502e-15 1.886246921682982e-14 4.436598051449886e-14 1.437011084264156e-13 1.221210299662628e-14
2.773562614198413e+01 6.112753418286589e-16 1.933109444149313e-15 5.154732327441809e-15 1.674149987892279e-14 3.999740071035847e-14 1.266620024887926e-13 3.052142591147044e-15
3.116526944929430e+01 5.436233361285984e-16 1.719798034900564e-15 4.580933049150852e-15 1.494052011399383e-14 3.674289700685016e-14 1.144785438781675e-13 5.327976722192677e-16
3.501900461431709e+01 4.824899787176146e-16 1.528057461628405e-15 4.076554993994587e-15 1.336393998415727e-14 3.511256787184811e-14 9.380016023417761e-14 1.995893258239490e-17
3.934927263095847e+01 4.279851759726696e-16 1.356929904570989e-15 3.630418580906933e-15 1.220882846494387e-14 3.504884335283845e-14 7.332756998824735e-14 2.623167023944835e-18
4.421499907374487e+01 3.800195817673435e-16 1.207809105619589e-15 3.276347671465891e-15 1.132486149360561e-14 3.711997022187569e-14 5.192082380718467e-14 3.550392017066538e-23
4.968239594734385e+01 3.367495434898732e-16 1.076281090648281e-15 2.953954792813170e-15 1.080173688365770e-14 3.827307070582005e-14 2.954227641236767e-14 0.000000000000000e+00
5.582586268862695e+01 3.002706041942171e-16 9.617953125935047e-16 2.690249297987909e-15 1.074268876698335e-14 3.539486029933762e-14 1.386826897499472e-14 0.000000000000000e+00
6.272899858196244e+01 2.667246624056078e-16 8.643133698281349e-16 2.464118445503769e-15 1.056277425059019e-14 2.678970073368626e-14 4.196214540635373e-15 0.000000000000000e+00
7.048574036451899e+01 2.378012698971292e-16 7.774973844679857e-16 2.334660335211828e-15 1.023787765501699e-14 1.690534900297532e-14 8.544300804769929e-16 0.000000000000000e+00
7.920164050192548e+01 2.099537606428854e-16 7.001368015013677e-16 2.151848593189734e-15 8.968254108596634e-15 8.651447899266321e-15 1.064719473650253e-16 0.000000000000000e+00
8.899530352885229e+01 1.862988141552725e-16 6.267352785916790e-16 1.953885210892204e-15 7.087832788060764e-15 3.487404633252620e-15 5.098515453054765e-18 0.000000000000000e+00
9.999999999999994e+01 1.651833145701501e-16 5.547951480408620e-16 1.734134253927316e-15 5.000979460369187e-15 1.233012540553389e-15 1.985094080329168e-18 0.000000000000000e+00
1.123654800138752e+02 1.461797430120711e-16 4.983324040169463e-16 1.474933675600139e-15 3.125901238648520e-15 3.820567889129326e-16 0.000000000000000e+00 0.000000000000000e+00
1.262600109874856e+02 1.284970464025546e-16 4.304916888530133e-16 1.202264475224626e-15 1.876557030495159e-15 9.637341706553014e-17 0.000000000000000e+00 0.000000000000000e+00
1.418726674116596e+02 1.122271726304616e-16 3.726046200407936e-16 9.556260569891704e-16 1.031344661806166e-15 2.346217813001108e-17 0.000000000000000e+00 0.000000000000000e+00
1.594159037456000e+02 9.717030998689994e-17 3.193519476204383e-16 7.216405073826346e-16 5.657979153385717e-16 4.653464115554937e-18 0.000000000000000e+00 0.000000000000000e+00
1.791284454622004e+02 8.485170162915132e-17 2.666398643970627e-16 5.427988889304972e-16 3.068266074425356e-16 9.319096032708134e-19 0.000000000000000e+00 0.000000000000000e+00
2.012785375849940e+02 7.322926109530409e-17 2.206831852234126e-16 3.966183332922813e-16 1.630326777579005e-16 1.541294180802309e-19 0.000000000000000e+00 0.000000000000000e+00
2.261675949222864e+02 6.311793663091377e-17 1.778158470149480e-16 2.805980022211467e-16 9.066682713368474e-17 1.038145570648376e-19 0.000000000000000e+00 0.000000000000000e+00
2.541343036702636e+02 5.245208575881011e-17 1.463338558639753e-16 2.011788216092870e-16 4.915349103882046e-17 3.937455518856862e-20 0.000000000000000e+00 0.000000000000000e+00
2.855592301990109e+02 4.461149989495128e-17 1.181095822964315e-16 1.416353826909030e-16 2.869337594877980e-17 1.360532936431784e-21 0.000000000000000e+00 0.000000000000000e+00
3.208699997370450e+02 3.784759201916798e-17 9.365072445921573e-17 1.032896544235589e-16 1.769997930788677e-17 5.075228577095988e-22 0.000000000000000e+00 0.000000000000000e+00
3.605471154250506e+02 3.186409179936209e-17 7.517099102380785e-17 7.224051462507174e-17 1.051659807445232e-17 2.969241050032133e-22 0.000000000000000e+00 0.000000000000000e+00
4.051304969235382e+02 2.615895334092388e-17 5.861817294437294e-17 5.165125370981701e-17 6.410263749706954e-18 9.958972521804925e-22 0.000000000000000e+00 0.000000000000000e+00
4.552268275507309e+02 2.150693553428778e-17 4.703799915708541e-17 3.692300795831007e-17 4.041844011471411e-18 4.685596358761290e-23 0.000000000000000e+00 0.000000000000000e+00
5.115178099293145e+02 1.784998751483575e-17 3.654414695280282e-17 2.824978285478953e-17 2.451129037106712e-18 8.154707296476549e-22 0.000000000000000e+00 0.000000000000000e+00
5.747694424835353e+02 1.466045679489111e-17 2.950594002273100e-17 2.007594129416140e-17 1.660787020963848e-18 1.915912243962883e-24 0.000000000000000e+00 0.000000000000000e+00
6.458424430196978e+02 1.197187484520552e-17 2.273072215984739e-17 1.513594768390326e-17 1.072071467713314e-18 1.060304302165953e-23 0.000000000000000e+00 0.000000000000000e+00
7.257039612324216e+02 9.626210083825058e-18 1.762773976941979e-17 1.129654348196692e-17 1.024682001801116e-18 7.228780363413677e-22 0.000000000000000e+00 0.000000000000000e+00
8.154407395185161e+02 7.643725812576574e-18 1.404999971555464e-17 8.245319521733364e-18 7.679685376960325e-19 0.000000000000000e+00 0.000000000000000e+00 0.000000000000000e+00
9.162739011886741e+02 6.216163215545037e-18 1.107830405182936e-17 6.072529590735269e-18 5.831749183411651e-19 0.000000000000000e+00 0.000000000000000e+00 0.000000000000000e+00
1.029575567312513e+03 4.895193115809807e-18 8.530371292583936e-18 4.791912226634254e-18 3.530372146674362e-19 0.000000000000000e+00 0.000000000000000e+00 0.000000000000000e+00
1.156887528316282e+03 3.773420783625672e-18 6.497899567897190e-18 3.428428338728370e-18 2.789056068388368e-19 0.000000000000000e+00 0.000000000000000e+00 0.000000000000000e+00
1.299942224413246e+03 2.940578349319102e-18 5.024664860034763e-18 2.600893422088343e-18 1.683793108435683e-19 0.000000000000000e+00 0.000000000000000e+00 0.000000000000000e+00
1.460686320364989e+03 2.214694221102700e-18 3.695327459283442e-18 2.037513346669645e-18 1.373421442008987e-19 0.000000000000000e+00 0.000000000000000e+00 0.000000000000000e+00
1.641307195375130e+03 1.664228317337802e-18 2.718619500617863e-18 1.359071766588436e-18 9.648965982843731e-20 1.184053975648715e-22 0.000000000000000e+00 0.000000000000000e+00
1.844262708585535e+03 1.213977098306626e-18 1.984688021412400e-18 1.037816390728428e-18 5.987685471771759e-20 0.000000000000000e+00 0.000000000000000e+00 0.000000000000000e+00
2.072314645219029e+03 8.880586201925425e-19 1.416585748988970e-18 7.620270804605117e-19 6.453113103977573e-20 0.000000000000000e+00 0.000000000000000e+00 0.000000000000000e+00
2.328566298498196e+03 6.112238243289608e-19 1.001196118991443e-18 4.863940879791325e-19 4.133743409443663e-20 0.000000000000000e+00 0.000000000000000e+00 0.000000000000000e+00
2.616504698748821e+03 4.150372454440370e-19 6.782034536963477e-19 3.258114835021864e-19 2.073641176884100e-20 0.000000000000000e+00 0.000000000000000e+00 0.000000000000000e+00
2.940048064334710e+03 2.735725502069724e-19 4.343558170425393e-19 2.079782181892617e-19 1.909644190328669e-20 0.000000000000000e+00 0.000000000000000e+00 0.000000000000000e+00
3.303599120128340e+03 1.695707947826760e-19 2.819482014564101e-19 1.383259314862247e-19 8.490846402383746e-21 0.000000000000000e+00 0.000000000000000e+00 0.000000000000000e+00
3.712105009066361e+03 1.046387029466196e-19 1.657906904373582e-19 9.205242655255049e-20 6.837923713000025e-21 0.000000000000000e+00 0.000000000000000e+00 0.000000000000000e+00
4.171124612056520e+03 6.049074778820785e-20 9.950729239306910e-20 4.930754851195147e-20 3.869694125717864e-21 0.000000000000000e+00 0.000000000000000e+00 0.000000000000000e+00
4.686904192314192e+03 3.342085325158676e-20 5.463750287601171e-20 2.682983568516460e-20 1.865835669090964e-21 0.000000000000000e+00 0.000000000000000e+00 0.000000000000000e+00
5.266462393484281e+03 1.705911152266653e-20 2.829016641831820e-20 1.444623871889056e-20 5.787364173748186e-22 0.000000000000000e+00 0.000000000000000e+00 0.000000000000000e+00
5.917685748188825e+03 8.414863871951117e-21 1.356445558802736e-20 7.015419910650577e-21 2.837813411576448e-22 0.000000000000000e+00 0.000000000000000e+00 0.000000000000000e+00
6.649435996665045e+03 3.762072277230079e-21 6.271992038930451e-21 3.321964167612050e-21 1.352444194602285e-22 0.000000000000000e+00 0.000000000000000e+00 0.000000000000000e+00
7.471670675868082e+03 1.536224959401057e-21 2.580976990542395e-21 1.256467496525570e-21 6.546137500518662e-23 0.000000000000000e+00 0.000000000000000e+00 0.000000000000000e+00
8.395578619995113e+03 5.754274442094038e-22 1.186815358697107e-21 2.226602022251409e-22 2.549350536077393e-23 0.000000000000000e+00 0.000000000000000e+00 0.000000000000000e+00
9.433732216299773e+03 2.583360421701382e-22 2.268453585848225e-22 7.102559013545890e-23 6.232267372232837e-24 0.000000000000000e+00 0.000000000000000e+00 0.000000000000000e+00
