1.060025848806882e+00 2.899345039353501e-13 2.169459903630582e-12 1.002960606752343e-11 1.175128155786481e-11 3.411318185468391e-12 1.099136467768645e-12 3.189677701125608e-13
1.191103133283007e+00 2.488018248700629e-13 1.867764237478048e-12 8.614286117448960e-12 1.022622335218961e-11 3.258812559685831e-12 1.115452512205301e-12 5.679005842563644e-13
1.338388753173757e+00 2.133986116208945e-13 1.602037675770518e-12 7.400777385983936e-12 9.216981902749771e-12 2.624470796934024e-12 8.244481345814621e-13 3.263581912364452e-13
1.503886946955410e+00 1.840036161530633e-13 1.399650497465225e-12 6.500321809844183e-12 7.493049967713701e-12 2.587142906564271e-12 8.791948775693575e-13 3.651384482196539e-13
1.689849786812457e+00 1.555316976405046e-13 1.153591500727417e-12 5.120202402108149e-12 5.742576801589677e-12 1.983153547297030e-12 7.776702167452846e-13 3.819578019422112e-13
1.898807824465263e+00 1.335299826488255e-13 9.947137243226661e-13 4.454053861951093e-12 4.979056361394841e-12 2.026396443054255e-12 8.183974729293809e-13 2.616203039625039e-13
2.133604526501411e+00 1.137072893637307e-13 8.366828542077634e-13 3.612026179211534e-12 4.071440166256478e-12 1.762891755281574e-12 5.885198206666108e-13 3.244031927473477e-13
2.397434967801077e+00 9.695373186684204e-14 7.049470263346306e-13 2.887601529372384e-12 2.916847646406378e-12 1.384581021414373e-12 5.754165522571306e-13 2.442804344180368e-13
2.693889309590172e+00 8.385345886191153e-14 6.215873857142523e-13 2.594264246972894e-12 2.466006079728237e-12 1.314444543293614e-12 5.497210119799052e-13 2.362552710151086e-13
3.027001653763462e+00 7.042080020618488e-14 5.001864626287086e-13 1.879828820069290e-12 1.792864793963391e-12 1.105048143332559e-12 5.446115461054339e-13 2.462387214701500e-13
3.401304938279252e+00 6.063651475765796e-14 4.361349578638361e-13 1.664802846729576e-12 1.594081748215520e-12 1.072337018498821e-12 4.985322658353689e-13 2.072193491545607e-13
3.821892620633119e+00 5.126140879804403e-14 3.579986608755816e-13 1.235594174792643e-12 1.063653586462174e-12 6.973977750761550e-13 3.523169572892749e-13 1.828065006282107e-13
4.294487988789275e+00 4.309280010390184e-14 2.902373724503990e-13 9.732962572931270e-13 9.755181342350917e-13 8.564957157926529e-13 4.198319925514198e-13 1.831103549987456e-13
4.825522042741277e+00 3.650223853142739e-14 2.415442281534327e-13 7.653784124446516e-13 7.421992332589251e-13 5.177316236742412e-13 3.056084243255924e-13 1.469586271929483e-13
5.422221006501588e+00 2.987395912186801e-14 1.896777415461089e-13 5.717122904652394e-13 6.102764841386878e-13 5.212836552400179e-13 3.038238595360562e-13 1.583670557771797e-13
6.092704661368677e+00 2.133107087576926e-14 1.370985773848452e-13 4.267623669811953e-13 4.825135113497259e-13 5.109173793539648e-13 3.397349513292366e-13 1.358010460860351e-13
6.846096838574658e+00 1.554623014839567e-14 1.009506812936209e-13 3.462093545866320e-13 4.026363616521748e-13 3.444253451883148e-13 2.449650571268759e-13 1.169328028090043e-13
7.692649574879142e+00 1.138195824090446e-14 7.258152035575525e-14 2.561078597241770e-13 3.381502165608910e-13 3.328594128733333e-13 2.570742863199178e-13 1.092126411092837e-13
8.643882620598268e+00 8.541551824369184e-15 5.480628680149112e-14 2.061460399747388e-13 2.763420092563403e-13 2.746534276207603e-13 2.165980547202561e-13 9.738242281038883e-14
9.712740198471170e+00 6.433303899476663e-15 4.066265055678316e-14 1.583882753537890e-13 2.185017388967359e-13 2.147320657855764e-13 1.934523279978283e-13 9.030999493060512e-14
1.091376714651273e+01 4.917424966315741e-15 3.066996690694051e-14 1.209808443086478e-13 1.804839082457507e-13 1.965913748191701e-13 1.887834476073504e-13 8.262928082580283e-14
1.226330684177563e+01 3.838984389917415e-15 2.372986528908320e-14 9.416133288776888e-14 1.461297004371782e-13 1.770514317760446e-13 1.699254028261361e-13 7.620588567755198e-14
1.377972359833557e+01 3.046482255031892e-15 1.824080331459489e-14 7.013426679575698e-14 1.146998698811183e-13 1.402308214553526e-13 1.472720090968781e-13 6.390595848413745e-14
1.548365256585498e+01 2.453578371615331e-15 1.399858482084508e-14 4.965518040158562e-14 8.416892967121247e-14 1.136978785130162e-13 1.363799105468212e-13 5.208525443421685e-14
1.739828052930364e+01 2.010224233938729e-15 1.089566430698346e-14 3.681488960940431e-14 6.057072796599644e-14 9.560914901300275e-14 1.337767382185805e-13 4.371745705316961e-14
1.954966143091260e+01 1.680697572184541e-15 8.390955885974892e-15 2.598046140222543e-14 4.239076964984034e-14 8.032475254490208e-14 1.270009506432455e-13 3.167585765641234e-14
2.196707090793234e+01 1.410534576227520e-15 6.423495551770154e-15 1.749810369623092e-14 2.994469242994008e-14 6.792857928892892e-14 1.216315005142711e-13 1.878917025314346e-14
2.468340467068649e+01 1.201682016612113e-15 4.970136549498380e-15 1.184125356994183e-14 2.408179859125633e-14 5.782707753008822e-14 1.156382670811943e-13 8.424561314838153e-15
2.773562614198413e+01 1.025552677160411e-15 3.813613345366533e-15 7.916816700853053e-15 1.933886196499801e-14 4.962845118106442e-14 1.055852557837453e-13 2.249577356950111e-15
3.116526944929430e+01 9.020736158997249e-16 2.917859530161371e-15 5.700322997458564e-15 1.554337290079596e-14 4.347867030404417e-14 9.080794260104461e-14 3.362775087621362e-16
3.501900461431709e+01 7.618197529361356e-16 2.239400396721615e-15 4.405287507585964e-15 1.346463317513068e-14 3.923950217627300e-14 7.705635977309873e-14 2.622456723897428e-17
3.934927263095847e+01 6.372898166838551e-16 1.738216752738330e-15 3.682475848629205e-15 1.198731796954423e-14 3.685413671848356e-14 5.976356378066844e-14 1.293259716941515e-20
4.421499907374487e+01 5.258356304752879e-16 1.379992143490282e-15 3.173135944619026e-15 1.093086313670725e-14 3.614928510628457e-14 4.146284321683406e-14 0.000000000000000e+00
4.968239594734385e+01 4.308275195849233e-16 1.115309076128649e-15 2.834177256095537e-15 1.021617661705185e-14 3.535528952150226e-14 2.406542221631174e-14 0.000000000000000e+00
5.582586268862695e+01 3.508514882436372e-16 9.413672640716636e-16 2.556359537732385e-15 9.799578205190091e-15 3.092901248936497e-14 1.050628997992247e-14 0.000000000000000e+00
6.272899858196244e+01 2.871254607298871e-16 8.003795038664317e-16 2.329987220373923e-15 9.516298910638090e-15 2.299481567980021e-14 3.400583240070270e-15 0.000000000000000e+00
7.048574036451899e+01 2.365427014082699e-16 6.931944036115979e-16 2.120865148355820e-15 8.819963154456230e-15 1.393203651834977e-14 6.752469927539525e-16 0.000000000000000e+00
7.920164050192548e+01 2.232262194656136e-16 5.980843632982824e-16 1.925503722361795e-15 7.591389032492945e-15 6.845966501123901e-15 7.679956578036436e-17 0.000000000000000e+00
8.899530352885229e+01 1.930306509270748e-16 5.222106150370128e-16 1.730367966966909e-15 5.845118881492433e-15 2.756292912083406e-15 6.505170838529874e-18 0.000000000000000e+00
9.999999999999994e+01 1.415407897460496e-16 4.617443034966022e-16 1.499390856883804e-15 4.010789834672249e-15 9.215537674103837e-16 1.425181336619024e-19 0.000000000000000e+00
1.123654800138752e+02 1.206212812844082e-16 4.003388904440754e-16 1.249556474577039e-15 2.468088338154421e-15 2.700431035104626e-16 5.958516608239451e-22 0.000000000000000e+00
1.262600109874856e+02 1.060816866329036e-16 3.462365641567471e-16 9.936172830513267e-16 1.388498534326928e-15 6.556260869702706e-17 0.000000000000000e+00 0.000000000000000e+00
1.418726674116596e+02 9.286827202372731e-17 2.976517920600608e-16 7.566581739119163e-16 7.447549966516943e-16 1.294534538435504e-17 0.000000000000000e+00 0.000000000000000e+00
1.594159037456000e+02 8.079069786982665e-17 2.564265191174902e-16 5.628401657367823e-16 3.901984380125450e-16 2.554185973548343e-18 0.000000000000000e+00 0.000000000000000e+00
1.791284454622004e+02 7.158012034887643e-17 2.131977729544292e-16 4.041317355477132e-16 2.007719776187663e-16 5.901470365364695e-19 0.000000000000000e+00 0.000000000000000e+00
2.012785375849940e+02 6.309776220206589e-17 1.796179169177329e-16 2.865495701480171e-16 1.041262260312280e-16 1.893304782175097e-19 0.000000000000000e+00 0.000000000000000e+00
2.261675949222864e+02 5.409904573673099e-17 1.473861713598868e-16 1.978725183292768e-16 5.519815025109335e-17 3.167825703159135e-20 0.000000000000000e+00 0.000000000000000e+00
2.541343036702636e+02 4.682373370058628e-17 1.194793370132132e-16 1.383370556439650e-16 2.966587440375553e-17 4.846219275827344e-21 0.000000000000000e+00 0.000000000000000e+00
2.855592301990109e+02 4.020982318467587e-17 9.549040926884017e-17 9.491083082353760e-17 1.558183566272557e-17 4.435311294679782e-22 0.000000000000000e+00 0.000000000000000e+00
3.208699997370450e+02 3.484038347172653e-17 7.596525516791301e-17 6.577482455924096e-17 8.577131521616334e-18 2.444481769273046e-21 0.000000000000000e+00 0.000000000000000e+00
3.605471154250506e+02 2.946377384085112e-17 5.999581337434328e-17 4.477467412313178e-17 4.997865352743197e-18 0.000000000000000e+00 0.000000000000000e+00 0.000000000000000e+00
4.051304969235382e+02 2.507852074642467e-17 4.655741038175271e-17 3.016712719663846e-17 2.854049189391861e-18 0.000000000000000e+00 0.000000000000000e+00 0.000000000000000e+00
4.552268275507309e+02 2.108827839380639e-17 3.633126832792619e-17 2.092991828537916e-17 1.639155760860379e-18 6.005201584030380e-23 0.000000000000000e+00 0.000000000000000e+00
5.115178099293145e+02 1.757013408926366e-17 2.763766823847071e-17 1.420992641410903e-17 9.754044338882466e-19 0.000000000000000e+00 0.000000000000000e+00 0.000000000000000e+00
5.747694424835353e+02 1.453343344697862e-17 2.098842090617527e-17 9.859960151457278e-18 6.369107605059866e-19 0.000000000000000e+00 0.000000000000000e+00 0.000000000000000e+00
6.458424430196978e+02 1.229023042310884e-17 1.625581578909245e-17 6.956235377246480e-18 4.379674994799568e-19 0.000000000000000e+00 0.000000000000000e+00 0.000000000000000e+00
7.257039612324216e+02 9.948676963882047e-18 1.196159907968637e-17 4.735364578165538e-18 2.518476363237530e-19 0.000000000000000e+00 0.000000000000000e+00 0.000000000000000e+00
8.154407395185161e+02 8.143498344671967e-18 8.997834870075296e-18 3.391544331828566e-18 1.713254589498430e-19 0.000000000000000e+00 0.000000000000000e+00 0.000000000000000e+00
9.162739011886741e+02 6.659413092912374e-18 6.993603193132234e-18 2.350904980378797e-18 1.161327278883480e-19 0.000000000000000e+00 0.000000000000000e+00 0.000000000000000e+00
1.029575567312513e+03 5.355145620277798e-18 5.272272947039670e-18 1.610523454712308e-18 6.016093228728352e-20 0.000000000000000e+00 0.000000000000000e+00 0.000000000000000e+00
1.156887528316282e+03 4.311355260653665e-18 3.874978068319136e-18 1.103388238345278e-18 4.660885691424203e-20 0.000000000000000e+00 0.000000000000000e+00 0.000000000000000e+00
1.299942224413246e+03 3.518757958390384e-18 2.919632498704357e-18 7.451270625366539e-19 3.217568732902330e-20 0.000000000000000e+00 0.000000000000000e+00 0.000000000000000e+00
1.460686320364989e+03 2.763781717853366e-18 2.162479684338530e-18 5.127837580685677e-19 1.647726398155710e-20 0.000000000000000e+00 0.000000000000000e+00 0.000000000000000e+00
1.641307195375130e+03 2.243892714515317e-18 1.674235442355582e-18 3.290631945975913e-19 1.316683757102876e-20 0.000000000000000e+00 0.000000000000000e+00 0.000000000000000e+00
1.844262708585535e+03 1.741598135927206e-18 1.232744876581925e-18 2.121641823225254e-19 7.553283043226770e-21 0.000000000000000e+00 0.000000000000000e+00 0.000000000000000e+00
2.072314645219029e+03 1.395620289720820e-18 9.581189520295543e-19 1.413029106291945e-19 3.926274093085194e-21 0.000000000000000e+00 0.000000000000000e+00 0.000000000000000e+00
2.328566298498196e+03 1.070485604156386e-18 7.085079989416308e-19 9.528890375490853e-20 1.966123478663787e-21 0.000000000000000e+00 0.000000000000000e+00 0.000000000000000e+00
2.616504698748821e+03 8.047941140168049e-19 5.250349417199493e-19 5.717538051902089e-20 6.812692736798251e-22 0.000000000000000e+00 0.000000000000000e+00 0.000000000000000e+00
2.940048064334710e+03 6.195405116470059e-19 3.778145816238961e-19 3.034675702759934e-20 4.917245842872203e-22 0.000000000000000e+00 0.000000000000000e+00 0.000000000000000e+00
3.303599120128340e+03 4.555139745311201e-19 2.915706085940933e-19 2.042697193199745e-20 0.000000000000000e+00 0.000000000000000e+00 0.000000000000000e+00 0.000000000000000e+00
3.712105009066361e+03 3.355370510660469e-19 2.035115261648541e-19 1.520867689895365e-20 0.000000000000000e+00 0.000000000000000e+00 0.000000000000000e+00 0.000000000000000e+00
4.171124612056520e+03 2.322185950090195e-19 1.483897385043062e-19 1.099252408433627e-20 0.000000000000000e+00 0.000000000000000e+00 0.000000000000000e+00 0.000000000000000e+00
4.686904192314192e+03 1.665498687259634e-19 1.001157347184155e-19 7.548119035521715e-21 0.000000000000000e+00 0.000000000000000e+00 0.000000000000000e+00 0.000000000000000e+00
5.266462393484281e+03 1.131940876011290e-19 6.976491717392381e-20 5.466592996650609e-21 0.000000000000000e+00 0.000000000000000e+00 0.000000000000000e+00 0.000000000000000e+00
5.917685748188825e+03 7.228563054858277e-20 4.166699339342069e-20 1.787827696868127e-21 0.000000000000000e+00 0.000000000000000e+00 0.000000000000000e+00 0.000000000000000e+00
6.649435996665045e+03 4.659007471887161e-20 2.626615134800616e-20 1.408092040547821e-21 0.000000000000000e+00 0.000000000000000e+00 0.000000000000000e+00 0.000000000000000e+00
7.471670675868082e+03 2.760361347586269e-20 1.636803638061086e-20 8.630287719098275e-22 0.000000000000000e+00 0.000000000000000e+00 0.000000000000000e+00 0.000000000000000e+00
8.395578619995113e+03 1.410181533525694e-20 8.128998295190497e-21 9.205301982970711e-23 0.000000000000000e+00 0.000000000000000e+00 0.000000000000000e+00 0.000000000000000e+00
9.433732216299773e+03 1.227455249115602e-20 3.182932218753368e-21 6.297811448237750e-23 0.000000000000000e+00 0.000000000000000e+00 0.000000000000000e+00 0.000000000000000e+00
