-1.000000000000000e+00 4.753282387186976e-08
-9.805000000000000e-01 4.768098443388520e-08
-9.610000000000000e-01 4.783007766418405e-08
-9.415000000000000e-01 4.798011246123621e-08
-9.219999999999999e-01 4.813109783768580e-08
-9.025000000000000e-01 4.828304292219378e-08
-8.830000000000000e-01 4.843595696131675e-08
-8.634999999999999e-01 4.858984932142223e-08
-8.440000000000000e-01 4.874472949064211e-08
-8.245000000000000e-01 4.890060708086467e-08
-8.050000000000000e-01 4.905749182976580e-08
-7.855000000000000e-01 4.921539360288140e-08
-7.660000000000000e-01 4.937432239572051e-08
-7.464999999999997e-01 4.953428833592150e-08
-7.270000000000000e-01 4.969530168545144e-08
-7.075000000000001e-01 4.985737284285015e-08
-6.879999999999998e-01 5.002051234551983e-08
-6.685000000000001e-01 5.018473087206152e-08
-6.490000000000000e-01 5.035003924465935e-08
-6.295000000000002e-01 5.051644843151400e-08
-6.100000000000001e-01 5.068396954932640e-08
-5.904999999999999e-01 5.085261386583311e-08
-5.709999999999998e-01 5.102239280239437e-08
-5.515000000000001e-01 5.119331793663654e-08
-5.320000000000001e-01 5.136540100515002e-08
-5.125000000000001e-01 5.153865390624412e-08
-4.930000000000001e-01 5.171308870276046e-08
-4.735000000000001e-01 5.188871762494635e-08
-4.540000000000000e-01 5.206555307338941e-08
-4.345000000000002e-01 5.224360762201567e-08
-4.150000000000000e-01 5.242289402115227e-08
-3.955000000000000e-01 5.260342520065629e-08
-3.759999999999999e-01 5.278521427311234e-08
-3.564999999999999e-01 5.296827453709986e-08
-3.370000000000000e-01 5.315261948053213e-08
-3.174999999999999e-01 5.333826278406962e-08
-2.979999999999999e-01 5.352521832460859e-08
-2.785000000000000e-01 5.371350017884786e-08
-2.589999999999999e-01 5.390312262693559e-08
-2.394999999999999e-01 5.409410015619810e-08
-2.199999999999999e-01 5.428644746495314e-08
-2.004999999999999e-01 5.448017946641019e-08
-1.809999999999999e-01 5.467531129265958e-08
-1.615000000000001e-01 5.487185829875377e-08
-1.420000000000001e-01 5.506983606688253e-08
-1.225000000000000e-01 5.526926041064552e-08
-1.029999999999999e-01 5.547014737942417e-08
-8.349999999999999e-02 5.567251326285652e-08
-6.400000000000007e-02 5.587637459541756e-08
-4.449999999999989e-02 5.608174816110807e-08
-2.500000000000004e-02 5.628865099825548e-08
-5.499999999999857e-03 5.649710040442970e-08
1.400000000000017e-02 5.670711394147758e-08
3.349999999999984e-02 5.691870944067931e-08
5.299999999999994e-02 5.713190500803033e-08
7.250000000000016e-02 5.734671902965326e-08
9.200000000000018e-02 5.756317017734261e-08
1.114999999999999e-01 5.778127741424724e-08
1.310000000000002e-01 5.800106000069449e-08
1.505000000000001e-01 5.822253750016029e-08
1.700000000000000e-01 5.844572978538984e-08
1.895000000000001e-01 5.867065704467343e-08
2.090000000000000e-01 5.889733978828280e-08
2.285000000000000e-01 5.912579885507207e-08
2.480000000000000e-01 5.935605541924979e-08
2.675000000000001e-01 5.958813099732642e-08
2.869999999999999e-01 5.982002113867741e-08
3.065000000000000e-01 6.005576029610526e-08
3.260000000000000e-01 6.029338594942516e-08
3.454999999999999e-01 6.053292115185191e-08
3.650000000000002e-01 6.077438934040244e-08
3.844999999999998e-01 6.101781434410316e-08
4.040000000000002e-01 6.126322039241503e-08
4.234999999999999e-01 6.151063212388369e-08
4.429999999999998e-01 6.176007459502215e-08
4.625000000000000e-01 6.201157328943276e-08
4.819999999999999e-01 6.226515412717757e-08
5.014999999999999e-01 6.252084347440429e-08
5.209999999999999e-01 6.277866815323679e-08
5.404999999999998e-01 6.303865545193895e-08
5.600000000000001e-01 6.330083313536081e-08
5.794999999999999e-01 6.356522945567723e-08
5.990000000000000e-01 6.383187316342811e-08
6.185000000000000e-01 6.410079351887130e-08
6.379999999999999e-01 6.437202030365873e-08
6.575000000000000e-01 6.464558383284673e-08
6.769999999999998e-01 6.492151496725294e-08
6.965000000000001e-01 6.519984512617107e-08
7.160000000000000e-01 6.548060630045715e-08
7.354999999999998e-01 6.576383106599971e-08
7.549999999999999e-01 6.604955259758867e-08
7.745000000000000e-01 6.633780468319617e-08
7.940000000000000e-01 6.662862173868554e-08
8.134999999999999e-01 6.692203882296337e-08
8.329999999999997e-01 6.721809165359164e-08
8.525000000000000e-01 6.751681662287623e-08
8.719999999999999e-01 6.781825081445096e-08
8.915000000000000e-01 6.812243202037487e-08
9.110000000000000e-01 6.842939875876269e-08
9.304999999999999e-01 6.873919029196917e-08
9.500000000000000e-01 6.905184664534866e-08
9.504999999999999e-01 6.905990150573711e-08
9.510000000000000e-01 6.906795827711693e-08
9.514999999999999e-01 6.907601696018319e-08
9.520000000000000e-01 6.908407755563148e-08
9.524999999999999e-01 6.909214006415753e-08
9.530000000000000e-01 6.910020448645754e-08
9.534999999999999e-01 6.910827082322808e-08
9.540000000000000e-01 6.911633907516598e-08
9.544999999999999e-01 6.912440924296847e-08
9.550000000000000e-01 6.913248132733309e-08
9.554999999999999e-01 6.914055532895783e-08
9.560000000000000e-01 6.914863124854090e-08
9.564999999999999e-01 6.915670908678095e-08
9.570000000000000e-01 6.916478884437691e-08
9.574999999999999e-01 6.917287052202812e-08
9.580000000000000e-01 6.918095412043428e-08
9.584999999999999e-01 6.918903964029535e-08
9.590000000000000e-01 6.919712708231164e-08
9.594999999999999e-01 6.920521644718402e-08
9.600000000000000e-01 6.921330773561345e-08
9.604999999999999e-01 6.922140094830140e-08
9.610000000000000e-01 6.922949608594961e-08
9.614999999999999e-01 6.923759314926021e-08
9.620000000000000e-01 6.924569213893567e-08
9.624999999999999e-01 6.925379305567882e-08
9.630000000000000e-01 6.926189590019282e-08
9.634999999999999e-01 6.927000067318125e-08
9.640000000000000e-01 6.927810737534794e-08
9.644999999999999e-01 6.928621600739716e-08
9.650000000000000e-01 6.929432657003350e-08
9.654999999999999e-01 6.930243906396184e-08
9.660000000000000e-01 6.931055348988752e-08
9.664999999999999e-01 6.931866984851624e-08
9.670000000000000e-01 6.932678814055392e-08
9.674999999999999e-01 6.933490836670697e-08
9.680000000000000e-01 6.934303052768211e-08
9.684999999999999e-01 6.935115462418636e-08
9.690000000000000e-01 6.935928065692716e-08
9.694999999999999e-01 6.936740862661228e-08
9.700000000000000e-01 6.937553853394989e-08
9.704999999999999e-01 6.938367037964849e-08
9.710000000000000e-01 6.939180416441682e-08
9.714999999999999e-01 6.939993988896420e-08
9.720000000000000e-01 6.940807755400015e-08
9.724999999999999e-01 6.941621716023456e-08
9.730000000000000e-01 6.942435870837771e-08
9.734999999999999e-01 6.943250219914022e-08
9.740000000000000e-01 6.944064763323308e-08
9.744999999999999e-01 6.944879501136764e-08
9.750000000000000e-01 6.945694433425562e-08
9.754999999999999e-01 6.946509560260902e-08
9.760000000000000e-01 6.947324881714034e-08
9.764999999999999e-01 6.948140397856227e-08
9.770000000000000e-01 6.948956108758799e-08
9.774999999999999e-01 6.949772014493100e-08
9.780000000000000e-01 6.950588115130513e-08
9.784999999999999e-01 6.951404410742459e-08
9.790000000000000e-01 6.952220901400398e-08
9.794999999999999e-01 6.953037587175821e-08
9.800000000000000e-01 6.953854468140255e-08
9.804999999999999e-01 6.954671544365266e-08
9.810000000000000e-01 6.955488815922460e-08
9.814999999999999e-01 6.956306282883467e-08
9.820000000000000e-01 6.957123945319967e-08
9.824999999999999e-01 6.957941803303667e-08
9.830000000000000e-01 6.958759856906310e-08
9.834999999999999e-01 6.959578106199679e-08
9.840000000000000e-01 6.960396551255601e-08
9.844999999999999e-01 6.961215192145913e-08
9.850000000000000e-01 6.962034028942520e-08
9.854999999999999e-01 6.962853061717343e-08
9.860000000000000e-01 6.963672290542346e-08
9.864999999999999e-01 6.964491715489526e-08
9.870000000000000e-01 6.965311336630924e-08
9.874999999999999e-01 6.966131154038608e-08
9.880000000000000e-01 6.966951167784689e-08
9.884999999999999e-01 6.967771377941308e-08
9.890000000000000e-01 6.968591784580651e-08
9.894999999999999e-01 6.969412387774932e-08
9.900000000000000e-01 6.970233187596409e-08
9.904999999999999e-01 6.971054184117374e-08
9.910000000000000e-01 6.971875377410146e-08
9.914999999999999e-01 6.972696767547098e-08
9.920000000000000e-01 6.973518354600624e-08
9.924999999999999e-01 6.974340138643167e-08
9.930000000000000e-01 6.975162119747197e-08
9.934999999999999e-01 6.975984297985223e-08
9.940000000000000e-01 6.976806673429796e-08
9.944999999999999e-01 6.977629246153499e-08
9.950000000000000e-01 6.978452016228952e-08
9.954999999999999e-01 6.979274983728812e-08
9.960000000000000e-01 6.980098148725776e-08
9.964999999999999e-01 6.980921511292569e-08
9.970000000000000e-01 6.981745071501959e-08
9.974999999999999e-01 6.982568829426757e-08
9.980000000000000e-01 6.983392785139801e-08
9.984999999999999e-01 6.984216938713967e-08
9.990000000000000e-01 6.985041290222174e-08
9.994999999999999e-01 6.985865839737370e-08
