-1.000000000000000e+00 2.086408801952788e-06
-9.805000000000000e-01 2.099594541222303e-06
-9.610000000000000e-01 2.113009860228763e-06
-9.415000000000000e-01 2.126743055629198e-06
-9.219999999999999e-01 2.140408400481056e-06
-9.025000000000000e-01 2.154436052725700e-06
-8.830000000000000e-01 2.168799496326115e-06
-8.634999999999999e-01 2.183014646735035e-06
-8.440000000000000e-01 2.197651802238123e-06
-8.245000000000000e-01 2.212534272676612e-06
-8.050000000000000e-01 2.227564753803190e-06
-7.855000000000000e-01 2.242961156584325e-06
-7.660000000000000e-01 2.258393272614774e-06
-7.464999999999997e-01 2.274178885415139e-06
-7.270000000000000e-01 2.290202518122397e-06
-7.075000000000001e-01 2.306538159846586e-06
-6.879999999999998e-01 2.323034213783456e-06
-6.685000000000001e-01 2.339855240457591e-06
-6.490000000000000e-01 2.356948293752961e-06
-6.295000000000002e-01 2.374347996427173e-06
-6.100000000000001e-01 2.392001127722467e-06
-5.904999999999999e-01 2.409972725841655e-06
-5.709999999999998e-01 2.428250114772115e-06
-5.515000000000001e-01 2.446844542502786e-06
-5.320000000000001e-01 2.465855097380755e-06
-5.125000000000001e-01 2.485032662688875e-06
-4.930000000000001e-01 2.504639670421353e-06
-4.735000000000001e-01 2.524605256204547e-06
-4.540000000000000e-01 2.544938535654574e-06
-4.345000000000002e-01 2.565656235201842e-06
-4.150000000000000e-01 2.586884469319101e-06
-3.955000000000000e-01 2.608330599292909e-06
-3.759999999999999e-01 2.630314368999692e-06
-3.564999999999999e-01 2.652552184441066e-06
-3.370000000000000e-01 2.675348691443911e-06
-3.174999999999999e-01 2.698607188676602e-06
-2.979999999999999e-01 2.722338363491248e-06
-2.785000000000000e-01 2.746571869084863e-06
-2.589999999999999e-01 2.771277481462873e-06
-2.394999999999999e-01 2.796525602291713e-06
-2.199999999999999e-01 2.822325773803846e-06
-2.004999999999999e-01 2.848700341201630e-06
-1.809999999999999e-01 2.875639217376587e-06
-1.615000000000001e-01 2.903283541329392e-06
-1.420000000000001e-01 2.931364411204624e-06
-1.225000000000000e-01 2.960863210865481e-06
-1.029999999999999e-01 2.989848419177922e-06
-8.349999999999999e-02 3.019898838068076e-06
-6.400000000000007e-02 3.051606979601631e-06
-4.449999999999989e-02 3.083436281399157e-06
-2.500000000000004e-02 3.115855003517483e-06
-5.499999999999857e-03 3.149223935627144e-06
1.400000000000017e-02 3.183447525265997e-06
3.349999999999984e-02 3.218571071038137e-06
5.299999999999994e-02 3.254639363101343e-06
7.250000000000016e-02 3.291705261022928e-06
9.200000000000018e-02 3.329803924379330e-06
1.114999999999999e-01 3.368983824999243e-06
1.310000000000002e-01 3.409361373058414e-06
1.505000000000001e-01 3.450877417084922e-06
1.700000000000000e-01 3.493666348283901e-06
1.895000000000001e-01 3.537768521947795e-06
2.090000000000000e-01 3.583272902873520e-06
2.285000000000000e-01 3.630248100828426e-06
2.480000000000000e-01 3.678772189439583e-06
2.675000000000001e-01 3.728893021894947e-06
2.869999999999999e-01 3.780867212881462e-06
3.065000000000000e-01 3.834615876237317e-06
3.260000000000000e-01 3.890735472699016e-06
3.454999999999999e-01 3.948171296000577e-06
3.650000000000002e-01 4.008249690472117e-06
3.844999999999998e-01 4.070753248414757e-06
4.040000000000002e-01 4.136732969889890e-06
4.234999999999999e-01 4.203343062219912e-06
4.429999999999998e-01 4.273963182104917e-06
4.625000000000000e-01 4.347634095239403e-06
4.819999999999999e-01 4.424963295217680e-06
5.014999999999999e-01 4.506042168023661e-06
5.209999999999999e-01 4.591155936128755e-06
5.404999999999998e-01 4.680684442606261e-06
5.600000000000001e-01 4.775161182329056e-06
5.794999999999999e-01 4.874849546802910e-06
5.990000000000000e-01 4.980529387429091e-06
6.185000000000000e-01 5.092810403309002e-06
6.379999999999999e-01 5.212311306605121e-06
6.575000000000000e-01 5.341219052069905e-06
6.769999999999998e-01 5.478176791420873e-06
6.965000000000001e-01 5.624900700440892e-06
7.160000000000000e-01 5.784764972392163e-06
7.354999999999998e-01 5.958732173163642e-06
7.549999999999999e-01 6.149229927875396e-06
7.745000000000000e-01 6.359344251922488e-06
7.940000000000000e-01 6.594183322434618e-06
8.134999999999999e-01 6.855823225241826e-06
8.329999999999997e-01 7.155008966242689e-06
8.525000000000000e-01 7.499967767189997e-06
8.719999999999999e-01 7.906584114617819e-06
8.915000000000000e-01 8.398475910565623e-06
9.110000000000000e-01 9.014452745974900e-06
9.304999999999999e-01 9.828232555825649e-06
9.500000000000000e-01 1.099821153322288e-05
9.504999999999999e-01 1.103559734807030e-05
9.510000000000000e-01 1.107352434407249e-05
9.514999999999999e-01 1.111191067571983e-05
9.520000000000000e-01 1.115080871923088e-05
9.524999999999999e-01 1.119021291191122e-05
9.530000000000000e-01 1.123021087740287e-05
9.534999999999999e-01 1.127078176079432e-05
9.540000000000000e-01 1.131182379121858e-05
9.544999999999999e-01 1.135357536412703e-05
9.550000000000000e-01 1.139575089252833e-05
9.554999999999999e-01 1.143862202802961e-05
9.560000000000000e-01 1.148217719273195e-05
9.564999999999999e-01 1.152625873220417e-05
9.570000000000000e-01 1.157109930375020e-05
9.574999999999999e-01 1.161658926783983e-05
9.580000000000000e-01 1.166276831657554e-05
9.584999999999999e-01 1.170986427141611e-05
9.590000000000000e-01 1.175723623690484e-05
9.594999999999999e-01 1.180571723691996e-05
9.600000000000000e-01 1.185487112540771e-05
9.604999999999999e-01 1.190484892914233e-05
9.610000000000000e-01 1.195556722853180e-05
9.614999999999999e-01 1.200716338548800e-05
9.620000000000000e-01 1.205978157738956e-05
9.624999999999999e-01 1.211316001508607e-05
9.630000000000000e-01 1.216758432345639e-05
9.634999999999999e-01 1.222293779820933e-05
9.640000000000000e-01 1.227945259552523e-05
9.644999999999999e-01 1.233661194395580e-05
9.650000000000000e-01 1.239506624273359e-05
9.654999999999999e-01 1.245456686003491e-05
9.660000000000000e-01 1.251526987160001e-05
9.664999999999999e-01 1.257712321379634e-05
9.670000000000000e-01 1.264018661579936e-05
9.674999999999999e-01 1.270492673159944e-05
9.680000000000000e-01 1.277012863142918e-05
9.684999999999999e-01 1.283699494522827e-05
9.690000000000000e-01 1.290556091153440e-05
9.694999999999999e-01 1.297545819682618e-05
9.700000000000000e-01 1.304682649418916e-05
9.704999999999999e-01 1.311981003847781e-05
9.710000000000000e-01 1.319444105185624e-05
9.714999999999999e-01 1.327081475952329e-05
9.720000000000000e-01 1.334893974385567e-05
9.724999999999999e-01 1.342900923320987e-05
9.730000000000000e-01 1.351095862164829e-05
9.734999999999999e-01 1.359487633777669e-05
9.740000000000000e-01 1.368105979091271e-05
9.744999999999999e-01 1.376941023455452e-05
9.750000000000000e-01 1.386000129289753e-05
9.754999999999999e-01 1.395317880890697e-05
9.760000000000000e-01 1.404884393833472e-05
9.764999999999999e-01 1.414687290825163e-05
9.770000000000000e-01 1.424838636458943e-05
9.774999999999999e-01 1.435252839814329e-05
9.780000000000000e-01 1.445994491431571e-05
9.784999999999999e-01 1.457035496291171e-05
9.790000000000000e-01 1.468452831079167e-05
9.794999999999999e-01 1.480228482615349e-05
9.800000000000000e-01 1.492404182923002e-05
9.804999999999999e-01 1.504997530892540e-05
9.810000000000000e-01 1.518028755338909e-05
9.814999999999999e-01 1.531533530524478e-05
9.820000000000000e-01 1.545541387547381e-05
9.824999999999999e-01 1.560079786456239e-05
9.830000000000000e-01 1.575209728588889e-05
9.834999999999999e-01 1.590920789287293e-05
9.840000000000000e-01 1.607313220618369e-05
9.844999999999999e-01 1.624414970888396e-05
9.850000000000000e-01 1.642283396164412e-05
9.854999999999999e-01 1.660986050182571e-05
9.860000000000000e-01 1.680588960801115e-05
9.864999999999999e-01 1.701180936159719e-05
9.870000000000000e-01 1.722853752671698e-05
9.874999999999999e-01 1.745671651309731e-05
9.880000000000000e-01 1.769809933035441e-05
9.884999999999999e-01 1.795339835160969e-05
9.890000000000000e-01 1.822481773660690e-05
9.894999999999999e-01 1.851379246390188e-05
9.900000000000000e-01 1.882245217379288e-05
9.904999999999999e-01 1.915346201594852e-05
9.910000000000000e-01 1.950933550349644e-05
9.914999999999999e-01 1.989452253383853e-05
9.920000000000000e-01 2.031235898600500e-05
9.924999999999999e-01 2.076875444949897e-05
9.930000000000000e-01 2.126983578455108e-05
9.934999999999999e-01 2.182420011056541e-05
9.940000000000000e-01 2.244243867148305e-05
9.944999999999999e-01 2.313878901997991e-05
9.950000000000000e-01 2.393068422235323e-05
9.954999999999999e-01 2.484501599926038e-05
9.960000000000000e-01 2.591745589192851e-05
9.964999999999999e-01 2.720220971161850e-05
9.970000000000000e-01 2.878301548169655e-05
9.974999999999999e-01 3.079957222746711e-05
9.980000000000000e-01 3.350678458698130e-05
9.984999999999999e-01 3.743574773394774e-05
9.990000000000000e-01 4.395864264901478e-05
9.994999999999999e-01 5.869941747410827e-05
