-1.000000000000000e+00 7.144940597303409e-08
-9.805000000000000e-01 7.110656609889315e-08
-9.610000000000000e-01 6.970678162119807e-08
-9.415000000000000e-01 7.308487306145997e-08
-9.219999999999999e-01 7.368660009408169e-08
-9.025000000000000e-01 7.382948462406198e-08
-8.830000000000000e-01 7.341777686296005e-08
-8.634999999999999e-01 7.403449700682145e-08
-8.440000000000000e-01 7.611662042575242e-08
-8.245000000000000e-01 7.573893742558376e-08
-8.050000000000000e-01 7.628167679392974e-08
-7.855000000000000e-01 7.507233637113000e-08
-7.660000000000000e-01 7.738952772094404e-08
-7.464999999999997e-01 7.754743327508738e-08
-7.270000000000000e-01 7.836228481095805e-08
-7.075000000000001e-01 7.733454824183443e-08
-6.879999999999998e-01 7.979078674435675e-08
-6.685000000000001e-01 7.991157574040313e-08
-6.490000000000000e-01 7.994156195345513e-08
-6.295000000000002e-01 8.154865106473108e-08
-6.100000000000001e-01 8.204489254030073e-08
-5.904999999999999e-01 8.358483754149134e-08
-5.709999999999998e-01 8.261918061581861e-08
-5.515000000000001e-01 8.401095268756986e-08
-5.320000000000001e-01 9.669072432054381e-08
-5.125000000000001e-01 8.376431983429689e-08
-4.930000000000001e-01 8.525804153040041e-08
-4.735000000000001e-01 8.784632035988421e-08
-4.540000000000000e-01 8.421084984360574e-08
-4.345000000000002e-01 8.760661047657204e-08
-4.150000000000000e-01 9.054330864266250e-08
-3.955000000000000e-01 9.077933064313442e-08
-3.759999999999999e-01 9.187628556585472e-08
-3.564999999999999e-01 9.265888746302637e-08
-3.370000000000000e-01 9.302149325121726e-08
-3.174999999999999e-01 9.435588742071793e-08
-2.979999999999999e-01 9.574708179076160e-08
-2.785000000000000e-01 9.569468491280690e-08
-2.589999999999999e-01 9.602773255809951e-08
-2.394999999999999e-01 9.632611469729641e-08
-2.199999999999999e-01 9.942770468386010e-08
-2.004999999999999e-01 9.862615708458544e-08
-1.809999999999999e-01 1.015950234038415e-07
-1.615000000000001e-01 1.032632088106974e-07
-1.420000000000001e-01 8.630645795589596e-08
-1.225000000000000e-01 1.063552065395415e-07
-1.029999999999999e-01 1.045453065286833e-07
-8.349999999999999e-02 1.072954550144925e-07
-6.400000000000007e-02 1.119980983937790e-07
-4.449999999999989e-02 1.097069881056972e-07
-2.500000000000004e-02 1.109338798299880e-07
-5.499999999999857e-03 1.098047960066962e-07
1.400000000000017e-02 1.131898135475521e-07
3.349999999999984e-02 1.095174953483818e-07
5.299999999999994e-02 1.165075618410195e-07
7.250000000000016e-02 1.157778932186069e-07
9.200000000000018e-02 1.197021211503351e-07
1.114999999999999e-01 1.186549169928884e-07
1.310000000000002e-01 1.229990916079353e-07
1.505000000000001e-01 1.248459277439094e-07
1.700000000000000e-01 1.266709835145867e-07
1.895000000000001e-01 1.290183692507926e-07
2.090000000000000e-01 1.275377937755724e-07
2.285000000000000e-01 1.325779629487221e-07
2.480000000000000e-01 1.346468568500386e-07
2.675000000000001e-01 1.373791714645092e-07
2.869999999999999e-01 1.389401872385040e-07
3.065000000000000e-01 1.418118680174745e-07
3.260000000000000e-01 1.442835038714316e-07
3.454999999999999e-01 1.468935271990609e-07
3.650000000000002e-01 1.495931321960273e-07
3.844999999999998e-01 1.552786798841543e-07
4.040000000000002e-01 1.553981366077020e-07
4.234999999999999e-01 1.586137443459073e-07
4.429999999999998e-01 1.581880071318299e-07
4.625000000000000e-01 1.647939399417222e-07
4.819999999999999e-01 1.668685626215754e-07
5.014999999999999e-01 1.711810044211520e-07
5.209999999999999e-01 1.680581438321080e-07
5.404999999999998e-01 1.617220691825971e-07
5.600000000000001e-01 1.826086855838807e-07
5.794999999999999e-01 1.874757466035278e-07
5.990000000000000e-01 1.811719346295130e-07
6.185000000000000e-01 2.012025177242046e-07
6.379999999999999e-01 2.075656450779843e-07
6.575000000000000e-01 2.115636599444052e-07
6.769999999999998e-01 2.192074657092054e-07
6.965000000000001e-01 2.294286263289404e-07
7.160000000000000e-01 2.397467189529440e-07
7.354999999999998e-01 2.463383222324575e-07
7.549999999999999e-01 2.594357813264463e-07
7.745000000000000e-01 2.712064037428584e-07
7.940000000000000e-01 2.952216018132460e-07
8.134999999999999e-01 3.087168875175674e-07
8.329999999999997e-01 3.233845970301896e-07
8.525000000000000e-01 3.461454265100585e-07
8.719999999999999e-01 3.680876857118472e-07
8.915000000000000e-01 4.166906783044278e-07
9.110000000000000e-01 4.557884788222259e-07
9.304999999999999e-01 5.191588600250424e-07
9.500000000000000e-01 6.196644152416991e-07
9.504999999999999e-01 6.216786643038808e-07
9.510000000000000e-01 6.274115482978328e-07
9.514999999999999e-01 6.304012384831983e-07
9.520000000000000e-01 6.357328708918737e-07
9.524999999999999e-01 6.368445261908024e-07
9.530000000000000e-01 6.397709693161065e-07
9.534999999999999e-01 6.453454443933227e-07
9.540000000000000e-01 6.473827612015607e-07
9.544999999999999e-01 6.507706177837588e-07
9.550000000000000e-01 6.564429883907721e-07
9.554999999999999e-01 6.592336239596260e-07
9.560000000000000e-01 6.628762518951789e-07
9.564999999999999e-01 6.660538495792661e-07
9.570000000000000e-01 6.711317601044164e-07
9.574999999999999e-01 6.765640679129140e-07
9.580000000000000e-01 6.812726058777149e-07
9.584999999999999e-01 6.848853118460675e-07
9.590000000000000e-01 6.891064427691060e-07
9.594999999999999e-01 6.858975637459294e-07
9.600000000000000e-01 6.990565119026796e-07
9.604999999999999e-01 7.027941064593328e-07
9.610000000000000e-01 7.087031992163010e-07
9.614999999999999e-01 7.121989900824900e-07
9.620000000000000e-01 7.178932456842414e-07
9.624999999999999e-01 7.243933723626510e-07
9.630000000000000e-01 7.280910103026889e-07
9.634999999999999e-01 7.334247305258956e-07
9.640000000000000e-01 7.385715667995968e-07
9.644999999999999e-01 7.450012845948965e-07
9.650000000000000e-01 7.503942199977629e-07
9.654999999999999e-01 7.553201061824787e-07
9.660000000000000e-01 7.610876049408800e-07
9.664999999999999e-01 7.670133187119952e-07
9.670000000000000e-01 7.730027879851059e-07
9.674999999999999e-01 7.792263487708712e-07
9.680000000000000e-01 7.856257675563603e-07
9.684999999999999e-01 7.922778767988092e-07
9.690000000000000e-01 7.988812587518416e-07
9.694999999999999e-01 8.058569696084112e-07
9.700000000000000e-01 8.128832991462632e-07
9.704999999999999e-01 8.201547325596722e-07
9.710000000000000e-01 8.231655382086207e-07
9.714999999999999e-01 8.329770741421225e-07
9.720000000000000e-01 8.382538559984143e-07
9.724999999999999e-01 8.490693844936427e-07
9.730000000000000e-01 8.553231714467210e-07
9.734999999999999e-01 8.656542252394671e-07
9.740000000000000e-01 8.748229607103613e-07
9.744999999999999e-01 8.835159309393680e-07
9.750000000000000e-01 8.928456552471343e-07
9.754999999999999e-01 9.035601049397800e-07
9.760000000000000e-01 9.133941927295982e-07
9.764999999999999e-01 9.258227770695347e-07
9.770000000000000e-01 9.362539074192563e-07
9.774999999999999e-01 9.471045997324556e-07
9.780000000000000e-01 9.581534775679609e-07
9.784999999999999e-01 9.696354447351664e-07
9.790000000000000e-01 9.817051028462318e-07
9.794999999999999e-01 9.940252271452289e-07
9.800000000000000e-01 1.007100087194137e-06
9.804999999999999e-01 1.020441247957909e-06
9.810000000000000e-01 1.034294014952038e-06
9.814999999999999e-01 1.049091963877134e-06
9.820000000000000e-01 1.062164753778463e-06
9.824999999999999e-01 1.077908167930154e-06
9.830000000000000e-01 1.096345087956477e-06
9.834999999999999e-01 1.113544492269792e-06
9.840000000000000e-01 1.132853145873856e-06
9.844999999999999e-01 1.152168923307833e-06
9.850000000000000e-01 1.170754459588513e-06
9.854999999999999e-01 1.191602675065243e-06
9.860000000000000e-01 1.213411011249058e-06
9.864999999999999e-01 1.233595206359191e-06
9.870000000000000e-01 1.259476831492575e-06
9.874999999999999e-01 1.284670103173314e-06
9.880000000000000e-01 1.313260621654790e-06
9.884999999999999e-01 1.342581015306316e-06
9.890000000000000e-01 1.374195379719028e-06
9.894999999999999e-01 1.407331416319251e-06
9.900000000000000e-01 1.441072411895011e-06
9.904999999999999e-01 1.480192530689579e-06
9.910000000000000e-01 1.525150635761294e-06
9.914999999999999e-01 1.570861242330003e-06
9.920000000000000e-01 1.620797028061700e-06
9.924999999999999e-01 1.675064562411488e-06
9.930000000000000e-01 1.735713755394467e-06
9.934999999999999e-01 1.804171507568199e-06
9.940000000000000e-01 1.878850173612317e-06
9.944999999999999e-01 1.966447980466934e-06
9.950000000000000e-01 2.063284090228947e-06
9.954999999999999e-01 2.179741250214232e-06
9.960000000000000e-01 2.316724209503723e-06
9.964999999999999e-01 2.478553963739158e-06
9.970000000000000e-01 2.681349326582152e-06
9.974999999999999e-01 2.942620528788331e-06
9.980000000000000e-01 3.297371389366884e-06
9.984999999999999e-01 3.816677758166246e-06
9.990000000000000e-01 4.687110292092449e-06
9.994999999999999e-01 6.651436318510349e-06
