-1.000000000000000e+00 9.215930142982886e-06
-9.805000000000000e-01 9.263053120972503e-06
-9.610000000000000e-01 9.310702632595607e-06
-9.415000000000000e-01 9.358905641578179e-06
-9.219999999999999e-01 9.407658949980767e-06
-9.025000000000000e-01 9.457010142586533e-06
-8.830000000000000e-01 9.506914619998558e-06
-8.634999999999999e-01 9.557464332659030e-06
-8.440000000000000e-01 9.608601039109289e-06
-8.245000000000000e-01 9.660289610394472e-06
-8.050000000000000e-01 9.712653421116617e-06
-7.855000000000000e-01 9.765646222058997e-06
-7.660000000000000e-01 9.819339605023983e-06
-7.464999999999997e-01 9.873648038085135e-06
-7.270000000000000e-01 9.928653676018711e-06
-7.075000000000001e-01 9.984390947107300e-06
-6.879999999999998e-01 1.004090498667484e-05
-6.685000000000001e-01 1.009804370137804e-05
-6.490000000000000e-01 1.015589107566006e-05
-6.295000000000002e-01 1.021454279514006e-05
-6.100000000000001e-01 1.027399486490935e-05
-5.904999999999999e-01 1.033420162021528e-05
-5.709999999999998e-01 1.039533669548232e-05
-5.515000000000001e-01 1.045724436120026e-05
-5.320000000000001e-01 1.052005923994723e-05
-5.125000000000001e-01 1.058377554951879e-05
-4.930000000000001e-01 1.064830387940105e-05
-4.735000000000001e-01 1.071376385483144e-05
-4.540000000000000e-01 1.078013689849028e-05
-4.345000000000002e-01 1.084800399488911e-05
-4.150000000000000e-01 1.091637291402286e-05
-3.955000000000000e-01 1.098568856675820e-05
-3.759999999999999e-01 1.105612099138962e-05
-3.564999999999999e-01 1.112758807035197e-05
-3.370000000000000e-01 1.119999400037714e-05
-3.174999999999999e-01 1.127361312303623e-05
-2.979999999999999e-01 1.134845585444153e-05
-2.785000000000000e-01 1.142459137477073e-05
-2.589999999999999e-01 1.150182975022553e-05
-2.394999999999999e-01 1.157999612506474e-05
-2.199999999999999e-01 1.166009941067576e-05
-2.004999999999999e-01 1.174113407487827e-05
-1.809999999999999e-01 1.182362828421748e-05
-1.615000000000001e-01 1.190749274142493e-05
-1.420000000000001e-01 1.199272456720305e-05
-1.225000000000000e-01 1.207952457489313e-05
-1.029999999999999e-01 1.216787751315630e-05
-8.349999999999999e-02 1.225777127640430e-05
-6.400000000000007e-02 1.234933684270339e-05
-4.449999999999989e-02 1.244254274492769e-05
-2.500000000000004e-02 1.253754553410652e-05
-5.499999999999857e-03 1.263433298843967e-05
1.400000000000017e-02 1.273299547925746e-05
3.349999999999984e-02 1.283357207249368e-05
5.299999999999994e-02 1.293614708664922e-05
7.250000000000016e-02 1.304079371224660e-05
9.200000000000018e-02 1.314778983335127e-05
1.114999999999999e-01 1.325687317784877e-05
1.310000000000002e-01 1.336824370868095e-05
1.505000000000001e-01 1.348200258427545e-05
1.700000000000000e-01 1.359833800588134e-05
1.895000000000001e-01 1.371717595271718e-05
2.090000000000000e-01 1.383981338794101e-05
2.285000000000000e-01 1.396426268450507e-05
2.480000000000000e-01 1.409169684342573e-05
2.675000000000001e-01 1.422209725375994e-05
2.869999999999999e-01 1.435579313669087e-05
3.065000000000000e-01 1.449283433652503e-05
3.260000000000000e-01 1.463337638010809e-05
3.454999999999999e-01 1.477759219796348e-05
3.650000000000002e-01 1.492612015293989e-05
3.844999999999998e-01 1.507849592849503e-05
4.040000000000002e-01 1.523577403732933e-05
4.234999999999999e-01 1.539757976571767e-05
4.429999999999998e-01 1.556434236304363e-05
4.625000000000000e-01 1.573616119923719e-05
4.819999999999999e-01 1.591326483485489e-05
5.014999999999999e-01 1.609634843301561e-05
5.209999999999999e-01 1.628610909630226e-05
5.404999999999998e-01 1.648196897914758e-05
5.600000000000001e-01 1.668542221286120e-05
5.794999999999999e-01 1.689643820157914e-05
5.990000000000000e-01 1.711594401796515e-05
6.185000000000000e-01 1.734490333287066e-05
6.379999999999999e-01 1.758276194535791e-05
6.575000000000000e-01 1.783241281878391e-05
6.769999999999998e-01 1.809223588910324e-05
6.965000000000001e-01 1.836481550634923e-05
7.160000000000000e-01 1.865065139331552e-05
7.354999999999998e-01 1.895211687126652e-05
7.549999999999999e-01 1.926986780367901e-05
7.745000000000000e-01 1.960666015764992e-05
7.940000000000000e-01 1.996425030892257e-05
8.134999999999999e-01 2.034645503805943e-05
8.329999999999997e-01 2.075792567158511e-05
8.525000000000000e-01 2.120584753564199e-05
8.719999999999999e-01 2.170123108068786e-05
8.915000000000000e-01 2.225950368109643e-05
9.110000000000000e-01 2.290740739930030e-05
9.304999999999999e-01 2.368842744025606e-05
9.500000000000000e-01 2.468678930832534e-05
9.504999999999999e-01 2.471655851215564e-05
9.510000000000000e-01 2.474657728614794e-05
9.514999999999999e-01 2.477686868374774e-05
9.520000000000000e-01 2.480741982925481e-05
9.524999999999999e-01 2.483826011791973e-05
9.530000000000000e-01 2.486938325445311e-05
9.534999999999999e-01 2.490079493952145e-05
9.540000000000000e-01 2.493250208655052e-05
9.544999999999999e-01 2.496450772546314e-05
9.550000000000000e-01 2.499682009870811e-05
9.554999999999999e-01 2.502944612763415e-05
9.560000000000000e-01 2.506246870471576e-05
9.564999999999999e-01 2.509574126334867e-05
9.570000000000000e-01 2.512934739398525e-05
9.574999999999999e-01 2.516329587457771e-05
9.580000000000000e-01 2.519762501151028e-05
9.584999999999999e-01 2.523227815953718e-05
9.590000000000000e-01 2.526729621804352e-05
9.594999999999999e-01 2.530268789820039e-05
9.600000000000000e-01 2.533851909479426e-05
9.604999999999999e-01 2.537463096128861e-05
9.610000000000000e-01 2.541119170614712e-05
9.614999999999999e-01 2.544820624574094e-05
9.620000000000000e-01 2.548574811652717e-05
9.624999999999999e-01 2.552357741964435e-05
9.630000000000000e-01 2.556184970220805e-05
9.634999999999999e-01 2.560058615127149e-05
9.640000000000000e-01 2.563976783745797e-05
9.644999999999999e-01 2.567944367201925e-05
9.650000000000000e-01 2.571969665637443e-05
9.654999999999999e-01 2.576036305624308e-05
9.660000000000000e-01 2.580154835761033e-05
9.664999999999999e-01 2.584326741752518e-05
9.670000000000000e-01 2.588553567580054e-05
9.674999999999999e-01 2.592836882584953e-05
9.680000000000000e-01 2.597187372571968e-05
9.684999999999999e-01 2.601573829517788e-05
9.690000000000000e-01 2.606043233099111e-05
9.694999999999999e-01 2.610599697675936e-05
9.700000000000000e-01 2.615192824696025e-05
9.704999999999999e-01 2.619853811991132e-05
9.710000000000000e-01 2.624584871009014e-05
9.714999999999999e-01 2.629387679483525e-05
9.720000000000000e-01 2.634269662205356e-05
9.724999999999999e-01 2.639226145815568e-05
9.730000000000000e-01 2.644263181337374e-05
9.734999999999999e-01 2.649383610289694e-05
9.740000000000000e-01 2.654590552398447e-05
9.744999999999999e-01 2.659879729562624e-05
9.750000000000000e-01 2.665249205732304e-05
9.754999999999999e-01 2.670736138247496e-05
9.760000000000000e-01 2.676324170083736e-05
9.764999999999999e-01 2.682017317171067e-05
9.770000000000000e-01 2.687820031528759e-05
9.774999999999999e-01 2.693737212409747e-05
9.780000000000000e-01 2.699782613065511e-05
9.784999999999999e-01 2.705946491741195e-05
9.790000000000000e-01 2.712243109439761e-05
9.794999999999999e-01 2.718673569135099e-05
9.800000000000000e-01 2.725247196391845e-05
9.804999999999999e-01 2.731972881047931e-05
9.810000000000000e-01 2.738856163115388e-05
9.814999999999999e-01 2.745907024264372e-05
9.820000000000000e-01 2.753134709221462e-05
9.824999999999999e-01 2.760549199995958e-05
9.830000000000000e-01 2.768161453566702e-05
9.834999999999999e-01 2.775983533411596e-05
9.840000000000000e-01 2.784028291972521e-05
9.844999999999999e-01 2.792309520284416e-05
9.850000000000000e-01 2.800847418864152e-05
9.854999999999999e-01 2.809656697422995e-05
9.860000000000000e-01 2.818753486555327e-05
9.864999999999999e-01 2.828167515282958e-05
9.870000000000000e-01 2.837907811738572e-05
9.874999999999999e-01 2.848017375818387e-05
9.880000000000000e-01 2.858521255537332e-05
9.884999999999999e-01 2.869455046593760e-05
9.890000000000000e-01 2.880858501452340e-05
9.894999999999999e-01 2.892777537754786e-05
9.900000000000000e-01 2.905265151848221e-05
9.904999999999999e-01 2.918382999966285e-05
9.910000000000000e-01 2.932203331517011e-05
9.914999999999999e-01 2.946811773976485e-05
9.920000000000000e-01 2.962322081300764e-05
9.924999999999999e-01 2.978833632910847e-05
9.930000000000000e-01 2.996527899972244e-05
9.934999999999999e-01 3.015556324881515e-05
9.940000000000000e-01 3.036172451360277e-05
9.944999999999999e-01 3.058679056787626e-05
9.950000000000000e-01 3.083473336162940e-05
9.954999999999999e-01 3.111092169837679e-05
9.960000000000000e-01 3.142277765279592e-05
9.964999999999999e-01 3.178108050705542e-05
9.970000000000000e-01 3.220216839774079e-05
9.974999999999999e-01 3.271254976659818e-05
9.980000000000000e-01 3.335909769933886e-05
9.984999999999999e-01 3.423629712449654e-05
9.990000000000000e-01 3.557895021982976e-05
9.994999999999999e-01 3.827385865249905e-05
