-1.000000000000000e+00 9.190541813822024e-06
-9.805000000000000e-01 9.226188634001810e-06
-9.610000000000000e-01 9.262128193108357e-06
-9.415000000000000e-01 9.298364345149953e-06
-9.219999999999999e-01 9.334901016954495e-06
-9.025000000000000e-01 9.371742210026746e-06
-8.830000000000000e-01 9.408892002466904e-06
-8.634999999999999e-01 9.446354550953037e-06
-8.440000000000000e-01 9.484134092790026e-06
-8.245000000000000e-01 9.522234948027855e-06
-8.050000000000000e-01 9.560661521652133e-06
-7.855000000000000e-01 9.599418305850032e-06
-7.660000000000000e-01 9.638509882354781e-06
-7.464999999999997e-01 9.677940924872292e-06
-7.270000000000000e-01 9.717716201593388e-06
-7.075000000000001e-01 9.757840577795561e-06
-6.879999999999998e-01 9.798319018538200e-06
-6.685000000000001e-01 9.839156591455560e-06
-6.490000000000000e-01 9.880358469651952e-06
-6.295000000000002e-01 9.921929934703864e-06
-6.100000000000001e-01 9.963876379773989e-06
-5.904999999999999e-01 1.000620331284249e-05
-5.709999999999998e-01 1.004891636006105e-05
-5.515000000000001e-01 1.009202126923562e-05
-5.320000000000001e-01 1.013552391344412e-05
-5.125000000000001e-01 1.017943029479582e-05
-4.930000000000001e-01 1.022374654833924e-05
-4.735000000000001e-01 1.026847894612635e-05
-4.540000000000000e-01 1.031363390144061e-05
-4.345000000000002e-01 1.035921797319772e-05
-4.150000000000000e-01 1.040523787052762e-05
-3.955000000000000e-01 1.045170045754770e-05
-3.759999999999999e-01 1.049861275833699e-05
-3.564999999999999e-01 1.054598196212250e-05
-3.370000000000000e-01 1.059381542868903e-05
-3.174999999999999e-01 1.064212069402496e-05
-2.979999999999999e-01 1.069090547621708e-05
-2.785000000000000e-01 1.074017768160864e-05
-2.589999999999999e-01 1.078994541123567e-05
-2.394999999999999e-01 1.084021696755777e-05
-2.199999999999999e-01 1.089100086150069e-05
-2.004999999999999e-01 1.094230581982932e-05
-1.809999999999999e-01 1.099414079287103e-05
-1.615000000000001e-01 1.104651496261101e-05
-1.420000000000001e-01 1.109943775118255e-05
-1.225000000000000e-01 1.115291882977739e-05
-1.029999999999999e-01 1.120696812800302e-05
-8.349999999999999e-02 1.126159584371594e-05
-6.400000000000007e-02 1.131681245336246e-05
-4.449999999999989e-02 1.137262872286101e-05
-2.500000000000004e-02 1.142905571906296e-05
-5.499999999999857e-03 1.148610482183206e-05
1.400000000000017e-02 1.154378773678607e-05
3.349999999999984e-02 1.160211650445213e-05
5.299999999999994e-02 1.166110351950729e-05
7.250000000000016e-02 1.172076154623109e-05
9.200000000000018e-02 1.178110373268179e-05
1.114999999999999e-01 1.184214362727007e-05
1.310000000000002e-01 1.190389519633471e-05
1.505000000000001e-01 1.196637284268595e-05
1.700000000000000e-01 1.202959142512946e-05
1.895000000000001e-01 1.209356627893909e-05
2.090000000000000e-01 1.215831323715533e-05
2.285000000000000e-01 1.222384865239923e-05
2.480000000000000e-01 1.229018941848946e-05
2.675000000000001e-01 1.235735299024174e-05
2.869999999999999e-01 1.242535739761019e-05
3.065000000000000e-01 1.249422124433800e-05
3.260000000000000e-01 1.256396366281477e-05
3.454999999999999e-01 1.263467432015577e-05
3.650000000000002e-01 1.270616170487694e-05
3.844999999999998e-01 1.277865071978808e-05
4.040000000000002e-01 1.285199817233110e-05
4.234999999999999e-01 1.292670650777191e-05
4.429999999999998e-01 1.300212851938872e-05
4.625000000000000e-01 1.307862596782120e-05
4.819999999999999e-01 1.315619459763060e-05
5.014999999999999e-01 1.323485765103883e-05
5.209999999999999e-01 1.331464269996622e-05
5.404999999999998e-01 1.339547859639217e-05
5.600000000000001e-01 1.347759350901485e-05
5.794999999999999e-01 1.356103455064226e-05
5.990000000000000e-01 1.364562062223174e-05
6.185000000000000e-01 1.373149365988149e-05
6.379999999999999e-01 1.381869202018256e-05
6.575000000000000e-01 1.390725615876037e-05
6.769999999999998e-01 1.399722879735349e-05
6.965000000000001e-01 1.408865517740612e-05
7.160000000000000e-01 1.419844644382398e-05
7.354999999999998e-01 1.427606412568742e-05
7.549999999999999e-01 1.437215214535395e-05
7.745000000000000e-01 1.446990555356471e-05
7.940000000000000e-01 1.456938690700037e-05
8.134999999999999e-01 1.467057338513416e-05
8.329999999999997e-01 1.477371142148905e-05
8.525000000000000e-01 1.487879783231321e-05
8.719999999999999e-01 1.498592042858641e-05
8.915000000000000e-01 1.509529123271952e-05
9.110000000000000e-01 1.520679716526006e-05
9.304999999999999e-01 1.532066946233582e-05
9.500000000000000e-01 1.543705317827001e-05
9.504999999999999e-01 1.544007187413683e-05
9.510000000000000e-01 1.544309233771326e-05
9.514999999999999e-01 1.544611457180525e-05
9.520000000000000e-01 1.544913858027407e-05
9.524999999999999e-01 1.545216436584858e-05
9.530000000000000e-01 1.545519193173569e-05
9.534999999999999e-01 1.545822128222847e-05
9.540000000000000e-01 1.546125242119529e-05
9.544999999999999e-01 1.546428535227610e-05
9.550000000000000e-01 1.546732007618868e-05
9.554999999999999e-01 1.547035659795940e-05
9.560000000000000e-01 1.547339491985982e-05
9.564999999999999e-01 1.547643504840517e-05
9.570000000000000e-01 1.547947698576805e-05
9.574999999999999e-01 1.548252073529828e-05
9.580000000000000e-01 1.548556630078138e-05
9.584999999999999e-01 1.548861368596877e-05
9.590000000000000e-01 1.549166289370589e-05
9.594999999999999e-01 1.549471392931338e-05
9.600000000000000e-01 1.549776679538453e-05
9.604999999999999e-01 1.550082149580341e-05
9.610000000000000e-01 1.550387803386081e-05
9.614999999999999e-01 1.550693641536951e-05
9.620000000000000e-01 1.550999664223725e-05
9.624999999999999e-01 1.551305871905500e-05
9.630000000000000e-01 1.551612264954856e-05
9.634999999999999e-01 1.551918843804763e-05
9.640000000000000e-01 1.552225608844348e-05
9.644999999999999e-01 1.552532560440637e-05
9.650000000000000e-01 1.552839699076767e-05
9.654999999999999e-01 1.553147025132572e-05
9.660000000000000e-01 1.553454539387105e-05
9.664999999999999e-01 1.553762241525232e-05
9.670000000000000e-01 1.554070132346427e-05
9.674999999999999e-01 1.554378212307386e-05
9.680000000000000e-01 1.554686481776912e-05
9.684999999999999e-01 1.554994941244668e-05
9.690000000000000e-01 1.555303591314595e-05
9.694999999999999e-01 1.555612432152248e-05
9.700000000000000e-01 1.555921464289585e-05
9.704999999999999e-01 1.556230688230883e-05
9.710000000000000e-01 1.556540104491279e-05
9.714999999999999e-01 1.556849713486438e-05
9.720000000000000e-01 1.557159515729379e-05
9.724999999999999e-01 1.557469511705252e-05
9.730000000000000e-01 1.557779701902467e-05
9.734999999999999e-01 1.558090086846736e-05
9.740000000000000e-01 1.558400667000115e-05
9.744999999999999e-01 1.558711443019447e-05
9.750000000000000e-01 1.559022415303551e-05
9.754999999999999e-01 1.559333584644798e-05
9.760000000000000e-01 1.559644951036142e-05
9.764999999999999e-01 1.559956515556345e-05
9.770000000000000e-01 1.560268278481982e-05
9.774999999999999e-01 1.560580240919370e-05
9.780000000000000e-01 1.560892402977417e-05
9.784999999999999e-01 1.561204765370636e-05
9.790000000000000e-01 1.561517328816776e-05
9.794999999999999e-01 1.561830093945867e-05
9.800000000000000e-01 1.562143061425026e-05
9.804999999999999e-01 1.562456232027296e-05
9.810000000000000e-01 1.562769606399133e-05
9.814999999999999e-01 1.563083185331504e-05
9.820000000000000e-01 1.563396969617250e-05
9.824999999999999e-01 1.563710961417189e-05
9.830000000000000e-01 1.564025157905939e-05
9.834999999999999e-01 1.564339561996346e-05
9.840000000000000e-01 1.564654174576848e-05
9.844999999999999e-01 1.564968996558122e-05
9.850000000000000e-01 1.565284028891180e-05
9.854999999999999e-01 1.565599272571306e-05
9.860000000000000e-01 1.565914718870862e-05
9.864999999999999e-01 1.566230388030859e-05
9.870000000000000e-01 1.566546271851545e-05
9.874999999999999e-01 1.566862371619251e-05
9.880000000000000e-01 1.567178688766198e-05
9.884999999999999e-01 1.567495224922328e-05
9.890000000000000e-01 1.567811982368157e-05
9.894999999999999e-01 1.568128962550818e-05
9.900000000000000e-01 1.568446168506327e-05
9.904999999999999e-01 1.568763603407234e-05
9.910000000000000e-01 1.569081271075719e-05
9.914999999999999e-01 1.569399183676202e-05
9.920000000000000e-01 1.569717332061337e-05
9.924999999999999e-01 1.570035731141060e-05
9.930000000000000e-01 1.570354388050200e-05
9.934999999999999e-01 1.570673314037755e-05
9.940000000000000e-01 1.570992522540045e-05
9.944999999999999e-01 1.571312035475653e-05
9.950000000000000e-01 1.571631866391185e-05
9.954999999999999e-01 1.571952050395981e-05
9.960000000000000e-01 1.572272630115150e-05
9.964999999999999e-01 1.572593667419705e-05
9.970000000000000e-01 1.572915256928000e-05
9.974999999999999e-01 1.573237553508600e-05
9.980000000000000e-01 1.573560834986299e-05
9.984999999999999e-01 1.573885669536100e-05
9.990000000000000e-01 1.574213484580808e-05
9.994999999999999e-01 1.574549563642081e-05
