-1.000000000000000e+00 2.276604576235178e-04
-9.994965423831851e-01 2.276876807426422e-04
-9.979866764718843e-01 2.277693525093746e-04
-9.954719225730846e-01 2.279055782818345e-04
-9.919548128307953e-01 2.280964776366566e-04
-9.874388886763943e-01 2.283422474224691e-04
-9.819286972627066e-01 2.286431363544871e-04
-9.754297868854070e-01 2.289994520812348e-04
-9.679487013963562e-01 2.294116107196934e-04
-9.594929736144974e-01 2.298799053122007e-04
-9.500711177409453e-01 2.304048371762337e-04
-9.396926207859083e-01 2.309870093350521e-04
-9.283679330160726e-01 2.316269949854371e-04
-9.161084574320695e-01 2.323255527451673e-04
-9.029265382866211e-01 2.330830948103395e-04
-8.888354486549234e-01 2.339009948418374e-04
-8.738493770697849e-01 2.347795199508631e-04
-8.579834132349771e-01 2.357197066331858e-04
-8.412535328311810e-01 2.367228370672635e-04
-8.236765814298327e-01 2.377897268060797e-04
-8.052702575310586e-01 2.389217692311684e-04
-7.860530947427873e-01 2.401198640201248e-04
-7.660444431189779e-01 2.413856191868960e-04
-7.452644496757547e-01 2.427204425934945e-04
-7.237340381050702e-01 2.441257626493757e-04
-7.014748877063210e-01 2.456029191995620e-04
-6.785094115571321e-01 2.471543694884309e-04
-6.548607339452851e-01 2.487810189891584e-04
-6.305526670845222e-01 2.504850566081433e-04
-6.056096871376665e-01 2.522686789202957e-04
-5.800569095711980e-01 2.541339658575582e-04
-5.539200638661103e-01 2.560833735695445e-04
-5.272254676105025e-01 2.581190739289002e-04
-4.999999999999998e-01 2.602436039758960e-04
-4.722710747726826e-01 2.624598137667626e-04
-4.440666126057737e-01 2.647705635587720e-04
-4.154150130018863e-01 2.671789860811784e-04
-3.863451256931285e-01 2.696881071498529e-04
-3.568862215918718e-01 2.723018380236769e-04
-3.270679633174214e-01 2.750231290780880e-04
-2.969203753282748e-01 2.778562072210420e-04
-2.664738136900348e-01 2.808050048437395e-04
-2.357589355094272e-01 2.838741038347791e-04
-2.048066680651905e-01 2.870679411026564e-04
-1.736481776669303e-01 2.903914489876896e-04
-1.423148382732850e-01 2.938499775187876e-04
-1.108381999010110e-01 2.974489628312385e-04
-7.924995685678832e-02 3.011946609402198e-04
-4.758191582374206e-02 3.050927816476768e-04
-1.586596383480781e-02 3.091504693293247e-04
1.586596383480815e-02 3.133751687647020e-04
4.758191582374240e-02 3.177739142937387e-04
7.924995685678866e-02 3.223556105928072e-04
1.108381999010111e-01 3.271290836467626e-04
1.423148382732853e-01 3.321037898838691e-04
1.736481776669304e-01 3.372900378202462e-04
2.048066680651908e-01 3.426988110050472e-04
2.357589355094273e-01 3.483421140534224e-04
2.664738136900351e-01 3.542330171541777e-04
2.969203753282749e-01 3.603855895799569e-04
3.270679633174218e-01 3.668150838591611e-04
3.568862215918719e-01 3.735380421486312e-04
3.863451256931288e-01 3.805726676755259e-04
4.154150130018864e-01 3.879388698354697e-04
4.440666126057742e-01 3.956583235047126e-04
4.722710747726827e-01 4.037551056513627e-04
5.000000000000003e-01 4.122556483624376e-04
5.272254676105026e-01 4.211892453790816e-04
5.539200638661104e-01 4.305884726240714e-04
5.800569095711982e-01 4.404894383901910e-04
6.056096871376669e-01 4.509329161697953e-04
6.305526670845226e-01 4.619644961907472e-04
6.548607339452851e-01 4.736355970770588e-04
6.785094115571322e-01 4.860048499404438e-04
7.014748877063215e-01 4.991387794394707e-04
7.237340381050703e-01 5.131137672514997e-04
7.452644496757548e-01 5.280181009022111e-04
7.660444431189780e-01 5.439540903609017e-04
7.860530947427876e-01 5.610410436261074e-04
8.052702575310586e-01 5.794206788097794e-04
8.236765814298328e-01 5.992606225573812e-04
8.412535328311813e-01 6.207625705956649e-04
8.579834132349772e-01 6.441710532195870e-04
8.738493770697850e-01 6.697868135618037e-04
8.888354486549235e-01 6.979836112799292e-04
9.029265382866214e-01 7.292343011767669e-04
9.161084574320697e-01 7.641467355087519e-04
9.283679330160727e-01 8.035182676165702e-04
9.396926207859083e-01 8.484188753817557e-04
9.500711177409454e-01 9.003238725844847e-04
9.594929736144975e-01 9.613336643958951e-04
9.679487013963562e-01 1.034555256840371e-03
9.754297868854070e-01 1.124811817202139e-03
9.819286972627067e-01 1.240049606828819e-03
9.874388886763944e-01 1.394430395516261e-03
9.919548128307953e-01 1.616040229161306e-03
9.954719225730846e-01 1.969975745103836e-03
9.979866764718844e-01 2.650581339909619e-03
9.994965423831851e-01 4.629705620716924e-03
1.000000000000000e+00 6.406709362531158e-03
