-1.000000000000000e+00 4.740066560181278e-06
-9.994965423831851e-01 4.740807298954921e-06
-9.979866764718843e-01 4.742764030052283e-06
-9.954719225730846e-01 4.746351917408780e-06
-9.919548128307953e-01 4.751356236815173e-06
-9.874388886763943e-01 4.757823285670731e-06
-9.819286972627066e-01 4.765551715595530e-06
-9.754297868854070e-01 4.774980059132402e-06
-9.679487013963562e-01 4.785858739421273e-06
-9.594929736144974e-01 4.798216443903976e-06
-9.500711177409453e-01 4.812358326253358e-06
-9.396926207859083e-01 4.827382919093416e-06
-9.283679330160726e-01 4.844418415158575e-06
-9.161084574320695e-01 4.862512906538037e-06
-9.029265382866211e-01 4.882908105083637e-06
-8.888354486549234e-01 4.904448786100465e-06
-8.738493770697849e-01 4.927930862209311e-06
-8.579834132349771e-01 4.952915365938713e-06
-8.412535328311810e-01 4.979706495781328e-06
-8.236765814298327e-01 5.008098996230958e-06
-8.052702575310586e-01 5.038664026835041e-06
-7.860530947427873e-01 5.070761356709191e-06
-7.660444431189779e-01 5.104724724136025e-06
-7.452644496757547e-01 5.140685960568879e-06
-7.237340381050702e-01 5.178768360324686e-06
-7.014748877063210e-01 5.218511348892144e-06
-6.785094115571321e-01 5.261034395309059e-06
-6.548607339452851e-01 5.305463471894569e-06
-6.305526670845222e-01 5.470885378439479e-06
-6.056096871376665e-01 5.401225819526914e-06
-5.800569095711980e-01 5.452300448242012e-06
-5.539200638661103e-01 5.506609761512058e-06
-5.272254676105025e-01 5.563031811247463e-06
-4.999999999999998e-01 5.622412813892553e-06
-4.722710747726826e-01 5.684433567060770e-06
-4.440666126057737e-01 5.749658998342116e-06
-4.154150130018863e-01 5.818081152049868e-06
-3.863451256931285e-01 5.889286993290884e-06
-3.568862215918718e-01 5.963970732726098e-06
-3.270679633174214e-01 6.042230034108380e-06
-2.969203753282748e-01 6.124068563474557e-06
-2.664738136900348e-01 6.209870969065434e-06
-2.357589355094272e-01 6.299654765425123e-06
-2.048066680651905e-01 6.393846114674175e-06
-1.736481776669303e-01 6.492216505507148e-06
-1.423148382732850e-01 6.595316442507360e-06
-1.108381999010110e-01 6.703434167478589e-06
-7.924995685678832e-02 6.816914173194159e-06
-4.758191582374206e-02 6.935689972253245e-06
-1.586596383480781e-02 7.060435057468837e-06
1.586596383480815e-02 7.191490701784016e-06
4.758191582374240e-02 7.328931998804568e-06
7.924995685678866e-02 7.473578001090710e-06
1.108381999010111e-01 7.625490212225732e-06
1.423148382732853e-01 7.785450527725452e-06
1.736481776669304e-01 7.953851129737329e-06
2.048066680651908e-01 8.131421013176077e-06
2.357589355094273e-01 8.318686159766955e-06
2.664738136900351e-01 8.516030674747979e-06
2.969203753282749e-01 8.725372835719372e-06
3.270679633174218e-01 8.946338682220976e-06
3.568862215918719e-01 9.180412707391464e-06
3.863451256931288e-01 9.428599781929313e-06
4.154150130018864e-01 9.692087380621920e-06
4.440666126057742e-01 9.972166876919900e-06
4.722710747726827e-01 1.027025128264936e-05
5.000000000000003e-01 1.089592679840054e-05
5.272254676105026e-01 1.117945673144736e-05
5.539200638661104e-01 1.149916823646290e-05
5.800569095711982e-01 1.184885740626419e-05
6.056096871376669e-01 1.224455147196090e-05
6.305526670845226e-01 1.264115050079289e-05
6.548607339452851e-01 1.312369207653687e-05
6.785094115571322e-01 1.363488404122067e-05
7.014748877063215e-01 1.418865116646237e-05
7.237340381050703e-01 1.478968952324772e-05
7.452644496757548e-01 1.544784241658051e-05
7.660444431189780e-01 1.616906363381252e-05
7.860530947427876e-01 1.696976983060016e-05
8.052702575310586e-01 1.785037384442409e-05
8.236765814298328e-01 1.883686860407652e-05
8.412535328311813e-01 1.993123860994932e-05
8.579834132349772e-01 2.116037938005483e-05
8.738493770697850e-01 2.252693210349397e-05
8.888354486549235e-01 2.412995937549339e-05
9.029265382866214e-01 2.595779365713875e-05
9.161084574320697e-01 2.805890583603599e-05
9.283679330160727e-01 3.053921000508926e-05
9.396926207859083e-01 3.346665579518399e-05
9.500711177409454e-01 3.696176235027824e-05
9.594929736144975e-01 4.130854425754210e-05
9.679487013963562e-01 4.673006748337603e-05
9.754297868854070e-01 5.370600554159780e-05
9.819286972627067e-01 6.303872544930977e-05
9.874388886763944e-01 7.611722735223775e-05
9.919548128307953e-01 9.578855708966694e-05
9.954719225730846e-01 1.286055857300366e-04
9.979866764718844e-01 1.942904066338934e-04
9.994965423831851e-01 3.914984070518949e-04
1.000000000000000e+00 5.678578544249911e-04
