-1.000000000000000e+00 3.034196672695604e-04
-9.994965423831851e-01 3.034546448974087e-04
-9.979866764718843e-01 3.035596129415561e-04
-9.954719225730846e-01 3.037346861801924e-04
-9.919548128307953e-01 3.039803925049840e-04
-9.874388886763943e-01 3.042958916310110e-04
-9.819286972627066e-01 3.046824886016072e-04
-9.754297868854070e-01 3.051404932799703e-04
-9.679487013963562e-01 3.056698118515164e-04
-9.594929736144974e-01 3.062720461569353e-04
-9.500711177409453e-01 3.069464472585714e-04
-9.396926207859083e-01 3.076944478331819e-04
-9.283679330160726e-01 3.085164750146266e-04
-9.161084574320695e-01 3.094136614615880e-04
-9.029265382866211e-01 3.103866501700846e-04
-8.888354486549234e-01 3.114369134579304e-04
-8.738493770697849e-01 3.125648106839707e-04
-8.579834132349771e-01 3.137720745315073e-04
-8.412535328311810e-01 3.150597476618237e-04
-8.236765814298327e-01 3.164292693511977e-04
-8.052702575310586e-01 3.178823587135498e-04
-7.860530947427873e-01 3.194200651254134e-04
-7.660444431189779e-01 3.210443048293902e-04
-7.452644496757547e-01 3.227575383656914e-04
-7.237340381050702e-01 3.245600470709096e-04
-7.014748877063210e-01 3.264549831446896e-04
-6.785094115571321e-01 3.284444862023060e-04
-6.548607339452851e-01 3.305306373985973e-04
-6.305526670845222e-01 3.327156757735645e-04
-6.056096871376665e-01 3.350024500570662e-04
-5.800569095711980e-01 3.373934814047963e-04
-5.539200638661103e-01 3.398920663559011e-04
-5.272254676105025e-01 3.425009138923981e-04
-4.999999999999998e-01 3.452235707233189e-04
-4.722710747726826e-01 3.480631223331034e-04
-4.440666126057737e-01 3.510228880345442e-04
-4.154150130018863e-01 3.541076527266223e-04
-3.863451256931285e-01 3.573209486048057e-04
-3.568862215918718e-01 3.606673764416833e-04
-3.270679633174214e-01 3.641516856725137e-04
-2.969203753282748e-01 3.677778134819769e-04
-2.664738136900348e-01 3.715520748620672e-04
-2.357589355094272e-01 3.754789131253327e-04
-2.048066680651905e-01 3.795649693615692e-04
-1.736481776669303e-01 3.838158568025570e-04
-1.423148382732850e-01 3.882390630661297e-04
-1.108381999010110e-01 3.928406281879007e-04
-7.924995685678832e-02 3.976284138941937e-04
-4.758191582374206e-02 4.026104510519438e-04
-1.586596383480781e-02 4.077948920469188e-04
1.586596383480815e-02 4.131908211096815e-04
4.758191582374240e-02 4.188079394871697e-04
7.924995685678866e-02 4.246563625378239e-04
1.108381999010111e-01 4.307473336097827e-04
1.423148382732853e-01 4.370924219115240e-04
1.736481776669304e-01 4.437044532114307e-04
2.048066680651908e-01 4.505965572304161e-04
2.357589355094273e-01 4.577838480812516e-04
2.664738136900351e-01 4.652819803126968e-04
2.969203753282749e-01 4.731080817334567e-04
3.270679633174218e-01 4.812804288367103e-04
3.568862215918719e-01 4.898193543633038e-04
3.863451256931288e-01 4.987461890730968e-04
4.154150130018864e-01 5.080849200190260e-04
4.440666126057742e-01 5.178613936235428e-04
4.722710747726827e-01 5.281043072710346e-04
5.000000000000003e-01 5.388446801342343e-04
5.272254676105026e-01 5.501171777016411e-04
5.539200638661104e-01 5.619599310422392e-04
5.800569095711982e-01 5.744154918826324e-04
6.056096871376669e-01 5.875308708797732e-04
6.305526670845226e-01 6.013588685276583e-04
6.548607339452851e-01 6.159602145748741e-04
6.785094115571322e-01 6.314013144702883e-04
7.014748877063215e-01 6.477590667045858e-04
7.237340381050703e-01 6.651208911080137e-04
7.452644496757548e-01 6.835874343641210e-04
7.660444431189780e-01 7.032750632968944e-04
7.860530947427876e-01 7.243192362891407e-04
8.052702575310586e-01 7.468794571861294e-04
8.236765814298328e-01 7.711441536320462e-04
8.412535328311813e-01 7.973390318342173e-04
8.579834132349772e-01 8.257365657722495e-04
8.738493770697850e-01 8.566698841594274e-04
8.888354486549235e-01 8.905521849152600e-04
9.029265382866214e-01 9.279021731778200e-04
9.161084574320697e-01 9.693841775196829e-04
9.283679330160727e-01 1.015864601623253e-03
9.396926207859083e-01 1.068499907139408e-03
9.500711177409454e-01 1.128874737310414e-03
9.594929736144975e-01 1.199233277427206e-03
9.679487013963562e-01 1.282876186150567e-03
9.754297868854070e-01 1.384895273651929e-03
9.819286972627067e-01 1.513634358403067e-03
9.874388886763944e-01 1.683882681162339e-03
9.919548128307953e-01 1.924825044743484e-03
9.954719225730846e-01 2.303810570252049e-03
9.979866764718844e-01 3.021198059025773e-03
9.994965423831851e-01 5.125972944151661e-03
1.000000000000000e+00 6.900140138151105e-03
