-1.000000000000000e+00 4.019574671561539e-04
-9.994965423831851e-01 4.020019668067162e-04
-9.979866764718843e-01 4.021334015698776e-04
-9.954719225730846e-01 4.023534604098462e-04
-9.919548128307953e-01 4.026618274607453e-04
-9.874388886763943e-01 4.030623832126619e-04
-9.819286972627066e-01 4.035483361214264e-04
-9.754297868854070e-01 4.041196053456501e-04
-9.679487013963562e-01 4.047857597413270e-04
-9.594929736144974e-01 4.055427295335293e-04
-9.500711177409453e-01 4.063898795786054e-04
-9.396926207859083e-01 4.073294788555444e-04
-9.283679330160726e-01 4.083619901281260e-04
-9.161084574320695e-01 4.094882646515694e-04
-9.029265382866211e-01 4.107096130150692e-04
-8.888354486549234e-01 4.120292680296440e-04
-8.738493770697849e-01 4.134450093612893e-04
-8.579834132349771e-01 4.149591482154866e-04
-8.412535328311810e-01 4.165757428814802e-04
-8.236765814298327e-01 4.182914946196197e-04
-8.052702575310586e-01 4.201114297834761e-04
-7.860530947427873e-01 4.220396819334253e-04
-7.660444431189779e-01 4.240719764593107e-04
-7.452644496757547e-01 4.262159172385839e-04
-7.237340381050702e-01 4.284724420875743e-04
-7.014748877063210e-01 4.308432902557062e-04
-6.785094115571321e-01 4.333331105234222e-04
-6.548607339452851e-01 4.359405933673531e-04
-6.305526670845222e-01 4.386707257760904e-04
-6.056096871376665e-01 4.415288885627191e-04
-5.800569095711980e-01 4.445138269342304e-04
-5.539200638661103e-01 4.476328173082414e-04
-5.272254676105025e-01 4.508881056233085e-04
-4.999999999999998e-01 4.542843628779045e-04
-4.722710747726826e-01 4.578250369051850e-04
-4.440666126057737e-01 4.615152985110730e-04
-4.154150130018863e-01 4.653580127201164e-04
-3.863451256931285e-01 4.693601559304297e-04
-3.568862215918718e-01 4.735270719715248e-04
-3.270679633174214e-01 4.778632856697793e-04
-2.969203753282748e-01 4.823752736639676e-04
-2.664738136900348e-01 4.870697090790430e-04
-2.357589355094272e-01 4.919524126081263e-04
-2.048066680651905e-01 4.970315865452170e-04
-1.736481776669303e-01 5.023144972708244e-04
-1.423148382732850e-01 5.078088650030691e-04
-1.108381999010110e-01 5.135240812241341e-04
-7.924995685678832e-02 5.194685343848899e-04
-4.758191582374206e-02 5.256524075984196e-04
-1.586596383480781e-02 5.320860298528031e-04
1.586596383480815e-02 5.387802835669315e-04
4.758191582374240e-02 5.457470134928586e-04
7.924995685678866e-02 5.529990932427543e-04
1.108381999010111e-01 5.605496557153521e-04
1.423148382732853e-01 5.684132552534901e-04
1.736481776669304e-01 5.766048057384296e-04
2.048066680651908e-01 5.851415795013745e-04
2.357589355094273e-01 5.940419012752794e-04
2.664738136900351e-01 6.033225698891633e-04
2.969203753282749e-01 6.130055026248773e-04
3.270679633174218e-01 6.231123519144329e-04
3.568862215918719e-01 6.336667380939492e-04
3.863451256931288e-01 6.446946288081916e-04
4.154150130018864e-01 6.562243666813180e-04
4.440666126057742e-01 6.682859978472499e-04
4.722710747726827e-01 6.809115463560842e-04
5.000000000000003e-01 6.941376973776449e-04
5.272254676105026e-01 7.080048959897950e-04
5.539200638661104e-01 7.225565468169015e-04
5.800569095711982e-01 7.378406403130670e-04
6.056096871376669e-01 7.539108490323150e-04
6.305526670845226e-01 7.708268211377879e-04
6.548607339452851e-01 7.886554144149242e-04
6.785094115571322e-01 8.074716002155254e-04
7.014748877063215e-01 8.273604821637988e-04
7.237340381050703e-01 8.484186076949058e-04
7.452644496757548e-01 8.707571025098866e-04
7.660444431189780e-01 8.945025180614306e-04
7.860530947427876e-01 9.198032215512640e-04
8.052702575310586e-01 9.468322268017541e-04
8.236765814298328e-01 9.757936384134382e-04
8.412535328311813e-01 1.006930341893989e-03
8.579834132349772e-01 1.040534714980648e-03
8.738493770697850e-01 1.076962546574809e-03
8.888354486549235e-01 1.116652705849279e-03
9.029265382866214e-01 1.160154108839462e-03
9.161084574320697e-01 1.208164996313109e-03
9.283679330160727e-01 1.261592146585730e-03
9.396926207859083e-01 1.321637280559563e-03
9.500711177409454e-01 1.389938486234753e-03
9.594929736144975e-01 1.468798683288319e-03
9.679487013963562e-01 1.561582322118962e-03
9.754297868854070e-01 1.673443487475175e-03
9.819286972627067e-01 1.812766112129064e-03
9.874388886763944e-01 1.994306000144255e-03
9.919548128307953e-01 2.246980621763327e-03
9.954719225730846e-01 2.637098346173550e-03
9.979866764718844e-01 3.360844313217798e-03
9.994965423831851e-01 5.389811743925104e-03
1.000000000000000e+00 7.245384362143597e-03
