-1.000000000000000e+00 1.097842221628394e-05
-9.994965423831851e-01 1.097995343762405e-05
-9.979866764718843e-01 1.098455243927762e-05
-9.954719225730846e-01 1.099218537101630e-05
-9.919548128307953e-01 1.100321323769261e-05
-9.874388886763943e-01 1.101716270940378e-05
-9.819286972627066e-01 1.103327851194370e-05
-9.754297868854070e-01 1.105453810290852e-05
-9.679487013963562e-01 1.107795219523594e-05
-9.594929736144974e-01 1.110459799526789e-05
-9.500711177409453e-01 1.113493163827700e-05
-9.396926207859083e-01 1.116742904483216e-05
-9.283679330160726e-01 1.120432554759183e-05
-9.161084574320695e-01 1.124407127953700e-05
-9.029265382866211e-01 1.128741402422074e-05
-8.888354486549234e-01 1.133415845163830e-05
-8.738493770697849e-01 1.138451351553266e-05
-8.579834132349771e-01 1.143850990293084e-05
-8.412535328311810e-01 1.149610616441068e-05
-8.236765814298327e-01 1.155746653003647e-05
-8.052702575310586e-01 1.162271661681293e-05
-7.860530947427873e-01 1.169160313060611e-05
-7.660444431189779e-01 1.176519268608078e-05
-7.452644496757547e-01 1.184247627122264e-05
-7.237340381050702e-01 1.192404659200975e-05
-7.014748877063210e-01 1.201007570126587e-05
-6.785094115571321e-01 1.210056427121814e-05
-6.548607339452851e-01 1.219551076586686e-05
-6.305526670845222e-01 1.229554658891440e-05
-6.056096871376665e-01 1.240037846269048e-05
-5.800569095711980e-01 1.251139262662308e-05
-5.539200638661103e-01 1.262568215954713e-05
-5.272254676105025e-01 1.274624036870973e-05
-4.999999999999998e-01 1.287263733460408e-05
-4.722710747726826e-01 1.300488489151345e-05
-4.440666126057737e-01 1.314325701486349e-05
-4.154150130018863e-01 1.328820014839838e-05
-3.863451256931285e-01 1.343933703732014e-05
-3.568862215918718e-01 1.359748775707459e-05
-3.270679633174214e-01 1.376306152369308e-05
-2.969203753282748e-01 1.393628647663450e-05
-2.664738136900348e-01 1.411754239210367e-05
-2.357589355094272e-01 1.430673676898687e-05
-2.048066680651905e-01 1.450438745984511e-05
-1.736481776669303e-01 1.471198154147477e-05
-1.423148382732850e-01 1.492847329781343e-05
-1.108381999010110e-01 1.515459040513073e-05
-7.924995685678832e-02 1.539288937126080e-05
-4.758191582374206e-02 1.564194921350289e-05
-1.586596383480781e-02 1.590215463368320e-05
1.586596383480815e-02 1.617525125645866e-05
4.758191582374240e-02 1.646167673398856e-05
7.924995685678866e-02 1.676206510860562e-05
1.108381999010111e-01 1.707778199431603e-05
1.423148382732853e-01 1.740931180923869e-05
1.736481776669304e-01 1.775756691924342e-05
2.048066680651908e-01 1.812385248215097e-05
2.357589355094273e-01 1.851076491429779e-05
2.664738136900351e-01 1.891783989713198e-05
2.969203753282749e-01 1.934703483638015e-05
3.270679633174218e-01 1.980081810674079e-05
3.568862215918719e-01 2.028038412131174e-05
3.863451256931288e-01 2.078748243015452e-05
4.154150130018864e-01 2.132477333832675e-05
4.440666126057742e-01 2.189593184363370e-05
4.722710747726827e-01 2.250133692209979e-05
5.000000000000003e-01 2.314700571685480e-05
5.272254676105026e-01 2.383485777629993e-05
5.539200638661104e-01 2.457024620395453e-05
5.800569095711982e-01 2.535599649312731e-05
6.056096871376669e-01 2.619898022772915e-05
6.305526670845226e-01 2.710363674023219e-05
6.548607339452851e-01 2.807920642954443e-05
6.785094115571322e-01 2.913077906906609e-05
7.014748877063215e-01 3.027076700751207e-05
7.237340381050703e-01 3.150797094119942e-05
7.452644496757548e-01 3.285590354910814e-05
7.660444431189780e-01 3.432958090509934e-05
7.860530947427876e-01 3.594675712108311e-05
8.052702575310586e-01 3.772850410984272e-05
8.236765814298328e-01 3.970280048278557e-05
8.412535328311813e-01 4.189958010226744e-05
8.579834132349772e-01 4.435768206358187e-05
8.738493770697850e-01 4.712835604850248e-05
8.888354486549235e-01 5.027429388512851e-05
9.029265382866214e-01 5.505466149758117e-05
9.161084574320697e-01 5.865854194407320e-05
9.283679330160727e-01 6.323622762320017e-05
9.396926207859083e-01 6.878407755415393e-05
9.500711177409454e-01 7.551795481183108e-05
9.594929736144975e-01 8.382164078782337e-05
9.679487013963562e-01 9.425596113366346e-05
9.754297868854070e-01 1.076001100521060e-04
9.819286972627067e-01 1.256423266648603e-04
9.874388886763944e-01 1.510592374079880e-04
9.919548128307953e-01 1.891002313617322e-04
9.954719225730846e-01 2.526423890676811e-04
9.979866764718844e-01 3.799081322967455e-04
9.994965423831851e-01 7.618393473311139e-04
1.000000000000000e+00 1.102405596049405e-03
