-1.000000000000000e+00 1.582617257829754e-04
-9.805000000000000e-01 1.588244969356021e-04
-9.610000000000000e-01 1.593924977976429e-04
-9.415000000000000e-01 1.599660233334274e-04
-9.219999999999999e-01 1.605456329164451e-04
-9.025000000000000e-01 1.611308304210508e-04
-8.830000000000000e-01 1.617212617349541e-04
-8.634999999999999e-01 1.623178642918468e-04
-8.440000000000000e-01 1.629206359324578e-04
-8.245000000000000e-01 1.635299295796504e-04
-8.050000000000000e-01 1.641444087486962e-04
-7.855000000000000e-01 1.647658295201209e-04
-7.660000000000000e-01 1.653940306340648e-04
-7.464999999999997e-01 1.660284719946052e-04
-7.270000000000000e-01 1.666691437433040e-04
-7.075000000000001e-01 1.673176105435480e-04
-6.879999999999998e-01 1.679725863090032e-04
-6.685000000000001e-01 1.686343877895004e-04
-6.490000000000000e-01 1.693040331973199e-04
-6.295000000000002e-01 1.699810551110525e-04
-6.100000000000001e-01 1.706653029730810e-04
-5.904999999999999e-01 1.713578413679587e-04
-5.709999999999998e-01 1.720578141301925e-04
-5.515000000000001e-01 1.727661963189092e-04
-5.320000000000001e-01 1.734828065318696e-04
-5.125000000000001e-01 1.742074087387283e-04
-4.930000000000001e-01 1.749409241820116e-04
-4.735000000000001e-01 1.756839095684294e-04
-4.540000000000000e-01 1.764347393808543e-04
-4.345000000000002e-01 1.771963101150601e-04
-4.150000000000000e-01 1.779655370488923e-04
-3.955000000000000e-01 1.787460365927870e-04
-3.759999999999999e-01 1.795352220290202e-04
-3.564999999999999e-01 1.803358611975134e-04
-3.370000000000000e-01 1.811454795259172e-04
-3.174999999999999e-01 1.819672771700648e-04
-2.979999999999999e-01 1.827986294415685e-04
-2.785000000000000e-01 1.836419115400344e-04
-2.589999999999999e-01 1.844969010320631e-04
-2.394999999999999e-01 1.853634704739056e-04
-2.199999999999999e-01 1.862421052233045e-04
-2.004999999999999e-01 1.871336292884012e-04
-1.809999999999999e-01 1.880376290806048e-04
-1.615000000000001e-01 1.889550197586146e-04
-1.420000000000001e-01 1.898861646478700e-04
-1.225000000000000e-01 1.908304501560199e-04
-1.029999999999999e-01 1.917899016061729e-04
-8.349999999999999e-02 1.927640017001063e-04
-6.400000000000007e-02 1.937530532074824e-04
-4.449999999999989e-02 1.947581149560548e-04
-2.500000000000004e-02 1.957799868196093e-04
-5.499999999999857e-03 1.968177337530824e-04
1.400000000000017e-02 1.978731047330437e-04
3.349999999999984e-02 1.989461337429283e-04
5.299999999999994e-02 2.000379848172082e-04
7.250000000000016e-02 2.011482726419687e-04
9.200000000000018e-02 2.022787963756137e-04
1.114999999999999e-01 2.034298346703815e-04
1.310000000000002e-01 2.046021446628773e-04
1.505000000000001e-01 2.057971202441889e-04
1.700000000000000e-01 2.070152966715800e-04
1.895000000000001e-01 2.082582488243264e-04
2.090000000000000e-01 2.095252130528451e-04
2.285000000000000e-01 2.108182335644220e-04
2.480000000000000e-01 2.121376990204034e-04
2.675000000000001e-01 2.134817869143507e-04
2.869999999999999e-01 2.148608288022896e-04
3.065000000000000e-01 2.162693234771354e-04
3.260000000000000e-01 2.177092389767165e-04
3.454999999999999e-01 2.191830485957825e-04
3.650000000000002e-01 2.206923221924951e-04
3.844999999999998e-01 2.222394787846027e-04
4.040000000000002e-01 2.238237336174366e-04
4.234999999999999e-01 2.254500305350800e-04
4.429999999999998e-01 2.271200206749921e-04
4.625000000000000e-01 2.288356513952479e-04
4.819999999999999e-01 2.306003798073177e-04
5.014999999999999e-01 2.324175710225927e-04
5.209999999999999e-01 2.342895008473009e-04
5.404999999999998e-01 2.362198506257071e-04
5.600000000000001e-01 2.382139671520300e-04
5.794999999999999e-01 2.402756663043174e-04
5.990000000000000e-01 2.424100077853359e-04
6.185000000000000e-01 2.446226613111514e-04
6.379999999999999e-01 2.469210927141790e-04
6.575000000000000e-01 2.493120331429252e-04
6.769999999999998e-01 2.518049635761715e-04
6.965000000000001e-01 2.544096016880276e-04
7.160000000000000e-01 2.571381145898142e-04
7.354999999999998e-01 2.599972175488440e-04
7.549999999999999e-01 2.630034949387584e-04
7.745000000000000e-01 2.661727867537779e-04
7.940000000000000e-01 2.695281196058668e-04
8.134999999999999e-01 2.730938288207370e-04
8.329999999999997e-01 2.769042831648055e-04
8.525000000000000e-01 2.810079293090320e-04
8.719999999999999e-01 2.854835812519970e-04
8.915000000000000e-01 2.904522548102896e-04
9.110000000000000e-01 2.961128304497635e-04
9.304999999999999e-01 3.028099046245357e-04
9.500000000000000e-01 3.112058636550231e-04
9.504999999999999e-01 3.114536080446365e-04
9.510000000000000e-01 3.117035863303450e-04
9.514999999999999e-01 3.119555875211491e-04
9.520000000000000e-01 3.122096660136891e-04
9.524999999999999e-01 3.124661100278170e-04
9.530000000000000e-01 3.127246707955383e-04
9.534999999999999e-01 3.129853693314396e-04
9.540000000000000e-01 3.132483489439260e-04
9.544999999999999e-01 3.135137947821915e-04
9.550000000000000e-01 3.137815565699365e-04
9.554999999999999e-01 3.140517247123797e-04
9.560000000000000e-01 3.143243561062019e-04
9.564999999999999e-01 3.145998282328976e-04
9.570000000000000e-01 3.148778448807375e-04
9.574999999999999e-01 3.151583112857700e-04
9.580000000000000e-01 3.154414474922367e-04
9.584999999999999e-01 3.157274573049402e-04
9.590000000000000e-01 3.160162128978068e-04
9.594999999999999e-01 3.163079377843677e-04
9.600000000000000e-01 3.166025054991581e-04
9.604999999999999e-01 3.169001919622315e-04
9.610000000000000e-01 3.172011176676558e-04
9.614999999999999e-01 3.175050479767953e-04
9.620000000000000e-01 3.178127536635522e-04
9.624999999999999e-01 3.181233489998057e-04
9.630000000000000e-01 3.184374890783612e-04
9.634999999999999e-01 3.187551166487109e-04
9.640000000000000e-01 3.190762608311944e-04
9.644999999999999e-01 3.194011154889812e-04
9.650000000000000e-01 3.197298174089868e-04
9.654999999999999e-01 3.200624291231122e-04
9.660000000000000e-01 3.203990758200180e-04
9.664999999999999e-01 3.207399499177684e-04
9.670000000000000e-01 3.210851770803067e-04
9.674999999999999e-01 3.214346251788599e-04
9.680000000000000e-01 3.217884098382496e-04
9.684999999999999e-01 3.221469487958223e-04
9.690000000000000e-01 3.225097668036014e-04
9.694999999999999e-01 3.228781972879841e-04
9.700000000000000e-01 3.232512860106594e-04
9.704999999999999e-01 3.236305236262753e-04
9.710000000000000e-01 3.240139427749332e-04
9.714999999999999e-01 3.244040274670682e-04
9.720000000000000e-01 3.247995334387233e-04
9.724999999999999e-01 3.252007874490013e-04
9.730000000000000e-01 3.256081612935844e-04
9.734999999999999e-01 3.260222885631502e-04
9.740000000000000e-01 3.264427700092344e-04
9.744999999999999e-01 3.268701803260078e-04
9.750000000000000e-01 3.273038898690283e-04
9.754999999999999e-01 3.277468369936714e-04
9.760000000000000e-01 3.281964185446426e-04
9.764999999999999e-01 3.286545712286497e-04
9.770000000000000e-01 3.291208874376161e-04
9.774999999999999e-01 3.295957939501826e-04
9.780000000000000e-01 3.300798950156114e-04
9.784999999999999e-01 3.305736616262574e-04
9.790000000000000e-01 3.310774282693185e-04
9.794999999999999e-01 3.315915006580775e-04
9.800000000000000e-01 3.321167823162646e-04
9.804999999999999e-01 3.326534496078070e-04
9.810000000000000e-01 3.332021467090643e-04
9.814999999999999e-01 3.337637079570879e-04
9.820000000000000e-01 3.343387210055084e-04
9.824999999999999e-01 3.349278823635845e-04
9.830000000000000e-01 3.355319635227368e-04
9.834999999999999e-01 3.361518838447483e-04
9.840000000000000e-01 3.367890318747886e-04
9.844999999999999e-01 3.374439578085597e-04
9.850000000000000e-01 3.381180925281597e-04
9.854999999999999e-01 3.388125128773870e-04
9.860000000000000e-01 3.395289558576695e-04
9.864999999999999e-01 3.402689098714301e-04
9.870000000000000e-01 3.410341848508970e-04
9.874999999999999e-01 3.418270517742929e-04
9.880000000000000e-01 3.426495891501322e-04
9.884999999999999e-01 3.435042727384559e-04
9.890000000000000e-01 3.443942292456288e-04
9.894999999999999e-01 3.453229551234369e-04
9.900000000000000e-01 3.462941715704139e-04
9.904999999999999e-01 3.473128380674795e-04
9.910000000000000e-01 3.483835826288790e-04
9.914999999999999e-01 3.495132946979435e-04
9.920000000000000e-01 3.507096864732266e-04
9.924999999999999e-01 3.519813025467399e-04
9.930000000000000e-01 3.533394311013215e-04
9.934999999999999e-01 3.547980074566311e-04
9.940000000000000e-01 3.563743836277308e-04
9.944999999999999e-01 3.580906391877506e-04
9.950000000000000e-01 3.599759009190787e-04
9.954999999999999e-01 3.620692747488209e-04
9.960000000000000e-01 3.644254406177096e-04
9.964999999999999e-01 3.671229467877500e-04
9.970000000000000e-01 3.702808808512852e-04
9.974999999999999e-01 3.740917996691380e-04
9.980000000000000e-01 3.788956564230017e-04
9.984999999999999e-01 3.853753577956827e-04
9.990000000000000e-01 3.952229256790748e-04
9.994999999999999e-01 4.147991254303314e-04
