-1.000000000000000e+00 3.543427016610180e-04
-9.805000000000000e-01 3.549476612870953e-04
-9.610000000000000e-01 3.555549780740906e-04
-9.415000000000000e-01 3.561646680815709e-04
-9.219999999999999e-01 3.567767475081649e-04
-9.025000000000000e-01 3.573912327282954e-04
-8.830000000000000e-01 3.580081403677230e-04
-8.634999999999999e-01 3.586274871464781e-04
-8.440000000000000e-01 3.592492899941991e-04
-8.245000000000000e-01 3.598735660250723e-04
-8.050000000000000e-01 3.605003325407669e-04
-7.855000000000000e-01 3.611296070334317e-04
-7.660000000000000e-01 3.617614071887602e-04
-7.464999999999997e-01 3.623957508720770e-04
-7.270000000000000e-01 3.630326562037170e-04
-7.075000000000001e-01 3.636721414438839e-04
-6.879999999999998e-01 3.643142250886664e-04
-6.685000000000001e-01 3.649589258398839e-04
-6.490000000000000e-01 3.656062626127790e-04
-6.295000000000002e-01 3.662562545395995e-04
-6.100000000000001e-01 3.669089209732645e-04
-5.904999999999999e-01 3.675642814911154e-04
-5.709999999999998e-01 3.682223558918159e-04
-5.515000000000001e-01 3.688831642268039e-04
-5.320000000000001e-01 3.695467267643222e-04
-5.125000000000001e-01 3.702130640170170e-04
-4.930000000000001e-01 3.708821967446262e-04
-4.735000000000001e-01 3.715541459549599e-04
-4.540000000000000e-01 3.722289329091486e-04
-4.345000000000002e-01 3.729065791261843e-04
-4.150000000000000e-01 3.735871063875761e-04
-3.955000000000000e-01 3.742705367406552e-04
-3.759999999999999e-01 3.749568925092830e-04
-3.564999999999999e-01 3.756461962902523e-04
-3.370000000000000e-01 3.763384709641111e-04
-3.174999999999999e-01 3.770337396991077e-04
-2.979999999999999e-01 3.777320260207575e-04
-2.785000000000000e-01 3.784333535670502e-04
-2.589999999999999e-01 3.791377464600354e-04
-2.394999999999999e-01 3.798452290741609e-04
-2.199999999999999e-01 3.805558261000564e-04
-2.004999999999999e-01 3.812695625509867e-04
-1.809999999999999e-01 3.819864637688265e-04
-1.615000000000001e-01 3.827065554308767e-04
-1.420000000000001e-01 3.834298635565185e-04
-1.225000000000000e-01 3.841564145141319e-04
-1.029999999999999e-01 3.848862350282438e-04
-8.349999999999999e-02 3.856193521868161e-04
-6.400000000000007e-02 3.863557934488153e-04
-4.449999999999989e-02 3.870955866519714e-04
-2.500000000000004e-02 3.878387600207778e-04
-5.499999999999857e-03 3.885853421747315e-04
1.400000000000017e-02 3.893353621368268e-04
3.349999999999984e-02 3.900888493423086e-04
5.299999999999994e-02 3.908458336477016e-04
7.250000000000016e-02 3.916063453401232e-04
9.200000000000018e-02 3.923704151468933e-04
1.114999999999999e-01 3.931380742454549e-04
1.310000000000002e-01 3.939093542736180e-04
1.505000000000001e-01 3.946842873401423e-04
1.700000000000000e-01 3.954629060356720e-04
1.895000000000001e-01 3.962452434440425e-04
2.090000000000000e-01 3.970313331539728e-04
2.285000000000000e-01 3.978212092711631e-04
2.480000000000000e-01 3.986149064308183e-04
2.675000000000001e-01 3.994124598106149e-04
2.869999999999999e-01 4.002139051441376e-04
3.065000000000000e-01 4.010192787348049e-04
3.260000000000000e-01 4.018286174703110e-04
3.454999999999999e-01 4.026419588376102e-04
3.650000000000002e-01 4.034593409384892e-04
3.844999999999998e-01 4.042808025056926e-04
4.040000000000002e-01 4.051063427702036e-04
4.234999999999999e-01 4.059360838907675e-04
4.429999999999998e-01 4.067700247386806e-04
4.625000000000000e-01 4.076082411364952e-04
4.819999999999999e-01 4.084507043245884e-04
5.014999999999999e-01 4.092974936149992e-04
5.209999999999999e-01 4.101486526684588e-04
5.404999999999998e-01 4.110042259309769e-04
5.600000000000001e-01 4.118642586604344e-04
5.794999999999999e-01 4.127287969428272e-04
5.990000000000000e-01 4.135978877298853e-04
6.185000000000000e-01 4.144715788609923e-04
6.379999999999999e-01 4.153499190818826e-04
6.575000000000000e-01 4.162329580955763e-04
6.769999999999998e-01 4.171207465807772e-04
6.965000000000001e-01 4.180133361816893e-04
7.160000000000000e-01 4.189107796739561e-04
7.354999999999998e-01 4.198131307895571e-04
7.549999999999999e-01 4.207204445217637e-04
7.745000000000000e-01 4.216327768638544e-04
7.940000000000000e-01 4.225501851511602e-04
8.134999999999999e-01 4.234727279243541e-04
8.329999999999997e-01 4.244004648810870e-04
8.525000000000000e-01 4.253334573012630e-04
8.719999999999999e-01 4.262717677538452e-04
8.915000000000000e-01 4.272154601104845e-04
9.110000000000000e-01 4.281646000728658e-04
9.304999999999999e-01 4.291192547950576e-04
9.500000000000000e-01 4.300794928908558e-04
9.504999999999999e-01 4.301041884234184e-04
9.510000000000000e-01 4.301288876744133e-04
9.514999999999999e-01 4.301535906450463e-04
9.520000000000000e-01 4.301782973365239e-04
9.524999999999999e-01 4.302030077500535e-04
9.530000000000000e-01 4.302277218868431e-04
9.534999999999999e-01 4.302524397489992e-04
9.540000000000000e-01 4.302771613359394e-04
9.544999999999999e-01 4.303018866497688e-04
9.550000000000000e-01 4.303266156916985e-04
9.554999999999999e-01 4.303513484629407e-04
9.560000000000000e-01 4.303760849647082e-04
9.564999999999999e-01 4.304008251982147e-04
9.570000000000000e-01 4.304255691646749e-04
9.574999999999999e-01 4.304503168653039e-04
9.580000000000000e-01 4.304750683013179e-04
9.584999999999999e-01 4.304998234739339e-04
9.590000000000000e-01 4.305245823843695e-04
9.594999999999999e-01 4.305493450338434e-04
9.600000000000000e-01 4.305741114235748e-04
9.604999999999999e-01 4.305988815547842e-04
9.610000000000000e-01 4.306236554286922e-04
9.614999999999999e-01 4.306484330465207e-04
9.620000000000000e-01 4.306732144095223e-04
9.624999999999999e-01 4.306979995177492e-04
9.630000000000000e-01 4.307227883746783e-04
9.634999999999999e-01 4.307475809804235e-04
9.640000000000000e-01 4.307723773362105e-04
9.644999999999999e-01 4.307971774432662e-04
9.650000000000000e-01 4.308219813027770e-04
9.654999999999999e-01 4.308467889160515e-04
9.660000000000000e-01 4.308716002842799e-04
9.664999999999999e-01 4.308964154086921e-04
9.670000000000000e-01 4.309212342905191e-04
9.674999999999999e-01 4.309460569309923e-04
9.680000000000000e-01 4.309708833313445e-04
9.684999999999999e-01 4.309957134928088e-04
9.690000000000000e-01 4.310205474166196e-04
9.694999999999999e-01 4.310453851040118e-04
9.700000000000000e-01 4.310702265562212e-04
9.704999999999999e-01 4.310950717744847e-04
9.710000000000000e-01 4.311199207600397e-04
9.714999999999999e-01 4.311447735141244e-04
9.720000000000000e-01 4.311696300379781e-04
9.724999999999999e-01 4.311944903328409e-04
9.730000000000000e-01 4.312193544431234e-04
9.734999999999999e-01 4.312442222845406e-04
9.740000000000000e-01 4.312690939006933e-04
9.744999999999999e-01 4.312939692928252e-04
9.750000000000000e-01 4.313188484621802e-04
9.754999999999999e-01 4.313437314100037e-04
9.760000000000000e-01 4.313686181375417e-04
9.764999999999999e-01 4.313935086460405e-04
9.770000000000000e-01 4.314184029367484e-04
9.774999999999999e-01 4.314433010109135e-04
9.780000000000000e-01 4.314682028697853e-04
9.784999999999999e-01 4.314931085146140e-04
9.790000000000000e-01 4.315180179466507e-04
9.794999999999999e-01 4.315429311671473e-04
9.800000000000000e-01 4.315678481773565e-04
9.804999999999999e-01 4.315927689785321e-04
9.810000000000000e-01 4.316176935719286e-04
9.814999999999999e-01 4.316426219588012e-04
9.820000000000000e-01 4.316675541404064e-04
9.824999999999999e-01 4.316924901180011e-04
9.830000000000000e-01 4.317174298928434e-04
9.834999999999999e-01 4.317423734661919e-04
9.840000000000000e-01 4.317673208393067e-04
9.844999999999999e-01 4.317922720134479e-04
9.850000000000000e-01 4.318172269898773e-04
9.854999999999999e-01 4.318421857698571e-04
9.860000000000000e-01 4.318671483546503e-04
9.864999999999999e-01 4.318921147455213e-04
9.870000000000000e-01 4.319170849437349e-04
9.874999999999999e-01 4.319420589505568e-04
9.880000000000000e-01 4.319670367672539e-04
9.884999999999999e-01 4.319920183950935e-04
9.890000000000000e-01 4.320170038353444e-04
9.894999999999999e-01 4.320419930892757e-04
9.900000000000000e-01 4.320669861588626e-04
9.904999999999999e-01 4.320919830489943e-04
9.910000000000000e-01 4.321169837516027e-04
9.914999999999999e-01 4.321419882729776e-04
9.920000000000000e-01 4.321669966143931e-04
9.924999999999999e-01 4.321920087771235e-04
9.930000000000000e-01 4.322170247624447e-04
9.934999999999999e-01 4.322420445716331e-04
9.940000000000000e-01 4.322670682059661e-04
9.944999999999999e-01 4.322920956667216e-04
9.950000000000000e-01 4.323171269551793e-04
9.954999999999999e-01 4.323421620726188e-04
9.960000000000000e-01 4.323672010203213e-04
9.964999999999999e-01 4.323922437995686e-04
9.970000000000000e-01 4.324172904116437e-04
9.974999999999999e-01 4.324423408578300e-04
9.980000000000000e-01 4.324673951394126e-04
9.984999999999999e-01 4.324924532576768e-04
9.990000000000000e-01 4.325175151763265e-04
9.994999999999999e-01 4.325425809717429e-04
