1.060025848806882e+18 9.122437657915371e+05
1.191103133283007e+18 8.259173796541084e+05
1.338388753173757e+18 8.071628267686998e+05
1.503886946955410e+18 8.684547008453949e+05
1.689849786812457e+18 8.385416896640761e+05
1.898807824465263e+18 8.670909961014253e+05
2.133604526501411e+18 9.032968858048555e+05
2.397434967801077e+18 9.603656212142975e+05
2.693889309590172e+18 9.722139179552906e+05
3.027001653763462e+18 9.450353107103904e+05
3.401304938279252e+18 8.881766836800893e+05
3.821892620633119e+18 7.860213789410739e+05
4.294487988789275e+18 6.923703536586592e+05
4.825522042741278e+18 6.370491921364417e+05
5.422221006501588e+18 5.743691159478736e+05
6.092704661368677e+18 5.222154474513607e+05
6.846096838574658e+18 4.920095726048936e+05
7.692649574879142e+18 4.693215801763224e+05
8.643882620598268e+18 4.426977462557854e+05
9.712740198471170e+18 4.094205464622494e+05
1.091376714651273e+19 3.595230827012090e+05
1.226330684177563e+19 2.911697421835082e+05
1.377972359833557e+19 2.184001823640039e+05
1.548365256585498e+19 1.547065556961083e+05
1.739828052930364e+19 9.464496042079224e+04
1.954966143091260e+19 5.034949620003382e+04
2.196707090793234e+19 2.174226603468102e+04
2.468340467068649e+19 7.042829494933289e+03
2.773562614198413e+19 1.572063318841046e+03
3.116526944929430e+19 1.960605413865224e+02
3.501900461431709e+19 9.237367237000331e+00
3.934927263095847e+19 5.630988546746041e-01
4.421499907374487e+19 1.959485041617882e-15
4.968239594734385e+19 2.053654502472724e-18
5.582586268862695e+19 9.030971252650304e-22
6.272899858196243e+19 1.471971181624125e-25
7.048574036451899e+19 7.839628264654663e-30
7.920164050192548e+19 1.203568730049193e-34
8.899530352885229e+19 4.357191790052772e-40
9.999999999999995e+19 3.161114754010765e-46
1.123654800138752e+20 4.048162468209473e-53
1.262600109874856e+20 6.717077826196080e-61
1.418726674116596e+20 1.267919992519866e-69
1.594159037456000e+20 1.838377213569179e-79
1.791284454622004e+20 2.019236092853221e-90
2.012785375849940e+20 4.612594587938194e-50
2.261675949222864e+20 1.816292214053893e-116
2.541343036702636e+20 2.278943590600304e-64
2.855592301990109e+20 3.263680694303620e-149
3.208699997370450e+20 0.000000000000000e+00
3.605471154250506e+20 0.000000000000000e+00
4.051304969235382e+20 0.000000000000000e+00
4.552268275507309e+20 0.000000000000000e+00
5.115178099293145e+20 0.000000000000000e+00
5.747694424835353e+20 0.000000000000000e+00
6.458424430196978e+20 0.000000000000000e+00
7.257039612324217e+20 0.000000000000000e+00
8.154407395185162e+20 0.000000000000000e+00
9.162739011886741e+20 0.000000000000000e+00
1.029575567312513e+21 0.000000000000000e+00
1.156887528316282e+21 0.000000000000000e+00
1.299942224413246e+21 0.000000000000000e+00
1.460686320364989e+21 0.000000000000000e+00
1.641307195375130e+21 0.000000000000000e+00
1.844262708585535e+21 0.000000000000000e+00
2.072314645219030e+21 0.000000000000000e+00
2.328566298498196e+21 0.000000000000000e+00
2.616504698748821e+21 0.000000000000000e+00
2.940048064334710e+21 0.000000000000000e+00
3.303599120128339e+21 0.000000000000000e+00
3.712105009066361e+21 0.000000000000000e+00
4.171124612056520e+21 0.000000000000000e+00
4.686904192314192e+21 0.000000000000000e+00
5.266462393484281e+21 0.000000000000000e+00
5.917685748188824e+21 0.000000000000000e+00
6.649435996665046e+21 0.000000000000000e+00
7.471670675868082e+21 0.000000000000000e+00
8.395578619995113e+21 0.000000000000000e+00
9.433732216299773e+21 0.000000000000000e+00
