1.060025848806882e+18 7.577955071109949e+07
1.191103133283007e+18 6.070678314386836e+07
1.338388753173757e+18 4.828194612620039e+07
1.503886946955410e+18 4.073608618699209e+07
1.689849786812457e+18 3.132116460338486e+07
1.898807824465263e+18 2.385941079538257e+07
2.133604526501411e+18 1.999909248042556e+07
2.397434967801077e+18 1.576038403003444e+07
2.693889309590172e+18 1.364032780150047e+07
3.027001653763462e+18 1.223439622106551e+07
3.401304938279252e+18 1.165600060481915e+07
3.821892620633119e+18 1.124123732476390e+07
4.294487988789275e+18 1.105010140005734e+07
4.825522042741278e+18 1.093113518261733e+07
5.422221006501588e+18 1.084500188291968e+07
6.092704661368677e+18 1.043270142851752e+07
6.846096838574658e+18 9.975633513174320e+06
7.692649574879142e+18 9.350077765132878e+06
8.643882620598268e+18 8.873965725597598e+06
9.712740198471170e+18 8.518926601039480e+06
1.091376714651273e+19 7.972438759462739e+06
1.226330684177563e+19 7.303290723307389e+06
1.377972359833557e+19 6.590832478863880e+06
1.548365256585498e+19 6.044879401172276e+06
1.739828052930364e+19 5.221576721112227e+06
1.954966143091260e+19 4.344275814762265e+06
2.196707090793234e+19 3.623430799887077e+06
2.468340467068649e+19 3.197632960177706e+06
2.773562614198413e+19 2.975095574126025e+06
3.116526944929430e+19 2.947029783568276e+06
3.501900461431709e+19 2.427787510194493e+06
3.934927263095847e+19 2.035527568632646e+06
4.421499907374487e+19 1.232423423136695e+06
4.968239594734385e+19 5.280556444358977e+05
5.582586268862695e+19 1.237550821468679e+05
6.272899858196243e+19 1.237278530747477e+04
7.048574036451899e+19 7.357749089569828e+02
7.920164050192548e+19 2.379552136624960e-33
8.899530352885229e+19 7.187620024854612e-39
9.999999999999995e+19 4.311268932916891e-45
1.123654800138752e+20 4.277933194501255e-52
1.262600109874856e+20 6.877547416460955e-29
1.418726674116596e+20 7.858702626474075e-69
1.594159037456000e+20 8.926322988326492e-79
1.791284454622004e+20 2.147397697089868e-43
2.012785375849940e+20 2.005421803325915e-49
2.261675949222864e+20 2.639862604137921e-56
2.541343036702636e+20 1.119770702489756e-63
2.855592301990109e+20 2.253958267786720e-149
3.208699997370450e+20 0.000000000000000e+00
3.605471154250506e+20 0.000000000000000e+00
4.051304969235382e+20 0.000000000000000e+00
4.552268275507309e+20 4.720308393435784e-119
5.115178099293145e+20 0.000000000000000e+00
5.747694424835353e+20 0.000000000000000e+00
6.458424430196978e+20 0.000000000000000e+00
7.257039612324217e+20 0.000000000000000e+00
8.154407395185162e+20 0.000000000000000e+00
9.162739011886741e+20 0.000000000000000e+00
1.029575567312513e+21 0.000000000000000e+00
1.156887528316282e+21 0.000000000000000e+00
1.299942224413246e+21 0.000000000000000e+00
1.460686320364989e+21 0.000000000000000e+00
1.641307195375130e+21 0.000000000000000e+00
1.844262708585535e+21 0.000000000000000e+00
2.072314645219030e+21 0.000000000000000e+00
2.328566298498196e+21 0.000000000000000e+00
2.616504698748821e+21 0.000000000000000e+00
2.940048064334710e+21 0.000000000000000e+00
3.303599120128339e+21 0.000000000000000e+00
3.712105009066361e+21 0.000000000000000e+00
4.171124612056520e+21 0.000000000000000e+00
4.686904192314192e+21 0.000000000000000e+00
5.266462393484281e+21 0.000000000000000e+00
5.917685748188824e+21 0.000000000000000e+00
6.649435996665046e+21 0.000000000000000e+00
7.471670675868082e+21 0.000000000000000e+00
8.395578619995113e+21 0.000000000000000e+00
9.433732216299773e+21 0.000000000000000e+00
