-1.000000000000000e+00 1.110091550331905e-03
-9.805000000000000e-01 1.113827727649698e-03
-9.610000000000000e-01 1.117602898527277e-03
-9.415000000000000e-01 1.121418256297359e-03
-9.219999999999999e-01 1.125273921173385e-03
-9.025000000000000e-01 1.129170909635991e-03
-8.830000000000000e-01 1.133109900353938e-03
-8.634999999999999e-01 1.137093913254508e-03
-8.440000000000000e-01 1.141119540700530e-03
-8.245000000000000e-01 1.145190522087808e-03
-8.050000000000000e-01 1.149308558601833e-03
-7.855000000000000e-01 1.153473275940550e-03
-7.660000000000000e-01 1.157683006010025e-03
-7.464999999999997e-01 1.161943181778636e-03
-7.270000000000000e-01 1.166253448403804e-03
-7.075000000000001e-01 1.170614807003570e-03
-6.879999999999998e-01 1.175026681731897e-03
-6.685000000000001e-01 1.179492549736167e-03
-6.490000000000000e-01 1.184012426684587e-03
-6.295000000000002e-01 1.188588025094825e-03
-6.100000000000001e-01 1.193220816803376e-03
-5.904999999999999e-01 1.197911518908425e-03
-5.709999999999998e-01 1.202661159550933e-03
-5.515000000000001e-01 1.207471994893594e-03
-5.320000000000001e-01 1.212344397508993e-03
-5.125000000000001e-01 1.217281450504909e-03
-4.930000000000001e-01 1.222282424528358e-03
-4.735000000000001e-01 1.227351921697856e-03
-4.540000000000000e-01 1.232489249726529e-03
-4.345000000000002e-01 1.237698572086036e-03
-4.150000000000000e-01 1.242977402113007e-03
-3.955000000000000e-01 1.248331023636024e-03
-3.759999999999999e-01 1.253760637664179e-03
-3.564999999999999e-01 1.259268106324719e-03
-3.370000000000000e-01 1.264854279390387e-03
-3.174999999999999e-01 1.270525847090153e-03
-2.979999999999999e-01 1.276276611410758e-03
-2.785000000000000e-01 1.282121686431729e-03
-2.589999999999999e-01 1.288049422597056e-03
-2.394999999999999e-01 1.294071260057995e-03
-2.199999999999999e-01 1.300187639916569e-03
-2.004999999999999e-01 1.306398324480093e-03
-1.809999999999999e-01 1.312712349906156e-03
-1.615000000000001e-01 1.319128668156961e-03
-1.420000000000001e-01 1.325649991094074e-03
-1.225000000000000e-01 1.332280714208019e-03
-1.029999999999999e-01 1.339025363223515e-03
-8.349999999999999e-02 1.345885132782776e-03
-6.400000000000007e-02 1.352865630343620e-03
-4.449999999999989e-02 1.359971862218625e-03
-2.500000000000004e-02 1.367202502032492e-03
-5.499999999999857e-03 1.374569651522600e-03
1.400000000000017e-02 1.382072152828620e-03
3.349999999999984e-02 1.389714833655103e-03
5.299999999999994e-02 1.397508699628745e-03
7.250000000000016e-02 1.405453288023985e-03
9.200000000000018e-02 1.413556307186985e-03
1.114999999999999e-01 1.421822591032594e-03
1.310000000000002e-01 1.430259879717738e-03
1.505000000000001e-01 1.438874824844389e-03
1.700000000000000e-01 1.447674378048935e-03
1.895000000000001e-01 1.456669758194679e-03
2.090000000000000e-01 1.465856913660719e-03
2.285000000000000e-01 1.475257421137714e-03
2.480000000000000e-01 1.484875793634634e-03
2.675000000000001e-01 1.494725475687231e-03
2.869999999999999e-01 1.504813559701950e-03
3.065000000000000e-01 1.515153321004451e-03
3.260000000000000e-01 1.525759362337920e-03
3.454999999999999e-01 1.536644375630166e-03
3.650000000000002e-01 1.547824038696201e-03
3.844999999999998e-01 1.559317825748691e-03
4.040000000000002e-01 1.571144175745249e-03
4.234999999999999e-01 1.583325399729952e-03
4.429999999999998e-01 1.595884897362145e-03
4.625000000000000e-01 1.608852653955224e-03
4.819999999999999e-01 1.622257525011555e-03
5.014999999999999e-01 1.636137233718584e-03
5.209999999999999e-01 1.650531221128580e-03
5.404999999999998e-01 1.665487365492559e-03
5.600000000000001e-01 1.681058026279544e-03
5.794999999999999e-01 1.697306252026922e-03
5.990000000000000e-01 1.714304531745341e-03
6.185000000000000e-01 1.732135530352756e-03
6.379999999999999e-01 1.750898728672528e-03
6.575000000000000e-01 1.770708226620130e-03
6.769999999999998e-01 1.791702416978983e-03
6.965000000000001e-01 1.814043948992557e-03
7.160000000000000e-01 1.837927508761178e-03
7.354999999999998e-01 1.863589608771032e-03
7.549999999999999e-01 1.891321171237593e-03
7.745000000000000e-01 1.921482170415252e-03
7.940000000000000e-01 1.954526641309746e-03
8.134999999999999e-01 1.991037528077018e-03
8.329999999999997e-01 2.031784640998109e-03
8.525000000000000e-01 2.077812514370012e-03
8.719999999999999e-01 2.130595505660568e-03
8.915000000000000e-01 2.192322047753212e-03
9.110000000000000e-01 2.266469649610215e-03
9.304999999999999e-01 2.359116568382505e-03
9.500000000000000e-01 2.482543955129561e-03
9.504999999999999e-01 2.486313806339757e-03
9.510000000000000e-01 2.490122614134747e-03
9.514999999999999e-01 2.493970064493773e-03
9.520000000000000e-01 2.497858070564457e-03
9.524999999999999e-01 2.501787194457676e-03
9.530000000000000e-01 2.505758294043251e-03
9.534999999999999e-01 2.509772285970811e-03
9.540000000000000e-01 2.513830126695840e-03
9.544999999999999e-01 2.517932805272533e-03
9.550000000000000e-01 2.522081330500612e-03
9.554999999999999e-01 2.526276775232678e-03
9.560000000000000e-01 2.530520217124335e-03
9.564999999999999e-01 2.534812785444335e-03
9.570000000000000e-01 2.539155652057368e-03
9.574999999999999e-01 2.543550035410359e-03
9.580000000000000e-01 2.547997184060685e-03
9.584999999999999e-01 2.552498398728884e-03
9.590000000000000e-01 2.557054990504647e-03
9.594999999999999e-01 2.561668571814232e-03
9.600000000000000e-01 2.566340395646828e-03
9.604999999999999e-01 2.571072051769689e-03
9.610000000000000e-01 2.575865085057227e-03
9.614999999999999e-01 2.580721209905721e-03
9.620000000000000e-01 2.585642024067214e-03
9.624999999999999e-01 2.590629425914357e-03
9.630000000000000e-01 2.595685227988707e-03
9.634999999999999e-01 2.600811367997718e-03
9.640000000000000e-01 2.606009880680144e-03
9.644999999999999e-01 2.611282863697192e-03
9.650000000000000e-01 2.616632522268062e-03
9.654999999999999e-01 2.622061172679586e-03
9.660000000000000e-01 2.627571221857462e-03
9.664999999999999e-01 2.633165173874314e-03
9.670000000000000e-01 2.638845731694425e-03
9.674999999999999e-01 2.644615613659014e-03
9.680000000000000e-01 2.650477745190664e-03
9.684999999999999e-01 2.656435168649220e-03
9.690000000000000e-01 2.662491090508382e-03
9.694999999999999e-01 2.668648889979783e-03
9.700000000000000e-01 2.674912096481730e-03
9.704999999999999e-01 2.681284490982918e-03
9.710000000000000e-01 2.687769971868451e-03
9.714999999999999e-01 2.694372711215720e-03
9.720000000000000e-01 2.701097091702416e-03
9.724999999999999e-01 2.707947761027014e-03
9.730000000000000e-01 2.714929630869135e-03
9.734999999999999e-01 2.722047904760945e-03
9.740000000000000e-01 2.729308101675585e-03
9.744999999999999e-01 2.736716161644486e-03
9.750000000000000e-01 2.744278071757226e-03
9.754999999999999e-01 2.752000703071638e-03
9.760000000000000e-01 2.759891060014769e-03
9.764999999999999e-01 2.767956673191301e-03
9.770000000000000e-01 2.776205608462656e-03
9.774999999999999e-01 2.784646508419203e-03
9.780000000000000e-01 2.793288599171145e-03
9.784999999999999e-01 2.802141822827391e-03
9.790000000000000e-01 2.811216863966091e-03
9.794999999999999e-01 2.820525223912677e-03
9.800000000000000e-01 2.830079308959195e-03
9.804999999999999e-01 2.839892621618878e-03
9.810000000000000e-01 2.849979631110035e-03
9.814999999999999e-01 2.860356183190983e-03
9.820000000000000e-01 2.871039470806406e-03
9.824999999999999e-01 2.882048261048131e-03
9.830000000000000e-01 2.893403071118449e-03
9.834999999999999e-01 2.905126427492693e-03
9.840000000000000e-01 2.917243046723495e-03
9.844999999999999e-01 2.929780258342661e-03
9.850000000000000e-01 2.942768273276347e-03
9.854999999999999e-01 2.956240538810013e-03
9.860000000000000e-01 2.970234485894981e-03
9.864999999999999e-01 2.984791854220313e-03
9.870000000000000e-01 2.999959616348964e-03
9.874999999999999e-01 3.015790730093694e-03
9.880000000000000e-01 3.032345127489077e-03
9.884999999999999e-01 3.049691257811211e-03
9.890000000000000e-01 3.067907528789354e-03
9.894999999999999e-01 3.087084212521906e-03
9.900000000000000e-01 3.107326225105224e-03
9.904999999999999e-01 3.128756208930041e-03
9.910000000000000e-01 3.151518769918002e-03
9.914999999999999e-01 3.175785857415291e-03
9.920000000000000e-01 3.201764106133400e-03
9.924999999999999e-01 3.229704562066893e-03
9.930000000000000e-01 3.259916129681291e-03
9.934999999999999e-01 3.292784470205391e-03
9.940000000000000e-01 3.328798973912305e-03
9.944999999999999e-01 3.368592652453636e-03
9.950000000000000e-01 3.413003028993118e-03
9.954999999999999e-01 3.463168097988125e-03
9.960000000000000e-01 3.520684144841284e-03
9.964999999999999e-01 3.587882343424151e-03
9.970000000000000e-01 3.668341819061590e-03
9.974999999999999e-01 3.767931486698458e-03
9.980000000000000e-01 3.897182075834887e-03
9.984999999999999e-01 4.077641667476915e-03
9.990000000000000e-01 4.363855857854286e-03
9.994999999999999e-01 4.966828686653758e-03
