-1.000000000000000e+00 4.845057996501584e-04
-9.805000000000000e-01 4.871097720646045e-04
-9.610000000000000e-01 4.897533697261395e-04
-9.415000000000000e-01 4.924375480298041e-04
-9.219999999999999e-01 4.951632942487264e-04
-9.025000000000000e-01 4.979318785059137e-04
-8.830000000000000e-01 5.007442211759116e-04
-8.634999999999999e-01 5.036015582221813e-04
-8.440000000000000e-01 5.065050869376504e-04
-8.245000000000000e-01 5.094560503905042e-04
-8.050000000000000e-01 5.124557393448331e-04
-7.855000000000000e-01 5.155055213741068e-04
-7.660000000000000e-01 5.186067788259964e-04
-7.464999999999997e-01 5.217609387170186e-04
-7.270000000000000e-01 5.249695530700298e-04
-7.075000000000001e-01 5.282341675169612e-04
-6.879999999999998e-01 5.315564157991106e-04
-6.685000000000001e-01 5.349379997428628e-04
-6.490000000000000e-01 5.383806846736860e-04
-6.295000000000002e-01 5.418863390990764e-04
-6.100000000000001e-01 5.454568740508077e-04
-5.904999999999999e-01 5.490943054887425e-04
-5.709999999999998e-01 5.527908752173685e-04
-5.515000000000001e-01 5.565782177756200e-04
-5.320000000000001e-01 5.604292927745761e-04
-5.125000000000001e-01 5.643561792094686e-04
-4.930000000000001e-01 5.683613944047704e-04
-4.735000000000001e-01 5.724472807228646e-04
-4.540000000000000e-01 5.766174648456753e-04
-4.345000000000002e-01 5.808739343505267e-04
-4.150000000000000e-01 5.852199731507482e-04
-3.955000000000000e-01 5.896587572473502e-04
-3.759999999999999e-01 5.941933631841851e-04
-3.564999999999999e-01 5.988279473856697e-04
-3.370000000000000e-01 6.035657849719140e-04
-3.174999999999999e-01 6.084101785844240e-04
-2.979999999999999e-01 6.133658836032436e-04
-2.785000000000000e-01 6.184369808529520e-04
-2.589999999999999e-01 6.236279041896402e-04
-2.394999999999999e-01 6.289434630173161e-04
-2.199999999999999e-01 6.343886678664281e-04
-2.004999999999999e-01 6.399688336030612e-04
-1.809999999999999e-01 6.456895616153267e-04
-1.615000000000001e-01 6.515567831509875e-04
-1.420000000000001e-01 6.575768957718592e-04
-1.225000000000000e-01 6.637563270327676e-04
-1.029999999999999e-01 6.701024346523482e-04
-8.349999999999999e-02 6.766222937207761e-04
-6.400000000000007e-02 6.833250796016093e-04
-4.449999999999989e-02 6.902182071063781e-04
-2.500000000000004e-02 6.973111536209607e-04
-5.499999999999857e-03 7.046137746685179e-04
1.400000000000017e-02 7.121363863178327e-04
3.349999999999984e-02 7.198901910488152e-04
5.299999999999994e-02 7.278871538128103e-04
7.250000000000016e-02 7.361401321021499e-04
9.200000000000018e-02 7.446629404000252e-04
1.114999999999999e-01 7.534704555497908e-04
1.310000000000002e-01 7.625788155303276e-04
1.505000000000001e-01 7.720051382823145e-04
1.700000000000000e-01 7.817684929348972e-04
1.895000000000001e-01 7.918888933820427e-04
2.090000000000000e-01 8.023886809779312e-04
2.285000000000000e-01 8.132918711947401e-04
2.480000000000000e-01 8.246246459909983e-04
2.675000000000001e-01 8.364157335112445e-04
2.869999999999999e-01 8.486965635991129e-04
3.065000000000000e-01 8.615011162958979e-04
3.260000000000000e-01 8.748689210274134e-04
3.454999999999999e-01 8.888404253133854e-04
3.650000000000002e-01 9.034625835333961e-04
3.844999999999998e-01 9.187870096981629e-04
4.040000000000002e-01 9.348710970924985e-04
4.234999999999999e-01 9.517793664625519e-04
4.429999999999998e-01 9.695836983851769e-04
4.625000000000000e-01 9.883654472988758e-04
4.819999999999999e-01 1.008216399911193e-03
5.014999999999999e-01 1.029241061338724e-03
5.209999999999999e-01 1.051558675889852e-03
5.404999999999998e-01 1.075306018744047e-03
5.600000000000001e-01 1.100641064538833e-03
5.794999999999999e-01 1.127746994623493e-03
5.990000000000000e-01 1.156838309365607e-03
6.185000000000000e-01 1.188167304673886e-03
6.379999999999999e-01 1.222033494914013e-03
6.575000000000000e-01 1.288657420326363e-03
6.769999999999998e-01 1.322244036678167e-03
6.965000000000001e-01 1.361893062169512e-03
7.160000000000000e-01 1.406874068260788e-03
7.354999999999998e-01 1.457356573304990e-03
7.549999999999999e-01 1.514761090159391e-03
7.745000000000000e-01 1.580167802556416e-03
7.940000000000000e-01 1.655083561916943e-03
8.134999999999999e-01 1.742137941079357e-03
8.329999999999997e-01 1.844699505080036e-03
8.525000000000000e-01 1.967478890358311e-03
8.719999999999999e-01 2.118226844613341e-03
8.915000000000000e-01 2.308925264652900e-03
9.110000000000000e-01 2.560294840855856e-03
9.304999999999999e-01 2.912567606264852e-03
9.500000000000000e-01 3.457674115734193e-03
9.504999999999999e-01 3.475887187305937e-03
9.510000000000000e-01 3.494335720578348e-03
9.514999999999999e-01 3.512971798775718e-03
9.520000000000000e-01 3.531952749820134e-03
9.524999999999999e-01 3.551228527625357e-03
9.530000000000000e-01 3.570818374116391e-03
9.534999999999999e-01 3.590721876665148e-03
9.540000000000000e-01 3.610961384119747e-03
9.544999999999999e-01 3.631475803343868e-03
9.550000000000000e-01 3.652439094662783e-03
9.554999999999999e-01 3.673703345424925e-03
9.560000000000000e-01 3.695386043090696e-03
9.564999999999999e-01 3.717344317581454e-03
9.570000000000000e-01 3.739731778749024e-03
9.574999999999999e-01 3.762568296711444e-03
9.580000000000000e-01 3.785765248932382e-03
9.584999999999999e-01 3.809343040595469e-03
9.590000000000000e-01 3.833296778081393e-03
9.594999999999999e-01 3.857827172418274e-03
9.600000000000000e-01 3.882831895626873e-03
9.604999999999999e-01 3.908208432268200e-03
9.610000000000000e-01 3.934182666321739e-03
9.614999999999999e-01 3.960564065191175e-03
9.620000000000000e-01 3.987569476538599e-03
9.624999999999999e-01 4.015109584280838e-03
9.630000000000000e-01 4.043113272794327e-03
9.634999999999999e-01 4.071790887133104e-03
9.640000000000000e-01 4.100923134553558e-03
9.644999999999999e-01 4.130813188452649e-03
9.650000000000000e-01 4.161300544761990e-03
9.654999999999999e-01 4.192456248921947e-03
9.660000000000000e-01 4.224252095323009e-03
9.664999999999999e-01 4.256818781785588e-03
9.670000000000000e-01 4.290187215648933e-03
9.674999999999999e-01 4.324253743481820e-03
9.680000000000000e-01 4.359071925378892e-03
9.684999999999999e-01 4.394768636024026e-03
9.690000000000000e-01 4.431368314516348e-03
9.694999999999999e-01 4.468778393475785e-03
9.700000000000000e-01 4.506945495140546e-03
9.704999999999999e-01 4.546545829426620e-03
9.710000000000000e-01 4.586895516431979e-03
9.714999999999999e-01 4.628398318169686e-03
9.720000000000000e-01 4.670749131593888e-03
9.724999999999999e-01 4.714670686467827e-03
9.730000000000000e-01 4.759594775419066e-03
9.734999999999999e-01 4.805790034107736e-03
9.740000000000000e-01 4.853431592531703e-03
9.744999999999999e-01 4.902283751790564e-03
9.750000000000000e-01 4.952688290501798e-03
9.754999999999999e-01 5.004744456884064e-03
9.760000000000000e-01 5.058269231959843e-03
9.764999999999999e-01 5.113504358445951e-03
9.770000000000000e-01 5.170627427293828e-03
9.774999999999999e-01 5.229609627092244e-03
9.780000000000000e-01 5.290593266769800e-03
9.784999999999999e-01 5.353647595221946e-03
9.790000000000000e-01 5.419067930935202e-03
9.794999999999999e-01 5.486854802267713e-03
9.800000000000000e-01 5.557135391399111e-03
9.804999999999999e-01 5.630063479034212e-03
9.810000000000000e-01 5.705907797144658e-03
9.814999999999999e-01 5.784810208116782e-03
9.820000000000000e-01 5.866994080843526e-03
9.824999999999999e-01 5.952577458425981e-03
9.830000000000000e-01 6.042146223615904e-03
9.834999999999999e-01 6.135641974142629e-03
9.840000000000000e-01 6.233466885282687e-03
9.844999999999999e-01 6.336024325904047e-03
9.850000000000000e-01 6.443712946869662e-03
9.854999999999999e-01 6.556971907514788e-03
9.860000000000000e-01 6.676258466369286e-03
9.864999999999999e-01 6.801977789305050e-03
9.870000000000000e-01 6.935018686983496e-03
9.874999999999999e-01 7.076053456566481e-03
9.880000000000000e-01 7.225695473841065e-03
9.884999999999999e-01 7.385011111605528e-03
9.890000000000000e-01 7.555200302293969e-03
9.894999999999999e-01 7.737313588538098e-03
9.900000000000000e-01 7.933092619119323e-03
9.904999999999999e-01 8.143918023451017e-03
9.910000000000000e-01 8.372382468461521e-03
9.914999999999999e-01 8.620633037628486e-03
9.920000000000000e-01 8.891843469965591e-03
9.924999999999999e-01 9.189754958020701e-03
9.930000000000000e-01 9.519145652691845e-03
9.934999999999999e-01 9.885799932456554e-03
9.940000000000000e-01 1.029763966142778e-02
9.944999999999999e-01 1.076416268915618e-02
9.950000000000000e-01 1.129922458100785e-02
9.954999999999999e-01 1.192130772340372e-02
9.960000000000000e-01 1.265673243429550e-02
9.964999999999999e-01 1.354463924254787e-02
9.970000000000000e-01 1.464648472640316e-02
9.974999999999999e-01 1.606426659768830e-02
9.980000000000000e-01 1.798518432845857e-02
9.984999999999999e-01 2.080046377500868e-02
9.990000000000000e-01 2.552367410594339e-02
9.994999999999999e-01 3.618676606721045e-02
