-1.000000000000000e+00 2.351089672202457e-01
-9.994965423831851e-01 2.351454982050809e-01
-9.979866764718843e-01 2.352426420552524e-01
-9.954719225730846e-01 2.354125148211887e-01
-9.919548128307953e-01 2.356478995692479e-01
-9.874388886763943e-01 2.359494562520580e-01
-9.819286972627066e-01 2.363221375052467e-01
-9.754297868854070e-01 2.367624033406075e-01
-9.679487013963562e-01 2.372793695619415e-01
-9.594929736144974e-01 2.378507748448891e-01
-9.500711177409453e-01 2.385021053994222e-01
-9.396926207859083e-01 2.392220247910891e-01
-9.283679330160726e-01 2.400155306728230e-01
-9.161084574320695e-01 2.408857512971254e-01
-9.029265382866211e-01 2.418253079829954e-01
-8.888354486549234e-01 2.428405237213283e-01
-8.738493770697849e-01 2.439368741536343e-01
-8.579834132349771e-01 2.451095797609392e-01
-8.412535328311810e-01 2.463626426885595e-01
-8.236765814298327e-01 2.476984458348635e-01
-8.052702575310586e-01 2.491186801618846e-01
-7.860530947427873e-01 2.506233600409200e-01
-7.660444431189779e-01 2.522228932396060e-01
-7.452644496757547e-01 2.539000239713079e-01
-7.237340381050702e-01 2.556765383927259e-01
-7.014748877063210e-01 2.575521161332419e-01
-6.785094115571321e-01 2.595196496574487e-01
-6.548607339452851e-01 2.615916199053626e-01
-6.305526670845222e-01 2.637674174230873e-01
-6.056096871376665e-01 2.660526907863809e-01
-5.800569095711980e-01 2.684488988961019e-01
-5.539200638661103e-01 2.709609346109516e-01
-5.272254676105025e-01 2.735929293660903e-01
-4.999999999999998e-01 2.763494507751761e-01
-4.722710747726826e-01 2.792365741390336e-01
-4.440666126057737e-01 2.822558795619206e-01
-4.154150130018863e-01 2.854155250716503e-01
-3.863451256931285e-01 2.887236638997545e-01
-3.568862215918718e-01 2.921801854572357e-01
-3.270679633174214e-01 2.957991711186901e-01
-2.969203753282748e-01 2.995800236184812e-01
-2.664738136900348e-01 3.035383898366218e-01
-2.357589355094272e-01 3.076768054941273e-01
-2.048066680651905e-01 3.120031693895532e-01
-1.736481776669303e-01 3.165419632307533e-01
-1.423148382732850e-01 3.212877047040247e-01
-1.108381999010110e-01 3.262555130695406e-01
-7.924995685678832e-02 3.314543019794228e-01
-4.758191582374206e-02 3.369084191069704e-01
-1.586596383480781e-02 3.426164482013127e-01
1.586596383480815e-02 3.486067276106379e-01
4.758191582374240e-02 3.548902187872076e-01
7.924995685678866e-02 3.614868883739082e-01
1.108381999010111e-01 3.684156725957639e-01
1.423148382732853e-01 3.756989940300995e-01
1.736481776669304e-01 3.833593970695324e-01
2.048066680651908e-01 3.914387363774651e-01
2.357589355094273e-01 3.999183875301207e-01
2.664738136900351e-01 4.088764793670376e-01
2.969203753282749e-01 4.183322188699843e-01
3.270679633174218e-01 4.283211754826145e-01
3.568862215918719e-01 4.388862997520476e-01
3.863451256931288e-01 4.500764683735545e-01
4.154150130018864e-01 4.619369185883703e-01
4.440666126057742e-01 4.743239616554594e-01
4.722710747726827e-01 4.879248066012436e-01
5.000000000000003e-01 5.021798418076668e-01
5.272254676105026e-01 5.173884246700018e-01
5.539200638661104e-01 5.336370811033128e-01
5.800569095711982e-01 5.510365850391745e-01
6.056096871376669e-01 5.696881635156692e-01
6.305526670845226e-01 5.897443089901691e-01
6.548607339452851e-01 6.113534354912064e-01
6.785094115571322e-01 6.346997090105966e-01
7.014748877063215e-01 6.599846066401514e-01
7.237340381050703e-01 6.874631184402691e-01
7.452644496757548e-01 7.174006976516677e-01
7.660444431189780e-01 7.501514489435526e-01
7.860530947427876e-01 7.861129734848535e-01
8.052702575310586e-01 8.257710272754295e-01
8.236765814298328e-01 8.697016431793844e-01
8.412535328311813e-01 9.186344168007901e-01
8.579834132349772e-01 9.734369568398578e-01
8.738493770697850e-01 1.052632297162357e+00
8.888354486549235e-01 1.116291302160490e+00
9.029265382866214e-01 1.192391534804697e+00
9.161084574320697e-01 1.281826824399773e+00
9.283679330160727e-01 1.387505478167145e+00
9.396926207859083e-01 1.510063226020004e+00
9.500711177409454e-01 1.665487891746519e+00
9.594929736144975e-01 1.852221527155387e+00
9.679487013963562e-01 2.086592959159549e+00
9.754297868854070e-01 2.386766391069253e+00
9.819286972627067e-01 2.793483830671075e+00
9.874388886763944e-01 3.361185504866138e+00
9.919548128307953e-01 4.214388041992439e+00
9.954719225730846e-01 5.638543950341561e+00
9.979866764718844e-01 8.489974763107355e+00
9.994965423831851e-01 1.705211710842793e+01
1.000000000000000e+00 2.732014840197350e+01
