-1.000000000000000e+00 4.943398134489047e-01
-9.994965423831851e-01 4.943425905575727e-01
-9.979866764718843e-01 4.943509194015600e-01
-9.954719225730846e-01 4.943647925361878e-01
-9.919548128307953e-01 4.943841975582231e-01
-9.874388886763943e-01 4.944091171127367e-01
-9.819286972627066e-01 4.944395289027168e-01
-9.754297868854070e-01 4.944754057014567e-01
-9.679487013963562e-01 4.945167153677227e-01
-9.594929736144974e-01 4.945634208637556e-01
-9.500711177409453e-01 4.946154802760887e-01
-9.396926207859083e-01 4.946728468392562e-01
-9.283679330160726e-01 4.947354689623817e-01
-9.161084574320695e-01 4.948032902587285e-01
-9.029265382866211e-01 4.948762495782210e-01
-8.888354486549234e-01 4.949542810429942e-01
-8.738493770697849e-01 4.950373140860100e-01
-8.579834132349771e-01 4.951252734928056e-01
-8.412535328311810e-01 4.952180794464059e-01
-8.236765814298327e-01 4.953156475754665e-01
-8.052702575310586e-01 4.954178890057032e-01
-7.860530947427873e-01 4.955247104146605e-01
-7.660444431189779e-01 4.956360140898871e-01
-7.452644496757547e-01 4.957516979905670e-01
-7.237340381050702e-01 4.958716558126776e-01
-7.014748877063210e-01 4.959957770577353e-01
-6.785094115571321e-01 4.961239471051822e-01
-6.548607339452851e-01 4.962560472884868e-01
-6.305526670845222e-01 4.963919549750084e-01
-6.056096871376665e-01 4.965315436496931e-01
-5.800569095711980e-01 4.966746830026506e-01
-5.539200638661103e-01 4.968212390206774e-01
-5.272254676105025e-01 4.969710740827677e-01
-4.999999999999998e-01 4.971240470596708e-01
-4.722710747726826e-01 4.972800134175359e-01
-4.440666126057737e-01 4.974388253256881e-01
-4.154150130018863e-01 4.976003317685731e-01
-3.863451256931285e-01 4.977643786619004e-01
-3.568862215918718e-01 4.979308089730142e-01
-3.270679633174214e-01 4.980994628455095e-01
-2.969203753282748e-01 4.982701777281074e-01
-2.664738136900348e-01 4.984427885077946e-01
-2.357589355094272e-01 4.986171276472264e-01
-2.048066680651905e-01 4.987930253263800e-01
-1.736481776669303e-01 4.989703095884382e-01
-1.423148382732850e-01 4.991488064898755e-01
-1.108381999010110e-01 4.993283402547047e-01
-7.924995685678832e-02 4.995087334328341e-01
-4.758191582374206e-02 4.996898070624723e-01
-1.586596383480781e-02 4.998713808365082e-01
1.586596383480815e-02 5.000532732727789e-01
4.758191582374240e-02 5.002353018881269e-01
7.924995685678866e-02 5.004172833761356e-01
1.108381999010111e-01 5.005990337884171e-01
1.423148382732853e-01 5.007803687193120e-01
1.736481776669304e-01 5.009611034938515e-01
2.048066680651908e-01 5.011410533588093e-01
2.357589355094273e-01 5.013200336766658e-01
2.664738136900351e-01 5.014978601222849e-01
2.969203753282749e-01 5.016743488820915e-01
3.270679633174218e-01 5.018493168555264e-01
3.568862215918719e-01 5.020225818585341e-01
3.863451256931288e-01 5.021939628288272e-01
4.154150130018864e-01 5.023632800326613e-01
4.440666126057742e-01 5.025303552728325e-01
4.722710747726827e-01 5.026950120975977e-01
5.000000000000003e-01 5.028570760102105e-01
5.272254676105026e-01 5.030163746787440e-01
5.539200638661104e-01 5.031727381458667e-01
5.800569095711982e-01 5.033259990382170e-01
6.056096871376669e-01 5.034759927750264e-01
6.305526670845226e-01 5.036225577756120e-01
6.548607339452851e-01 5.037655356653656e-01
6.785094115571322e-01 5.039047714798512e-01
7.014748877063215e-01 5.040401138666173e-01
7.237340381050703e-01 5.041714152843246e-01
7.452644496757548e-01 5.042985321987861e-01
7.660444431189780e-01 5.044213252755103e-01
7.860530947427876e-01 5.045396595683439e-01
8.052702575310586e-01 5.046534047037985e-01
8.236765814298328e-01 5.047624350606593e-01
8.412535328311813e-01 5.048666299444666e-01
8.579834132349772e-01 5.049658737564739e-01
8.738493770697850e-01 5.050600561566826e-01
8.888354486549235e-01 5.051490722205707e-01
9.029265382866214e-01 5.052328225891376e-01
9.161084574320697e-01 5.053112136118937e-01
9.283679330160727e-01 5.053841574824458e-01
9.396926207859083e-01 5.054515723663351e-01
9.500711177409454e-01 5.055133825208042e-01
9.594929736144975e-01 5.055695184061845e-01
9.679487013963562e-01 5.056199167886178e-01
9.754297868854070e-01 5.056645208338404e-01
9.819286972627067e-01 5.057032801917841e-01
9.874388886763944e-01 5.057361510717699e-01
9.919548128307953e-01 5.057630963080904e-01
9.954719225730846e-01 5.057840854158093e-01
9.979866764718844e-01 5.057990946366203e-01
9.994965423831851e-01 5.058081069746506e-01
1.000000000000000e+00 5.058111122220987e-01
