-1.000000000000000e+00 4.720970418488196e-01
-9.994965423831851e-01 4.721088643385790e-01
-9.979866764718843e-01 4.721443273738571e-01
-9.954719225730846e-01 4.722034176443066e-01
-9.919548128307953e-01 4.722861129381812e-01
-9.874388886763943e-01 4.723923821005750e-01
-9.819286972627066e-01 4.725221849749360e-01
-9.754297868854070e-01 4.726754723278341e-01
-9.679487013963562e-01 4.728521857569498e-01
-9.594929736144974e-01 4.730522575822741e-01
-9.500711177409453e-01 4.732756107204558e-01
-9.396926207859083e-01 4.735221585422819e-01
-9.283679330160726e-01 4.737918047132413e-01
-9.161084574320695e-01 4.740844430171322e-01
-9.029265382866211e-01 4.743999571626735e-01
-8.888354486549234e-01 4.747382205730849e-01
-8.738493770697849e-01 4.750990961585937e-01
-8.579834132349771e-01 4.754824360718450e-01
-8.412535328311810e-01 4.758880814461929e-01
-8.236765814298327e-01 4.763158621170194e-01
-8.052702575310586e-01 4.767655963250567e-01
-7.860530947427873e-01 4.772370904043584e-01
-7.660444431189779e-01 4.777301384516187e-01
-7.452644496757547e-01 4.782445219786559e-01
-7.237340381050702e-01 4.787800095486524e-01
-7.014748877063210e-01 4.793363563950449e-01
-6.785094115571321e-01 4.799133040238298e-01
-6.548607339452851e-01 4.805105797993626e-01
-6.305526670845222e-01 4.811278965138422e-01
-6.056096871376665e-01 4.817649519409007e-01
-5.800569095711980e-01 4.824214283729724e-01
-5.539200638661103e-01 4.830969921445174e-01
-5.272254676105025e-01 4.837912931392057e-01
-4.999999999999998e-01 4.845039642833181e-01
-4.722710747726826e-01 4.852346210255942e-01
-4.440666126057737e-01 4.859828608039933e-01
-4.154150130018863e-01 4.867482625001467e-01
-3.863451256931285e-01 4.875303858832109e-01
-3.568862215918718e-01 4.883287710428185e-01
-3.270679633174214e-01 4.891429378137285e-01
-2.969203753282748e-01 4.899723851925861e-01
-2.664738136900348e-01 4.908165907489360e-01
-2.357589355094272e-01 4.916750100315795e-01
-2.048066680651905e-01 4.925470759727541e-01
-1.736481776669303e-01 4.934321982919018e-01
-1.423148382732850e-01 4.943297629014823e-01
-1.108381999010110e-01 4.952391313174191e-01
-7.924995685678832e-02 4.961596400770363e-01
-4.758191582374206e-02 4.970906001676503e-01
-1.586596383480781e-02 4.980312964692761e-01
1.586596383480815e-02 4.989809872152664e-01
4.758191582374240e-02 4.999389034750404e-01
7.924995685678866e-02 5.009042486634556e-01
1.108381999010111e-01 5.018761980817826e-01
1.423148382732853e-01 5.028538989733106e-01
1.736481776669304e-01 5.038364677559991e-01
2.048066680651908e-01 5.048229944688425e-01
2.357589355094273e-01 5.058125377215978e-01
2.664738136900351e-01 5.068041268724734e-01
2.969203753282749e-01 5.077967614114137e-01
3.270679633174218e-01 5.087894109009545e-01
3.568862215918719e-01 5.097810150061677e-01
3.863451256931288e-01 5.107704836234453e-01
4.154150130018864e-01 5.117566971185060e-01
4.440666126057742e-01 5.127385066847123e-01
4.722710747726827e-01 5.137147348332578e-01
5.000000000000003e-01 5.146841760276998e-01
5.272254676105026e-01 5.156455974755082e-01
5.539200638661104e-01 5.165977400904227e-01
5.800569095711982e-01 5.175393196393433e-01
6.056096871376669e-01 5.184690280885734e-01
6.305526670845226e-01 5.193855351641170e-01
6.548607339452851e-01 5.202874901412559e-01
6.785094115571322e-01 5.211735238789449e-01
7.014748877063215e-01 5.220422511142599e-01
7.237340381050703e-01 5.228922730319948e-01
7.452644496757548e-01 5.237221801246413e-01
7.660444431189780e-01 5.245305553562211e-01
7.860530947427876e-01 5.253159776431202e-01
8.052702575310586e-01 5.260770258464472e-01
8.236765814298328e-01 5.268122821913063e-01
8.412535328311813e-01 5.275203378538208e-01
8.579834132349772e-01 5.281997970763851e-01
8.738493770697850e-01 5.288492825456318e-01
8.888354486549235e-01 5.294674409332960e-01
9.029265382866214e-01 5.300529487769873e-01
9.161084574320697e-01 5.306045184995907e-01
9.283679330160727e-01 5.311209056457842e-01
9.396926207859083e-01 5.316009145534278e-01
9.500711177409454e-01 5.320434060945812e-01
9.594929736144975e-01 5.324473046713305e-01
9.679487013963562e-01 5.328116055123296e-01
9.754297868854070e-01 5.331353820230444e-01
9.819286972627067e-01 5.334177930944550e-01
9.874388886763944e-01 5.336580903307223e-01
9.919548128307953e-01 5.338556247926777e-01
9.954719225730846e-01 5.340098538953381e-01
9.979866764718844e-01 5.341203497076930e-01
9.994965423831851e-01 5.341868058847100e-01
1.000000000000000e+00 5.342090123080612e-01
