-1.000000000000000e+00 6.448815946004453e-01
-9.805000000000000e-01 6.456212642706642e-01
-9.610000000000000e-01 6.463645977868560e-01
-9.415000000000000e-01 6.471116344643059e-01
-9.219999999999999e-01 6.478624143193654e-01
-9.025000000000000e-01 6.486169780835045e-01
-8.830000000000000e-01 6.493753672228182e-01
-8.634999999999999e-01 6.501376239572172e-01
-8.440000000000000e-01 6.509037912803137e-01
-8.245000000000000e-01 6.516739129799735e-01
-8.050000000000000e-01 6.524480336596230e-01
-7.855000000000000e-01 6.532261987603237e-01
-7.660000000000000e-01 6.540084545836077e-01
-7.464999999999997e-01 6.547948483206356e-01
-7.270000000000000e-01 6.555854280495591e-01
-7.075000000000001e-01 6.563802428157428e-01
-6.879999999999998e-01 6.571793426031830e-01
-6.685000000000001e-01 6.579827783896528e-01
-6.490000000000000e-01 6.587906021705652e-01
-6.295000000000002e-01 6.596028669850948e-01
-6.100000000000001e-01 6.604196269521148e-01
-5.904999999999999e-01 6.612409372988747e-01
-5.709999999999998e-01 6.620668543953198e-01
-5.515000000000001e-01 6.628974357892030e-01
-5.320000000000001e-01 6.637327402371546e-01
-5.125000000000001e-01 6.645728277533066e-01
-4.930000000000001e-01 6.654177596380992e-01
-4.735000000000001e-01 6.662675985227373e-01
-4.540000000000000e-01 6.671224084127706e-01
-4.345000000000002e-01 6.679822547295592e-01
-4.150000000000000e-01 6.688472043600368e-01
-3.955000000000000e-01 6.697173257032426e-01
-3.759999999999999e-01 6.705926887208203e-01
-3.564999999999999e-01 6.714733649909941e-01
-3.370000000000000e-01 6.723594277624382e-01
-3.174999999999999e-01 6.732509520136096e-01
-2.979999999999999e-01 6.741480145110216e-01
-2.785000000000000e-01 6.750506938757995e-01
-2.589999999999999e-01 6.759590706481685e-01
-2.394999999999999e-01 6.768732273583571e-01
-2.199999999999999e-01 6.777932485994284e-01
-2.004999999999999e-01 6.787192211036961e-01
-1.809999999999999e-01 6.796512338250472e-01
-1.615000000000001e-01 6.805893780235556e-01
-1.420000000000001e-01 6.815337473550374e-01
-1.225000000000000e-01 6.824844379651031e-01
-1.029999999999999e-01 6.834415485898303e-01
-8.349999999999999e-02 6.844051806601393e-01
-6.400000000000007e-02 6.853754384126147e-01
-4.449999999999989e-02 6.863524290074745e-01
-2.500000000000004e-02 6.873362626520358e-01
-5.499999999999857e-03 6.883270527323884e-01
1.400000000000017e-02 6.893249159525641e-01
3.349999999999984e-02 6.903299724822243e-01
5.299999999999994e-02 6.913423461135089e-01
7.250000000000016e-02 6.923621644277718e-01
9.200000000000018e-02 6.933895589730028e-01
1.114999999999999e-01 6.944246654529269e-01
1.310000000000002e-01 6.954676239285896e-01
1.505000000000001e-01 6.965185790337953e-01
1.700000000000000e-01 6.975776802053785e-01
1.895000000000001e-01 6.986450819298826e-01
2.090000000000000e-01 6.997209440080214e-01
2.285000000000000e-01 7.008054318387494e-01
2.480000000000000e-01 7.018987167247814e-01
2.675000000000001e-01 7.030009762017726e-01
2.869999999999999e-01 7.041123943935674e-01
3.065000000000000e-01 7.052331623962870e-01
3.260000000000000e-01 7.063634786943793e-01
3.454999999999999e-01 7.075035496121959e-01
3.650000000000002e-01 7.086535898051665e-01
3.844999999999998e-01 7.098138227952441e-01
4.040000000000002e-01 7.109844815559958e-01
4.234999999999999e-01 7.121658091535624e-01
4.429999999999998e-01 7.133580594509391e-01
4.625000000000000e-01 7.145614978832042e-01
4.819999999999999e-01 7.157764023144541e-01
5.014999999999999e-01 7.170030639886305e-01
5.209999999999999e-01 7.182417885848807e-01
5.404999999999998e-01 7.194928974007985e-01
5.600000000000001e-01 7.207567286766162e-01
5.794999999999999e-01 7.220336390847442e-01
5.990000000000000e-01 7.233240054161292e-01
6.185000000000000e-01 7.246282265153298e-01
6.379999999999999e-01 7.259467254514886e-01
6.575000000000000e-01 7.272799520989262e-01
6.769999999999998e-01 7.286283860290618e-01
6.965000000000001e-01 7.299925400295578e-01
7.160000000000000e-01 7.313729640684884e-01
7.354999999999998e-01 7.327702502691019e-01
7.549999999999999e-01 7.341850387461781e-01
7.745000000000000e-01 7.356180246601597e-01
7.940000000000000e-01 7.370699673970140e-01
8.134999999999999e-01 7.385417017431594e-01
8.329999999999997e-01 7.400341528526430e-01
8.525000000000000e-01 7.415483554995395e-01
8.719999999999999e-01 7.430854824274105e-01
8.915000000000000e-01 7.446468810541941e-01
9.110000000000000e-01 7.462341400973722e-01
9.304999999999999e-01 7.478491869523337e-01
9.500000000000000e-01 7.494944897895885e-01
9.504999999999999e-01 7.495371024787058e-01
9.510000000000000e-01 7.495797372758418e-01
9.514999999999999e-01 7.496223942960034e-01
9.520000000000000e-01 7.496650735930831e-01
9.524999999999999e-01 7.497077752462459e-01
9.530000000000000e-01 7.497504993278382e-01
9.534999999999999e-01 7.497932459141665e-01
9.540000000000000e-01 7.498360150784579e-01
9.544999999999999e-01 7.498788068972874e-01
9.550000000000000e-01 7.499216214713079e-01
9.554999999999999e-01 7.499644588479565e-01
9.560000000000000e-01 7.500073191055969e-01
9.564999999999999e-01 7.500502023518666e-01
9.570000000000000e-01 7.500931087700793e-01
9.574999999999999e-01 7.501360382151141e-01
9.580000000000000e-01 7.501789908989474e-01
9.584999999999999e-01 7.502219669445159e-01
9.590000000000000e-01 7.502649663570030e-01
9.594999999999999e-01 7.503079892537964e-01
9.600000000000000e-01 7.503510361153855e-01
9.604999999999999e-01 7.503941059157225e-01
9.610000000000000e-01 7.504371998506441e-01
9.614999999999999e-01 7.504803176791005e-01
9.620000000000000e-01 7.505234594604027e-01
9.624999999999999e-01 7.505666253505412e-01
9.630000000000000e-01 7.506098153785752e-01
9.634999999999999e-01 7.506530296839187e-01
9.640000000000000e-01 7.506962683754363e-01
9.644999999999999e-01 7.507395315489145e-01
9.650000000000000e-01 7.507828193246279e-01
9.654999999999999e-01 7.508261318206375e-01
9.660000000000000e-01 7.508694691322574e-01
9.664999999999999e-01 7.509128313358533e-01
9.670000000000000e-01 7.509562186498845e-01
9.674999999999999e-01 7.509996311517860e-01
9.680000000000000e-01 7.510430689722541e-01
9.684999999999999e-01 7.510865322199330e-01
9.690000000000000e-01 7.511300210396625e-01
9.694999999999999e-01 7.511735356459650e-01
9.700000000000000e-01 7.512170760161924e-01
9.704999999999999e-01 7.512606423686352e-01
9.710000000000000e-01 7.513042348600303e-01
9.714999999999999e-01 7.513478536166102e-01
9.720000000000000e-01 7.513914988240823e-01
9.724999999999999e-01 7.514351706147563e-01
9.730000000000000e-01 7.514788690318673e-01
9.734999999999999e-01 7.515225944973739e-01
9.740000000000000e-01 7.515663470444732e-01
9.744999999999999e-01 7.516101268616596e-01
9.750000000000000e-01 7.516539341263626e-01
9.754999999999999e-01 7.516977690931387e-01
9.760000000000000e-01 7.517416317481589e-01
9.764999999999999e-01 7.517855223862844e-01
9.770000000000000e-01 7.518294415473612e-01
9.774999999999999e-01 7.518733886431442e-01
9.780000000000000e-01 7.519173643070857e-01
9.784999999999999e-01 7.519613688096616e-01
9.790000000000000e-01 7.520054023835975e-01
9.794999999999999e-01 7.520494652710391e-01
9.800000000000000e-01 7.520935577225822e-01
9.804999999999999e-01 7.521376799831632e-01
9.810000000000000e-01 7.521818323297069e-01
9.814999999999999e-01 7.522260150578556e-01
9.820000000000000e-01 7.522702284213753e-01
9.824999999999999e-01 7.523144727613895e-01
9.830000000000000e-01 7.523587483934696e-01
9.834999999999999e-01 7.524030553835839e-01
9.840000000000000e-01 7.524473943433897e-01
9.844999999999999e-01 7.524917656415182e-01
9.850000000000000e-01 7.525361697682653e-01
9.854999999999999e-01 7.525806071263170e-01
9.860000000000000e-01 7.526250782578594e-01
9.864999999999999e-01 7.526695837040223e-01
9.870000000000000e-01 7.527141240859430e-01
9.874999999999999e-01 7.527587000550087e-01
9.880000000000000e-01 7.528033124221062e-01
9.884999999999999e-01 7.528479611742500e-01
9.890000000000000e-01 7.528926485615354e-01
9.894999999999999e-01 7.529373748674408e-01
9.900000000000000e-01 7.529821416360430e-01
9.904999999999999e-01 7.530269498623917e-01
9.910000000000000e-01 7.530718012724277e-01
9.914999999999999e-01 7.531166976416439e-01
9.920000000000000e-01 7.531616410626071e-01
9.924999999999999e-01 7.532066339631628e-01
9.930000000000000e-01 7.532516791349835e-01
9.934999999999999e-01 7.532967793753824e-01
9.940000000000000e-01 7.533419397070171e-01
9.944999999999999e-01 7.533871659024237e-01
9.950000000000000e-01 7.534324619938191e-01
9.954999999999999e-01 7.534778371244485e-01
9.960000000000000e-01 7.535233019093367e-01
9.964999999999999e-01 7.535688707522888e-01
9.970000000000000e-01 7.536145642338891e-01
9.974999999999999e-01 7.536604137779905e-01
9.980000000000000e-01 7.537064712222404e-01
9.984999999999999e-01 7.537528329272405e-01
9.990000000000000e-01 7.537997171314821e-01
9.994999999999999e-01 7.538478508222960e-01
