-1.000000000000000e+00 2.778717270954920e-01
-9.994965423831851e-01 2.779070570391733e-01
-9.979866764718843e-01 2.780139244027528e-01
-9.954719225730846e-01 2.781908494592380e-01
-9.919548128307953e-01 2.784395245989806e-01
-9.874388886763943e-01 2.787597280336760e-01
-9.819286972627066e-01 2.791552748752418e-01
-9.754297868854070e-01 2.796195794190380e-01
-9.679487013963562e-01 2.801568009653709e-01
-9.594929736144974e-01 2.807671244140824e-01
-9.500711177409453e-01 2.814521707307052e-01
-9.396926207859083e-01 2.822106736399155e-01
-9.283679330160726e-01 2.830453799159192e-01
-9.161084574320695e-01 2.839564932501913e-01
-9.029265382866211e-01 2.849457497429455e-01
-8.888354486549234e-01 2.860078467758529e-01
-8.738493770697849e-01 2.871550214524488e-01
-8.579834132349771e-01 2.883821078979453e-01
-8.412535328311810e-01 2.896921868697685e-01
-8.236765814298327e-01 2.910861861381934e-01
-8.052702575310586e-01 2.925656301311163e-01
-7.860530947427873e-01 2.941323200362421e-01
-7.660444431189779e-01 2.957986392774311e-01
-7.452644496757547e-01 2.975347664429666e-01
-7.237340381050702e-01 2.993746102419222e-01
-7.014748877063210e-01 3.013101914842745e-01
-6.785094115571321e-01 3.033428837284598e-01
-6.548607339452851e-01 3.054761026062670e-01
-6.305526670845222e-01 3.077123547131079e-01
-6.056096871376665e-01 3.100547400627425e-01
-5.800569095711980e-01 3.125074697061607e-01
-5.539200638661103e-01 3.150690912107986e-01
-5.272254676105025e-01 3.177480727848897e-01
-4.999999999999998e-01 3.205464083507862e-01
-4.722710747726826e-01 3.234681941401755e-01
-4.440666126057737e-01 3.265208506150419e-01
-4.154150130018863e-01 3.296980365300587e-01
-3.863451256931285e-01 3.330155993770316e-01
-3.568862215918718e-01 3.364749590331935e-01
-3.270679633174214e-01 3.400813056632682e-01
-2.969203753282748e-01 3.438402403676910e-01
-2.664738136900348e-01 3.477581208317480e-01
-2.357589355094272e-01 3.518413334677760e-01
-2.048066680651905e-01 3.560972959547970e-01
-1.736481776669303e-01 3.605326200976976e-01
-1.423148382732850e-01 3.651557229518529e-01
-1.108381999010110e-01 3.699755944370129e-01
-7.924995685678832e-02 3.750011982506835e-01
-4.758191582374206e-02 3.802413787236296e-01
-1.586596383480781e-02 3.857082416026825e-01
1.586596383480815e-02 3.914126140172089e-01
4.758191582374240e-02 3.973667235833648e-01
7.924995685678866e-02 4.035840434286710e-01
1.108381999010111e-01 4.100787577372526e-01
1.423148382732853e-01 4.168669127391360e-01
1.736481776669304e-01 4.239650123952902e-01
2.048066680651908e-01 4.313916412202398e-01
2.357589355094273e-01 4.391668697711966e-01
2.664738136900351e-01 4.473125595426273e-01
2.969203753282749e-01 4.558527971715642e-01
3.270679633174218e-01 4.648137271615107e-01
3.568862215918719e-01 4.742244350178927e-01
3.863451256931288e-01 4.841163070280240e-01
4.154150130018864e-01 4.945249449379256e-01
4.440666126057742e-01 5.054887557055133e-01
4.722710747726827e-01 5.170511364777398e-01
5.000000000000003e-01 5.292605607787368e-01
5.272254676105026e-01 5.421711364433091e-01
5.539200638661104e-01 5.558422157806129e-01
5.800569095711982e-01 5.703429633374809e-01
6.056096871376669e-01 5.857509765545011e-01
6.305526670845226e-01 6.021528005753497e-01
6.548607339452851e-01 6.196490617780043e-01
6.785094115571322e-01 6.383543468692383e-01
7.014748877063215e-01 6.584013022801256e-01
7.237340381050703e-01 6.799436452230005e-01
7.452644496757548e-01 7.031610409553699e-01
7.660444431189780e-01 7.282638666586447e-01
7.860530947427876e-01 7.555031872413173e-01
8.052702575310586e-01 7.851776250177699e-01
8.236765814298328e-01 8.176456438333918e-01
8.412535328311813e-01 8.533461584198433e-01
8.579834132349772e-01 8.928176816483380e-01
8.738493770697850e-01 9.367302342780305e-01
8.888354486549235e-01 9.859305637244477e-01
9.029265382866214e-01 1.041502375529878e+00
9.161084574320697e-01 1.104858781719247e+00
9.283679330160727e-01 1.177877993178982e+00
9.396926207859083e-01 1.263116642962375e+00
9.500711177409454e-01 1.364134880949428e+00
9.594929736144975e-01 1.486081435522804e+00
9.679487013963562e-01 1.636651159143899e+00
9.754297868854070e-01 1.827940357193254e+00
9.819286972627067e-01 2.080011563900830e+00
9.874388886763944e-01 2.429009405102237e+00
9.919548128307953e-01 2.947205140506571e+00
9.954719225730846e-01 3.825254657823075e+00
9.979866764718844e-01 5.485681778042472e+00
9.994965423831851e-01 1.052647641173991e+01
1.000000000000000e+00 1.531490287894697e+01
