-1.000000000000000e+00 2.061380582081184e-01
-9.994965423831851e-01 2.061636607665336e-01
-9.979866764718843e-01 2.062936768939861e-01
-9.954719225730846e-01 2.064600402336429e-01
-9.919548128307953e-01 2.066935068978091e-01
-9.874388886763943e-01 2.069942887605244e-01
-9.819286972627066e-01 2.073979947404458e-01
-9.754297868854070e-01 2.078419705750174e-01
-9.679487013963562e-01 2.083136044645406e-01
-9.594929736144974e-01 2.089562904270564e-01
-9.500711177409453e-01 2.096168380504480e-01
-9.396926207859083e-01 2.103434336869404e-01
-9.283679330160726e-01 2.110177624326743e-01
-9.161084574320695e-01 2.120176784510629e-01
-9.029265382866211e-01 2.128558745078322e-01
-8.888354486549234e-01 2.138812041349154e-01
-8.738493770697849e-01 2.149905206255769e-01
-8.579834132349771e-01 2.161801213681559e-01
-8.412535328311810e-01 2.175765597532042e-01
-8.236765814298327e-01 2.189495252336514e-01
-8.052702575310586e-01 2.203959656102598e-01
-7.860530947427873e-01 2.219362747146286e-01
-7.660444431189779e-01 2.235802750601990e-01
-7.452644496757547e-01 2.252658503013661e-01
-7.237340381050702e-01 2.270891249920221e-01
-7.014748877063210e-01 2.290161247245296e-01
-6.785094115571321e-01 2.310378345216939e-01
-6.548607339452851e-01 2.331710060053922e-01
-6.305526670845222e-01 2.354095867132923e-01
-6.056096871376665e-01 2.377559438387856e-01
-5.800569095711980e-01 2.402163354502220e-01
-5.539200638661103e-01 2.427828268370709e-01
-5.272254676105025e-01 2.455484729248839e-01
-4.999999999999998e-01 2.484041067345326e-01
-4.722710747726826e-01 2.513726234915291e-01
-4.440666126057737e-01 2.545195094904472e-01
-4.154150130018863e-01 2.578249943032628e-01
-3.863451256931285e-01 2.612331944354913e-01
-3.568862215918718e-01 2.648858009637856e-01
-3.270679633174214e-01 2.686505569235478e-01
-2.969203753282748e-01 2.726826984570622e-01
-2.664738136900348e-01 2.767954559783218e-01
-2.357589355094272e-01 2.811553200355787e-01
-2.048066680651905e-01 2.856713052100542e-01
-1.736481776669303e-01 2.904490727046274e-01
-1.423148382732850e-01 2.955604602757833e-01
-1.108381999010110e-01 3.007583284722294e-01
-7.924995685678832e-02 3.063337832523477e-01
-4.758191582374206e-02 3.121149122747613e-01
-1.586596383480781e-02 3.182422035209700e-01
1.586596383480815e-02 3.245676368056127e-01
4.758191582374240e-02 3.313874589945431e-01
7.924995685678866e-02 3.384807178439874e-01
1.108381999010111e-01 3.459411490281042e-01
1.423148382732853e-01 3.538013453074281e-01
1.736481776669304e-01 3.621821854233877e-01
2.048066680651908e-01 3.708408123938862e-01
2.357589355094273e-01 3.800719408239817e-01
2.664738136900351e-01 3.898463912260262e-01
2.969203753282749e-01 4.001579546983349e-01
3.270679633174218e-01 4.110888787825689e-01
3.568862215918719e-01 4.227157453374163e-01
3.863451256931288e-01 4.350005060815045e-01
4.154150130018864e-01 4.480708488721152e-01
4.440666126057742e-01 4.620174955162159e-01
4.722710747726827e-01 4.768292182933477e-01
5.000000000000003e-01 4.926349287092506e-01
5.272254676105026e-01 5.095793318959075e-01
5.539200638661104e-01 5.277048735183448e-01
5.800569095711982e-01 5.475563254963293e-01
6.056096871376669e-01 5.680659512905500e-01
6.305526670845226e-01 5.905826566593427e-01
6.548607339452851e-01 6.149279879316764e-01
6.785094115571322e-01 6.412602039080348e-01
7.014748877063215e-01 6.698538207798234e-01
7.237340381050703e-01 7.009849858084630e-01
7.452644496757548e-01 7.349868056688404e-01
7.660444431189780e-01 7.722696629028882e-01
7.860530947427876e-01 8.132814909509357e-01
8.052702575310586e-01 8.586128890591637e-01
8.236765814298328e-01 9.088260766178501e-01
8.412535328311813e-01 9.650374767133465e-01
8.579834132349772e-01 1.027966122580060e+00
8.738493770697850e-01 1.099120114753657e+00
8.888354486549235e-01 1.179974616637678e+00
9.029265382866214e-01 1.272771680395349e+00
9.161084574320697e-01 1.380167926325590e+00
9.283679330160727e-01 1.505967191726133e+00
9.396926207859083e-01 1.655010545979424e+00
9.500711177409454e-01 1.834345962926714e+00
9.594929736144975e-01 2.054099394778600e+00
9.679487013963562e-01 2.329414214288101e+00
9.754297868854070e-01 2.684332922016820e+00
9.819286972627067e-01 3.158378445964277e+00
9.874388886763944e-01 3.823152527775952e+00
9.919548128307953e-01 4.821850895352862e+00
9.954719225730846e-01 6.488336464935994e+00
9.979866764718844e-01 9.824310389151734e+00
9.994965423831851e-01 1.983913021915144e+01
1.000000000000000e+00 4.340204759572089e+01
