-1.000000000000000e+00 9.630304421411318e-01
-9.805000000000000e-01 9.638493572964975e-01
-9.610000000000000e-01 9.646713113466366e-01
-9.415000000000000e-01 9.654963295144623e-01
-9.219999999999999e-01 9.663244373794135e-01
-9.025000000000000e-01 9.671556608831654e-01
-8.830000000000000e-01 9.679900263380884e-01
-8.634999999999999e-01 9.688275604349106e-01
-8.440000000000000e-01 9.696682902507719e-01
-8.245000000000000e-01 9.705122432575153e-01
-8.050000000000000e-01 9.713594473302164e-01
-7.855000000000000e-01 9.722099307559691e-01
-7.660000000000000e-01 9.730637222430054e-01
-7.464999999999997e-01 9.739208509296218e-01
-7.270000000000000e-01 9.747813463945599e-01
-7.075000000000001e-01 9.756452386661110e-01
-6.879999999999998e-01 9.765125582327033e-01
-6.685000000000001e-01 9.773833360533338e-01
-6.490000000000000e-01 9.782576035684076e-01
-6.295000000000002e-01 9.791353927109195e-01
-6.100000000000001e-01 9.800167359180212e-01
-5.904999999999999e-01 9.809016661427887e-01
-5.709999999999998e-01 9.817902168667229e-01
-5.515000000000001e-01 9.826824221124757e-01
-5.320000000000001e-01 9.835783164566501e-01
-5.125000000000001e-01 9.844779350436454e-01
-4.930000000000001e-01 9.853813135995371e-01
-4.735000000000001e-01 9.862884884466854e-01
-4.540000000000000e-01 9.871994965186099e-01
-4.345000000000002e-01 9.881143753755580e-01
-4.150000000000000e-01 9.890331632205503e-01
-3.955000000000000e-01 9.899558989160004e-01
-3.759999999999999e-01 9.908826220009475e-01
-3.564999999999999e-01 9.918133727088897e-01
-3.370000000000000e-01 9.927481919862127e-01
-3.174999999999999e-01 9.936871215116612e-01
-2.979999999999999e-01 9.946302037158132e-01
-2.785000000000000e-01 9.955774818020208e-01
-2.589999999999999e-01 9.965289997677755e-01
-2.394999999999999e-01 9.974848024269869e-01
-2.199999999999999e-01 9.984449354331363e-01
-2.004999999999999e-01 9.994094453032791e-01
-1.809999999999999e-01 1.000378379443301e+00
-1.615000000000001e-01 1.001351786173645e+00
-1.420000000000001e-01 1.002329714756638e+00
-1.225000000000000e-01 1.003312215424655e+00
-1.029999999999999e-01 1.004299339409711e+00
-8.349999999999999e-02 1.005291138973945e+00
-6.400000000000007e-02 1.006287667441766e+00
-4.449999999999989e-02 1.007288979233356e+00
-2.500000000000004e-02 1.008295129899461e+00
-5.499999999999857e-03 1.009306176157967e+00
1.400000000000017e-02 1.010322175932111e+00
3.349999999999984e-02 1.011343188390375e+00
5.299999999999994e-02 1.012369273988342e+00
7.250000000000016e-02 1.013400494512552e+00
9.200000000000018e-02 1.014436913126463e+00
1.114999999999999e-01 1.015478594418850e+00
1.310000000000002e-01 1.016525604454098e+00
1.505000000000001e-01 1.017578010825577e+00
1.700000000000000e-01 1.018635882712339e+00
1.895000000000001e-01 1.019699290936808e+00
2.090000000000000e-01 1.020768308028257e+00
2.285000000000000e-01 1.021843008287585e+00
2.480000000000000e-01 1.022923467856948e+00
2.675000000000001e-01 1.024009764792147e+00
2.869999999999999e-01 1.025101979140775e+00
3.065000000000000e-01 1.026200193024381e+00
3.260000000000000e-01 1.027304490724534e+00
3.454999999999999e-01 1.028414958775618e+00
3.650000000000002e-01 1.029531686062798e+00
3.844999999999998e-01 1.030654763926413e+00
4.040000000000002e-01 1.031784286273249e+00
4.234999999999999e-01 1.032920349695322e+00
4.429999999999998e-01 1.034063053596945e+00
4.625000000000000e-01 1.035212500330648e+00
4.819999999999999e-01 1.036368795342764e+00
5.014999999999999e-01 1.037532047331138e+00
5.209999999999999e-01 1.038702368413363e+00
5.404999999999998e-01 1.039879874309311e+00
5.600000000000001e-01 1.041064684538388e+00
5.794999999999999e-01 1.042256922633475e+00
5.990000000000000e-01 1.043456716373558e+00
6.185000000000000e-01 1.044664198037444e+00
6.379999999999999e-01 1.045879504681328e+00
6.575000000000000e-01 1.047102778443505e+00
6.769999999999998e-01 1.048334166880160e+00
6.965000000000001e-01 1.049573823336937e+00
7.160000000000000e-01 1.050821907362047e+00
7.354999999999998e-01 1.052078585167920e+00
7.549999999999999e-01 1.053344030150199e+00
7.745000000000000e-01 1.054618423475089e+00
7.940000000000000e-01 1.055901954749283e+00
8.134999999999999e-01 1.057194822791014e+00
8.329999999999997e-01 1.058497236527171e+00
8.525000000000000e-01 1.059809416050843e+00
8.719999999999999e-01 1.061131593888528e+00
8.915000000000000e-01 1.062464016783244e+00
9.110000000000000e-01 1.063806946483494e+00
9.304999999999999e-01 1.065160664624917e+00
9.500000000000000e-01 1.066525473968416e+00
9.504999999999999e-01 1.066560617785951e+00
9.510000000000000e-01 1.066595769116722e+00
9.514999999999999e-01 1.066630927966630e+00
9.520000000000000e-01 1.066666094341431e+00
9.524999999999999e-01 1.066701268247141e+00
9.530000000000000e-01 1.066736449689650e+00
9.534999999999999e-01 1.066771638674805e+00
9.540000000000000e-01 1.066806835208588e+00
9.544999999999999e-01 1.066842039297040e+00
9.550000000000000e-01 1.066877250945903e+00
9.554999999999999e-01 1.066912470161373e+00
9.560000000000000e-01 1.066947696949394e+00
9.564999999999999e-01 1.066982931315992e+00
9.570000000000000e-01 1.067018173267219e+00
9.574999999999999e-01 1.067053422809125e+00
9.580000000000000e-01 1.067088679947757e+00
9.584999999999999e-01 1.067123944689265e+00
9.590000000000000e-01 1.067159217039730e+00
9.594999999999999e-01 1.067194497005291e+00
9.600000000000000e-01 1.067229784592116e+00
9.604999999999999e-01 1.067265079806361e+00
9.610000000000000e-01 1.067300382654222e+00
9.614999999999999e-01 1.067335693141940e+00
9.620000000000000e-01 1.067371011275667e+00
9.624999999999999e-01 1.067406337061698e+00
9.630000000000000e-01 1.067441670506274e+00
9.634999999999999e-01 1.067477011615780e+00
9.640000000000000e-01 1.067512360396473e+00
9.644999999999999e-01 1.067547716854686e+00
9.650000000000000e-01 1.067583080996779e+00
9.654999999999999e-01 1.067618452829356e+00
9.660000000000000e-01 1.067653832358136e+00
9.664999999999999e-01 1.067689219590229e+00
9.670000000000000e-01 1.067724614531848e+00
9.674999999999999e-01 1.067760017189440e+00
9.680000000000000e-01 1.067795427569566e+00
9.684999999999999e-01 1.067830845678983e+00
9.690000000000000e-01 1.067866271523677e+00
9.694999999999999e-01 1.067901705110220e+00
9.700000000000000e-01 1.067937146445778e+00
9.704999999999999e-01 1.067972595536689e+00
9.710000000000000e-01 1.068008052389606e+00
9.714999999999999e-01 1.068043517011201e+00
9.720000000000000e-01 1.068078989408180e+00
9.724999999999999e-01 1.068114469587279e+00
9.730000000000000e-01 1.068149957555259e+00
9.734999999999999e-01 1.068185453318921e+00
9.740000000000000e-01 1.068220956885087e+00
9.744999999999999e-01 1.068256468260601e+00
9.750000000000000e-01 1.068291987452539e+00
9.754999999999999e-01 1.068327514467332e+00
9.760000000000000e-01 1.068363049312414e+00
9.764999999999999e-01 1.068398591994750e+00
9.770000000000000e-01 1.068434142521124e+00
9.774999999999999e-01 1.068469700898728e+00
9.780000000000000e-01 1.068505267134669e+00
9.784999999999999e-01 1.068540841236097e+00
9.790000000000000e-01 1.068576423210204e+00
9.794999999999999e-01 1.068612013064219e+00
9.800000000000000e-01 1.068647610805449e+00
9.804999999999999e-01 1.068683216441173e+00
9.810000000000000e-01 1.068718829978824e+00
9.814999999999999e-01 1.068754451425785e+00
9.820000000000000e-01 1.068790080789568e+00
9.824999999999999e-01 1.068825718077711e+00
9.830000000000000e-01 1.068861363297818e+00
9.834999999999999e-01 1.068897016457571e+00
9.840000000000000e-01 1.068932677564711e+00
9.844999999999999e-01 1.068968346626938e+00
9.850000000000000e-01 1.069004023652270e+00
9.854999999999999e-01 1.069039708648607e+00
9.860000000000000e-01 1.069075401624046e+00
9.864999999999999e-01 1.069111102586686e+00
9.870000000000000e-01 1.069146811544650e+00
9.874999999999999e-01 1.069182528506766e+00
9.880000000000000e-01 1.069218253481071e+00
9.884999999999999e-01 1.069253986476344e+00
9.890000000000000e-01 1.069289727501755e+00
9.894999999999999e-01 1.069325476565504e+00
9.900000000000000e-01 1.069361233676485e+00
9.904999999999999e-01 1.069396998844586e+00
9.910000000000000e-01 1.069432772079110e+00
9.914999999999999e-01 1.069468553389830e+00
9.920000000000000e-01 1.069504342786814e+00
9.924999999999999e-01 1.069540140280550e+00
9.930000000000000e-01 1.069575945879943e+00
9.934999999999999e-01 1.069611759597602e+00
9.940000000000000e-01 1.069647581445597e+00
9.944999999999999e-01 1.069683411437045e+00
9.950000000000000e-01 1.069719249586545e+00
9.954999999999999e-01 1.069755095910609e+00
9.960000000000000e-01 1.069790950428757e+00
9.964999999999999e-01 1.069826813165066e+00
9.970000000000000e-01 1.069862684149618e+00
9.974999999999999e-01 1.069898563424237e+00
9.980000000000000e-01 1.069934451050318e+00
9.984999999999999e-01 1.069970347129473e+00
9.990000000000000e-01 1.070006251866207e+00
9.994999999999999e-01 1.070042165859975e+00
