-1.000000000000000e+00 4.345753653847537e-07
-9.805000000000000e-01 4.378929640629747e-07
-9.610000000000000e-01 4.394837065859497e-07
-9.415000000000000e-01 4.424834847092399e-07
-9.219999999999999e-01 4.463983253313918e-07
-9.025000000000000e-01 4.497653087777615e-07
-8.830000000000000e-01 4.525109592138946e-07
-8.634999999999999e-01 4.554581581512546e-07
-8.440000000000000e-01 4.591667856061601e-07
-8.245000000000000e-01 4.624353463946501e-07
-8.050000000000000e-01 4.651756574052002e-07
-7.855000000000000e-01 4.691334405362327e-07
-7.660000000000000e-01 4.725667254281167e-07
-7.464999999999997e-01 4.760564632758471e-07
-7.270000000000000e-01 4.800602833151942e-07
-7.075000000000001e-01 4.832766331934741e-07
-6.879999999999998e-01 4.869478139209318e-07
-6.685000000000001e-01 4.907138735978213e-07
-6.490000000000000e-01 4.939376446704393e-07
-6.295000000000002e-01 4.983781235997240e-07
-6.100000000000001e-01 5.023824278222815e-07
-5.904999999999999e-01 5.063945920124500e-07
-5.709999999999998e-01 5.101208692655476e-07
-5.515000000000001e-01 5.146507079625913e-07
-5.320000000000001e-01 5.190312919566090e-07
-5.125000000000001e-01 5.234266082201982e-07
-4.930000000000001e-01 5.240206630279037e-07
-4.735000000000001e-01 5.388329884507080e-07
-4.540000000000000e-01 5.435173655029806e-07
-4.345000000000002e-01 5.381953856705758e-07
-4.150000000000000e-01 5.438229556052323e-07
-3.955000000000000e-01 5.478430869608667e-07
-3.759999999999999e-01 5.555205192032248e-07
-3.564999999999999e-01 5.612732959109859e-07
-3.370000000000000e-01 5.661959050413814e-07
-3.174999999999999e-01 5.715208996181811e-07
-2.979999999999999e-01 5.720503995698372e-07
-2.785000000000000e-01 5.826350893437352e-07
-2.589999999999999e-01 5.882911575297827e-07
-2.394999999999999e-01 5.942912476657373e-07
-2.199999999999999e-01 5.957233272162575e-07
-2.004999999999999e-01 6.018179998897992e-07
-1.809999999999999e-01 6.123879513007219e-07
-1.615000000000001e-01 6.192066797062886e-07
-1.420000000000001e-01 6.244962975959676e-07
-1.225000000000000e-01 6.316230773850417e-07
-1.029999999999999e-01 6.388064334365529e-07
-8.349999999999999e-02 6.511895730155704e-07
-6.400000000000007e-02 6.588746152563652e-07
-4.449999999999989e-02 6.669817965002323e-07
-2.500000000000004e-02 6.749364249096161e-07
-5.499999999999857e-03 6.894365959356257e-07
1.400000000000017e-02 6.912718859925263e-07
3.349999999999984e-02 6.921157004948938e-07
5.299999999999994e-02 7.050591665436905e-07
7.250000000000016e-02 7.138965770421005e-07
9.200000000000018e-02 7.241855688511989e-07
1.114999999999999e-01 7.389952810265816e-07
1.310000000000002e-01 7.493055742215407e-07
1.505000000000001e-01 7.600682232665864e-07
1.700000000000000e-01 7.713526371380674e-07
1.895000000000001e-01 7.831944199183825e-07
2.090000000000000e-01 7.951013632677808e-07
2.285000000000000e-01 8.077019862146923e-07
2.480000000000000e-01 8.166670896328982e-07
2.675000000000001e-01 8.295318874794273e-07
2.869999999999999e-01 8.438394797067263e-07
3.065000000000000e-01 8.634117830876084e-07
3.260000000000000e-01 8.787763201390554e-07
3.454999999999999e-01 8.933395706386985e-07
3.650000000000002e-01 9.119726703189872e-07
3.844999999999998e-01 9.335755388831858e-07
4.040000000000002e-01 9.527072173595235e-07
4.234999999999999e-01 9.658447452205269e-07
4.429999999999998e-01 9.881989817178078e-07
4.625000000000000e-01 1.009460764374837e-06
4.819999999999999e-01 1.032239132016522e-06
5.014999999999999e-01 1.056413739404806e-06
5.209999999999999e-01 1.084422649522210e-06
5.404999999999998e-01 1.112180702818310e-06
5.600000000000001e-01 1.141696118330868e-06
5.794999999999999e-01 1.173523467252051e-06
5.990000000000000e-01 1.209471763824302e-06
6.185000000000000e-01 1.244024307566048e-06
6.379999999999999e-01 1.284789333800555e-06
6.575000000000000e-01 1.327554248702737e-06
6.769999999999998e-01 1.374464818267437e-06
6.965000000000001e-01 1.426410782496876e-06
7.160000000000000e-01 1.484142003178341e-06
7.354999999999998e-01 1.547662164390665e-06
7.549999999999999e-01 1.618741571154243e-06
7.745000000000000e-01 1.699110550495006e-06
7.940000000000000e-01 1.790822041051076e-06
8.134999999999999e-01 1.896934269451838e-06
8.329999999999997e-01 2.021397486379212e-06
8.525000000000000e-01 2.169103316657525e-06
8.719999999999999e-01 2.349236664545544e-06
8.915000000000000e-01 2.582182411724640e-06
9.110000000000000e-01 2.884744443261598e-06
9.304999999999999e-01 3.308621534691164e-06
9.500000000000000e-01 3.963486270075824e-06
9.504999999999999e-01 3.985611178334678e-06
9.510000000000000e-01 4.007856120197365e-06
9.514999999999999e-01 4.030393699847370e-06
9.520000000000000e-01 4.053231413818065e-06
9.524999999999999e-01 4.078084812723756e-06
9.530000000000000e-01 4.101667871203583e-06
9.534999999999999e-01 4.122558471575613e-06
9.540000000000000e-01 4.146838282887366e-06
9.544999999999999e-01 4.171519410720837e-06
9.550000000000000e-01 4.196613633176963e-06
9.554999999999999e-01 4.222131533460679e-06
9.560000000000000e-01 4.248085693979761e-06
9.564999999999999e-01 4.274492915266267e-06
9.570000000000000e-01 4.301353332391467e-06
9.574999999999999e-01 4.328692419957559e-06
9.580000000000000e-01 4.356526197893219e-06
9.584999999999999e-01 4.384854240966101e-06
9.590000000000000e-01 4.413703226245538e-06
9.594999999999999e-01 4.443090170210907e-06
9.600000000000000e-01 4.473033181415837e-06
9.604999999999999e-01 4.503538132111776e-06
9.610000000000000e-01 4.534633957347095e-06
9.614999999999999e-01 4.566338260459078e-06
9.620000000000000e-01 4.598665744243389e-06
9.624999999999999e-01 4.631641178278188e-06
9.630000000000000e-01 4.665268993400142e-06
9.634999999999999e-01 4.699619610355062e-06
9.640000000000000e-01 4.734689083609895e-06
9.644999999999999e-01 4.770486490546335e-06
9.650000000000000e-01 4.807046427610606e-06
9.654999999999999e-01 4.844411529214373e-06
9.660000000000000e-01 4.882596488043435e-06
9.664999999999999e-01 4.921636734949982e-06
9.670000000000000e-01 4.961566405493289e-06
9.674999999999999e-01 5.003565684476587e-06
9.680000000000000e-01 5.045350222179470e-06
9.684999999999999e-01 5.088130125767228e-06
9.690000000000000e-01 5.131951298451674e-06
9.694999999999999e-01 5.176843408214525e-06
9.700000000000000e-01 5.222862188321469e-06
9.704999999999999e-01 5.270055394311288e-06
9.710000000000000e-01 5.318465055491166e-06
9.714999999999999e-01 5.368241385591255e-06
9.720000000000000e-01 5.419198024571566e-06
9.724999999999999e-01 5.471599126771837e-06
9.730000000000000e-01 5.525435465064866e-06
9.734999999999999e-01 5.580835981845298e-06
9.740000000000000e-01 5.637859837353317e-06
9.744999999999999e-01 5.696483519683506e-06
9.750000000000000e-01 5.756902748416715e-06
9.754999999999999e-01 5.819166542042749e-06
9.760000000000000e-01 5.883357918250510e-06
9.764999999999999e-01 5.949609912974212e-06
9.770000000000000e-01 6.018018401486518e-06
9.774999999999999e-01 6.088701962467795e-06
9.780000000000000e-01 6.161788279294147e-06
9.784999999999999e-01 6.237419634220096e-06
9.790000000000000e-01 6.315116725829069e-06
9.794999999999999e-01 6.396585777299928e-06
9.800000000000000e-01 6.480502864819299e-06
9.804999999999999e-01 6.568226399796772e-06
9.810000000000000e-01 6.659089872476049e-06
9.814999999999999e-01 6.753649623290889e-06
9.820000000000000e-01 6.852129860119134e-06
9.824999999999999e-01 6.954790682492814e-06
9.830000000000000e-01 7.061953389431389e-06
9.834999999999999e-01 7.173977971220186e-06
9.840000000000000e-01 7.291237884351672e-06
9.844999999999999e-01 7.409184858590805e-06
9.850000000000000e-01 7.543129482086041e-06
9.854999999999999e-01 7.678759999718425e-06
9.860000000000000e-01 7.821588507809756e-06
9.864999999999999e-01 7.972303940044266e-06
9.870000000000000e-01 8.131637193163405e-06
9.874999999999999e-01 8.301080518992614e-06
9.880000000000000e-01 8.480391058885119e-06
9.884999999999999e-01 8.671311105166326e-06
9.890000000000000e-01 8.875129442516580e-06
9.894999999999999e-01 9.093360854958800e-06
9.900000000000000e-01 9.327785019912384e-06
9.904999999999999e-01 9.580505371131336e-06
9.910000000000000e-01 9.854040438603352e-06
9.914999999999999e-01 1.015133678443727e-05
9.920000000000000e-01 1.047631874758881e-05
9.924999999999999e-01 1.083317319923473e-05
9.930000000000000e-01 1.122764978106430e-05
9.934999999999999e-01 1.166681210488664e-05
9.940000000000000e-01 1.215942413897524e-05
9.944999999999999e-01 1.271837305414855e-05
9.950000000000000e-01 1.335928281170923e-05
9.954999999999999e-01 1.410430133878704e-05
9.960000000000000e-01 1.498507837391577e-05
9.964999999999999e-01 1.604861100514084e-05
9.970000000000000e-01 1.736713712904720e-05
9.974999999999999e-01 1.906633182014467e-05
9.980000000000000e-01 2.136679607127536e-05
9.984999999999999e-01 2.473815231699535e-05
9.990000000000000e-01 3.038873805381081e-05
9.994999999999999e-01 4.316350318393766e-05
