-1.000000000000000e+00 4.971877872041847e-01
-9.994965423831851e-01 4.971891895583288e-01
-9.979866764718843e-01 4.971933952689004e-01
-9.954719225730846e-01 4.972004002814446e-01
-9.919548128307953e-01 4.972101978422934e-01
-9.874388886763943e-01 4.972227785042014e-01
-9.819286972627066e-01 4.972381301342330e-01
-9.754297868854070e-01 4.972562379239003e-01
-9.679487013963562e-01 4.972770844015478e-01
-9.594929736144974e-01 4.973006494469823e-01
-9.500711177409453e-01 4.973269103083455e-01
-9.396926207859083e-01 4.973558416212202e-01
-9.283679330160726e-01 4.973874154299702e-01
-9.161084574320695e-01 4.974216012113052e-01
-9.029265382866211e-01 4.974583659000655e-01
-8.888354486549234e-01 4.974976739172174e-01
-8.738493770697849e-01 4.975394872000534e-01
-8.579834132349771e-01 4.975837652345851e-01
-8.412535328311810e-01 4.976304650901218e-01
-8.236765814298327e-01 4.976795414560190e-01
-8.052702575310586e-01 4.977309466805908e-01
-7.860530947427873e-01 4.977846308121628e-01
-7.660444431189779e-01 4.978405416422637e-01
-7.452644496757547e-01 4.978986247509249e-01
-7.237340381050702e-01 4.979588235540804e-01
-7.014748877063210e-01 4.980210793530442e-01
-6.785094115571321e-01 4.980853313860436e-01
-6.548607339452851e-01 4.981515168817860e-01
-6.305526670845222e-01 4.982195711150361e-01
-6.056096871376665e-01 4.982894274641750e-01
-5.800569095711980e-01 4.983610174707147e-01
-5.539200638661103e-01 4.984342709007363e-01
-5.272254676105025e-01 4.985091158082214e-01
-4.999999999999998e-01 4.985854786002387e-01
-4.722710747726826e-01 4.986632841039529e-01
-4.440666126057737e-01 4.987424556354135e-01
-4.154150130018863e-01 4.988229150700847e-01
-3.863451256931285e-01 4.989045829150682e-01
-3.568862215918718e-01 4.989873783829772e-01
-3.270679633174214e-01 4.990712194674084e-01
-2.969203753282748e-01 4.991560230199626e-01
-2.664738136900348e-01 4.992417048287570e-01
-2.357589355094272e-01 4.993281796983750e-01
-2.048066680651905e-01 4.994153615311898e-01
-1.736481776669303e-01 4.995031634100019e-01
-1.423148382732850e-01 4.995914976819222e-01
-1.108381999010110e-01 4.996802760434346e-01
-7.924995685678832e-02 4.997694096265658e-01
-4.758191582374206e-02 4.998588090860848e-01
-1.586596383480781e-02 4.999483846876618e-01
1.586596383480815e-02 5.000380463969002e-01
4.758191582374240e-02 5.001277039691616e-01
7.924995685678866e-02 5.002172670400995e-01
1.108381999010111e-01 5.003066452168101e-01
1.423148382732853e-01 5.003957481695148e-01
1.736481776669304e-01 5.004844857236744e-01
2.048066680651908e-01 5.005727679524452e-01
2.357589355094273e-01 5.006605052693766e-01
2.664738136900351e-01 5.007476085212469e-01
2.969203753282749e-01 5.008339890809409e-01
3.270679633174218e-01 5.009195589402592e-01
3.568862215918719e-01 5.010042308025543e-01
3.863451256931288e-01 5.010879181750878e-01
4.154150130018864e-01 5.011705354609940e-01
4.440666126057742e-01 5.012519980507436e-01
4.722710747726827e-01 5.013322224129916e-01
5.000000000000003e-01 5.014111261846971e-01
5.272254676105026e-01 5.014886282604003e-01
5.539200638661104e-01 5.015646488805416e-01
5.800569095711982e-01 5.016391097187091e-01
6.056096871376669e-01 5.017119339676939e-01
6.305526670845226e-01 5.017830464242421e-01
6.548607339452851e-01 5.018523735723891e-01
6.785094115571322e-01 5.019198436652523e-01
7.014748877063215e-01 5.019853868051819e-01
7.237340381050703e-01 5.020489350221411e-01
7.452644496757548e-01 5.021104223502171e-01
7.660444431189780e-01 5.021697849021429e-01
7.860530947427876e-01 5.022269609417263e-01
8.052702575310586e-01 5.022818909540764e-01
8.236765814298328e-01 5.023345177135243e-01
8.412535328311813e-01 5.023847863491361e-01
8.579834132349772e-01 5.024326444077167e-01
8.738493770697850e-01 5.024780419142125e-01
8.888354486549235e-01 5.025209314294131e-01
9.029265382866214e-01 5.025612681048703e-01
9.161084574320697e-01 5.025990097349413e-01
9.283679330160727e-01 5.026341168058803e-01
9.396926207859083e-01 5.026665525418946e-01
9.500711177409454e-01 5.026962829480990e-01
9.594929736144975e-01 5.027232768502917e-01
9.679487013963562e-01 5.027475059314956e-01
9.754297868854070e-01 5.027689447651994e-01
9.819286972627067e-01 5.027875708452481e-01
9.874388886763944e-01 5.028033646123353e-01
9.919548128307953e-01 5.028163094770481e-01
9.954719225730846e-01 5.028263918394351e-01
9.979866764718844e-01 5.028336011050583e-01
9.994965423831851e-01 5.028379296975066e-01
1.000000000000000e+00 5.028393730673477e-01
