-1.000000000000000e+00 2.024851022819003e-01
-9.994965423831851e-01 2.024545759452072e-01
-9.979866764718843e-01 2.025642514685216e-01
-9.954719225730846e-01 2.027434879174032e-01
-9.919548128307953e-01 2.029787667465691e-01
-9.874388886763943e-01 2.032989446795032e-01
-9.819286972627066e-01 2.036539713720004e-01
-9.754297868854070e-01 2.040947700449404e-01
-9.679487013963562e-01 2.046449054702552e-01
-9.594929736144974e-01 2.051869151911583e-01
-9.500711177409453e-01 2.058401915155147e-01
-9.396926207859083e-01 2.065650310093599e-01
-9.283679330160726e-01 2.073636791074027e-01
-9.161084574320695e-01 2.082360805400601e-01
-9.029265382866211e-01 2.091908981315261e-01
-8.888354486549234e-01 2.102193194206466e-01
-8.738493770697849e-01 2.113159878714207e-01
-8.579834132349771e-01 2.125058406856890e-01
-8.412535328311810e-01 2.136951742979636e-01
-8.236765814298327e-01 2.150383844737655e-01
-8.052702575310586e-01 2.165268823018022e-01
-7.860530947427873e-01 2.180634193935455e-01
-7.660444431189779e-01 2.197579977153654e-01
-7.452644496757547e-01 2.214331937505497e-01
-7.237340381050702e-01 2.232414284103321e-01
-7.014748877063210e-01 2.251479880141788e-01
-6.785094115571321e-01 2.271631563553619e-01
-6.548607339452851e-01 2.292840039396588e-01
-6.305526670845222e-01 2.315704702909024e-01
-6.056096871376665e-01 2.338859722956124e-01
-5.800569095711980e-01 2.363357809043615e-01
-5.539200638661103e-01 2.388803420891069e-01
-5.272254676105025e-01 2.415996688614207e-01
-4.999999999999998e-01 2.444966786647355e-01
-4.722710747726826e-01 2.474962879955876e-01
-4.440666126057737e-01 2.506036405540939e-01
-4.154150130018863e-01 2.538947504123899e-01
-3.863451256931285e-01 2.573243681411116e-01
-3.568862215918718e-01 2.609013333033557e-01
-3.270679633174214e-01 2.647010256668682e-01
-2.969203753282748e-01 2.686395191358341e-01
-2.664738136900348e-01 2.727709513774228e-01
-2.357589355094272e-01 2.771047783068941e-01
-2.048066680651905e-01 2.816491796783178e-01
-1.736481776669303e-01 2.864365348185642e-01
-1.423148382732850e-01 2.914333802306779e-01
-1.108381999010110e-01 2.966772504338424e-01
-7.924995685678832e-02 3.021801045094092e-01
-4.758191582374206e-02 3.079618496448999e-01
-1.586596383480781e-02 3.140307837128585e-01
1.586596383480815e-02 3.204157064359328e-01
4.758191582374240e-02 3.271109079660441e-01
7.924995685678866e-02 3.341705967360961e-01
1.108381999010111e-01 3.416025279792058e-01
1.423148382732853e-01 3.494387209460318e-01
1.736481776669304e-01 3.576853507180932e-01
2.048066680651908e-01 3.663937353595115e-01
2.357589355094273e-01 3.755880174201739e-01
2.664738136900351e-01 3.853775570067855e-01
2.969203753282749e-01 3.955876311503867e-01
3.270679633174218e-01 4.064760821832975e-01
3.568862215918719e-01 4.180183483815021e-01
3.863451256931288e-01 4.302760943485103e-01
4.154150130018864e-01 4.432940886320733e-01
4.440666126057742e-01 4.571563139376043e-01
4.722710747726827e-01 4.719239313599171e-01
5.000000000000003e-01 4.876855773379403e-01
5.272254676105026e-01 5.045360551783026e-01
5.539200638661104e-01 5.226433907014928e-01
5.800569095711982e-01 5.419948859709394e-01
6.056096871376669e-01 5.628217525789055e-01
6.305526670845226e-01 5.852406728465815e-01
6.548607339452851e-01 6.094527364009285e-01
6.785094115571322e-01 6.356691634188358e-01
7.014748877063215e-01 6.641193528590629e-01
7.237340381050703e-01 6.951240851821094e-01
7.452644496757548e-01 7.289570334169739e-01
7.660444431189780e-01 7.660840567579905e-01
7.860530947427876e-01 8.075780310628807e-01
8.052702575310586e-01 8.520131165149406e-01
8.236765814298328e-01 9.020749777332244e-01
8.412535328311813e-01 9.579313776987851e-01
8.579834132349772e-01 1.020609216923705e+00
8.738493770697850e-01 1.091392532425194e+00
8.888354486549235e-01 1.171904345452760e+00
9.029265382866214e-01 1.264277252397314e+00
9.161084574320697e-01 1.371182375180150e+00
9.283679330160727e-01 1.496300323252429e+00
9.396926207859083e-01 1.644591276236507e+00
9.500711177409454e-01 1.823062438411520e+00
9.594929736144975e-01 2.041757487441179e+00
9.679487013963562e-01 2.315781133676499e+00
9.754297868854070e-01 2.668873999946765e+00
9.819286972627067e-01 3.140583415492224e+00
9.874388886763944e-01 3.802101955589308e+00
9.919548128307953e-01 4.795841109137097e+00
9.954719225730846e-01 6.454067639353486e+00
9.979866764718844e-01 9.773588158750316e+00
9.994965423831851e-01 1.973861497905513e+01
1.000000000000000e+00 8.697070854947633e+01
