-1.000000000000000e+00 5.677988357436499e+00
-9.805000000000000e-01 5.678921978374813e+00
-9.610000000000000e-01 5.679856121248998e+00
-9.415000000000000e-01 5.680790786733233e+00
-9.219999999999999e-01 5.681725975503290e+00
-9.025000000000000e-01 5.682661688236538e+00
-8.830000000000000e-01 5.683597925611948e+00
-8.634999999999999e-01 5.684534688310100e+00
-8.440000000000000e-01 5.685471977013187e+00
-8.245000000000000e-01 5.686409792405037e+00
-8.050000000000000e-01 5.687348135171086e+00
-7.855000000000000e-01 5.688287005998411e+00
-7.660000000000000e-01 5.689226405575735e+00
-7.464999999999997e-01 5.690166334593418e+00
-7.270000000000000e-01 5.691106793743478e+00
-7.075000000000001e-01 5.692047783719589e+00
-6.879999999999998e-01 5.692989305217091e+00
-6.685000000000001e-01 5.693931358932991e+00
-6.490000000000000e-01 5.694873945565980e+00
-6.295000000000002e-01 5.695817065816429e+00
-6.100000000000001e-01 5.696760720386340e+00
-5.904999999999999e-01 5.697704909979649e+00
-5.709999999999998e-01 5.698649635301643e+00
-5.515000000000001e-01 5.699594897059546e+00
-5.320000000000001e-01 5.700540695962258e+00
-5.125000000000001e-01 5.701487032720379e+00
-4.930000000000001e-01 5.702433908046259e+00
-4.735000000000001e-01 5.703381322653971e+00
-4.540000000000000e-01 5.704329277259340e+00
-4.345000000000002e-01 5.705277772579934e+00
-4.150000000000000e-01 5.706226809335083e+00
-3.955000000000000e-01 5.707176388245879e+00
-3.759999999999999e-01 5.708126510035185e+00
-3.564999999999999e-01 5.709077175427639e+00
-3.370000000000000e-01 5.710028385149666e+00
-3.174999999999999e-01 5.710980139929487e+00
-2.979999999999999e-01 5.711932440497112e+00
-2.785000000000000e-01 5.712885287584363e+00
-2.589999999999999e-01 5.713838681924873e+00
-2.394999999999999e-01 5.714792624254099e+00
-2.199999999999999e-01 5.715747115309317e+00
-2.004999999999999e-01 5.716702155829648e+00
-1.809999999999999e-01 5.717657746556048e+00
-1.615000000000001e-01 5.718613888231319e+00
-1.420000000000001e-01 5.719570581600132e+00
-1.225000000000000e-01 5.720527827409009e+00
-1.029999999999999e-01 5.721485626406354e+00
-8.349999999999999e-02 5.722443979342437e+00
-6.400000000000007e-02 5.723402886969430e+00
-4.449999999999989e-02 5.724362350041391e+00
-2.500000000000004e-02 5.725322369314280e+00
-5.499999999999857e-03 5.726282945545965e+00
1.400000000000017e-02 5.727244079496236e+00
3.349999999999984e-02 5.728205771926809e+00
5.299999999999994e-02 5.729168023601327e+00
7.250000000000016e-02 5.730130835285376e+00
9.200000000000018e-02 5.731094207746495e+00
1.114999999999999e-01 5.732058141754178e+00
1.310000000000002e-01 5.733022638079878e+00
1.505000000000001e-01 5.733987697497028e+00
1.700000000000000e-01 5.734953320781040e+00
1.895000000000001e-01 5.735919508709316e+00
2.090000000000000e-01 5.736886262061253e+00
2.285000000000000e-01 5.737853581618255e+00
2.480000000000000e-01 5.738821468163744e+00
2.675000000000001e-01 5.739789922483154e+00
2.869999999999999e-01 5.740758945363966e+00
3.065000000000000e-01 5.741728537595686e+00
3.260000000000000e-01 5.742698699969870e+00
3.454999999999999e-01 5.743669433280142e+00
3.650000000000002e-01 5.744640738322174e+00
3.844999999999998e-01 5.745612615893730e+00
4.040000000000002e-01 5.746585066794643e+00
4.234999999999999e-01 5.747558091826842e+00
4.429999999999998e-01 5.748531691794357e+00
4.625000000000000e-01 5.749505867503325e+00
4.819999999999999e-01 5.750480619762005e+00
5.014999999999999e-01 5.751455949380780e+00
5.209999999999999e-01 5.752431857172171e+00
5.404999999999998e-01 5.753408343950844e+00
5.600000000000001e-01 5.754385410533619e+00
5.794999999999999e-01 5.755363057739483e+00
5.990000000000000e-01 5.756341286389587e+00
6.185000000000000e-01 5.757320097307278e+00
6.379999999999999e-01 5.758299491318088e+00
6.575000000000000e-01 5.759279469296186e+00
6.769999999999998e-01 5.760260031932202e+00
6.965000000000001e-01 5.761241180197621e+00
7.160000000000000e-01 5.762222914880400e+00
7.354999999999998e-01 5.763205236817173e+00
7.549999999999999e-01 5.764188146846829e+00
7.745000000000000e-01 5.765171645810512e+00
7.940000000000000e-01 5.766155734551641e+00
8.134999999999999e-01 5.767140413915913e+00
8.329999999999997e-01 5.768125684751311e+00
8.525000000000000e-01 5.769111547908123e+00
8.719999999999999e-01 5.770098004238945e+00
8.915000000000000e-01 5.771085054598695e+00
9.110000000000000e-01 5.772072699844619e+00
9.304999999999999e-01 5.773060940836308e+00
9.500000000000000e-01 5.774049778435701e+00
9.504999999999999e-01 5.774075141098550e+00
9.510000000000000e-01 5.774100504154229e+00
9.514999999999999e-01 5.774125867602755e+00
9.520000000000000e-01 5.774151231444137e+00
9.524999999999999e-01 5.774176595678393e+00
9.530000000000000e-01 5.774201960305537e+00
9.534999999999999e-01 5.774227325325583e+00
9.540000000000000e-01 5.774252690738548e+00
9.544999999999999e-01 5.774278056544444e+00
9.550000000000000e-01 5.774303422743286e+00
9.554999999999999e-01 5.774328789335091e+00
9.560000000000000e-01 5.774354156319871e+00
9.564999999999999e-01 5.774379523697640e+00
9.570000000000000e-01 5.774404891468414e+00
9.574999999999999e-01 5.774430259632209e+00
9.580000000000000e-01 5.774455628189036e+00
9.584999999999999e-01 5.774480997138912e+00
9.590000000000000e-01 5.774506366481853e+00
9.594999999999999e-01 5.774531736217871e+00
9.600000000000000e-01 5.774557106346982e+00
9.604999999999999e-01 5.774582476869201e+00
9.610000000000000e-01 5.774607847784539e+00
9.614999999999999e-01 5.774633219093015e+00
9.620000000000000e-01 5.774658590794642e+00
9.624999999999999e-01 5.774683962889434e+00
9.630000000000000e-01 5.774709335377408e+00
9.634999999999999e-01 5.774734708258573e+00
9.640000000000000e-01 5.774760081532953e+00
9.644999999999999e-01 5.774785455200552e+00
9.650000000000000e-01 5.774810829261392e+00
9.654999999999999e-01 5.774836203715485e+00
9.660000000000000e-01 5.774861578562846e+00
9.664999999999999e-01 5.774886953803490e+00
9.670000000000000e-01 5.774912329437430e+00
9.674999999999999e-01 5.774937705464684e+00
9.680000000000000e-01 5.774963081885261e+00
9.684999999999999e-01 5.774988458699182e+00
9.690000000000000e-01 5.775013835906456e+00
9.694999999999999e-01 5.775039213507103e+00
9.700000000000000e-01 5.775064591501135e+00
9.704999999999999e-01 5.775089969888564e+00
9.710000000000000e-01 5.775115348669408e+00
9.714999999999999e-01 5.775140727843681e+00
9.720000000000000e-01 5.775166107411400e+00
9.724999999999999e-01 5.775191487372574e+00
9.730000000000000e-01 5.775216867727221e+00
9.734999999999999e-01 5.775242248475358e+00
9.740000000000000e-01 5.775267629616994e+00
9.744999999999999e-01 5.775293011152147e+00
9.750000000000000e-01 5.775318393080832e+00
9.754999999999999e-01 5.775343775403062e+00
9.760000000000000e-01 5.775369158118855e+00
9.764999999999999e-01 5.775394541228222e+00
9.770000000000000e-01 5.775419924731179e+00
9.774999999999999e-01 5.775445308627741e+00
9.780000000000000e-01 5.775470692917919e+00
9.784999999999999e-01 5.775496077601733e+00
9.790000000000000e-01 5.775521462679196e+00
9.794999999999999e-01 5.775546848150321e+00
9.800000000000000e-01 5.775572234015126e+00
9.804999999999999e-01 5.775597620273619e+00
9.810000000000000e-01 5.775623006925824e+00
9.814999999999999e-01 5.775648393971747e+00
9.820000000000000e-01 5.775673781411409e+00
9.824999999999999e-01 5.775699169244821e+00
9.830000000000000e-01 5.775724557472000e+00
9.834999999999999e-01 5.775749946092958e+00
9.840000000000000e-01 5.775775335107709e+00
9.844999999999999e-01 5.775800724516272e+00
9.850000000000000e-01 5.775826114318658e+00
9.854999999999999e-01 5.775851504514884e+00
9.860000000000000e-01 5.775876895104964e+00
9.864999999999999e-01 5.775902286088911e+00
9.870000000000000e-01 5.775927677466743e+00
9.874999999999999e-01 5.775953069238472e+00
9.880000000000000e-01 5.775978461404112e+00
9.884999999999999e-01 5.776003853963679e+00
9.890000000000000e-01 5.776029246917188e+00
9.894999999999999e-01 5.776054640264654e+00
9.900000000000000e-01 5.776080034006093e+00
9.904999999999999e-01 5.776105428141514e+00
9.910000000000000e-01 5.776130822670938e+00
9.914999999999999e-01 5.776156217594375e+00
9.920000000000000e-01 5.776181612911842e+00
9.924999999999999e-01 5.776207008623353e+00
9.930000000000000e-01 5.776232404728924e+00
9.934999999999999e-01 5.776257801228568e+00
9.940000000000000e-01 5.776283198122299e+00
9.944999999999999e-01 5.776308595410137e+00
9.950000000000000e-01 5.776333993092091e+00
9.954999999999999e-01 5.776359391168176e+00
9.960000000000000e-01 5.776384789638408e+00
9.964999999999999e-01 5.776410188502804e+00
9.970000000000000e-01 5.776435587761377e+00
9.974999999999999e-01 5.776460987414137e+00
9.980000000000000e-01 5.776486387461106e+00
9.984999999999999e-01 5.776511787902295e+00
9.990000000000000e-01 5.776537188737720e+00
9.994999999999999e-01 5.776562589967394e+00
