-1.000000000000000e+00 9.576182424523138e-03
-9.805000000000000e-01 9.585540155710849e-03
-9.610000000000000e-01 9.594923735511511e-03
-9.415000000000000e-01 9.604333307230836e-03
-9.219999999999999e-01 9.613769023462598e-03
-9.025000000000000e-01 9.623231033025098e-03
-8.830000000000000e-01 9.632719487523948e-03
-8.634999999999999e-01 9.642234540067567e-03
-8.440000000000000e-01 9.651776345288967e-03
-8.245000000000000e-01 9.661345059367943e-03
-8.050000000000000e-01 9.670940840055441e-03
-7.855000000000000e-01 9.680563846697288e-03
-7.660000000000000e-01 9.690214240258666e-03
-7.464999999999997e-01 9.699892183349136e-03
-7.270000000000000e-01 9.709597840248175e-03
-7.075000000000001e-01 9.719331377325524e-03
-6.879999999999998e-01 9.729092961096690e-03
-6.685000000000001e-01 9.738882762375611e-03
-6.490000000000000e-01 9.748700951444880e-03
-6.295000000000002e-01 9.758547701885912e-03
-6.100000000000001e-01 9.768423188566487e-03
-5.904999999999999e-01 9.778327587670306e-03
-5.709999999999998e-01 9.788261078613220e-03
-5.515000000000001e-01 9.798223841053787e-03
-5.320000000000001e-01 9.808216058220090e-03
-5.125000000000001e-01 9.818237914608358e-03
-4.930000000000001e-01 9.828289596063154e-03
-4.735000000000001e-01 9.838371291859545e-03
-4.540000000000000e-01 9.848483192452131e-03
-4.345000000000002e-01 9.858625490653864e-03
-4.150000000000000e-01 9.868798381444183e-03
-3.955000000000000e-01 9.879002062006571e-03
-3.759999999999999e-01 9.889236731767101e-03
-3.564999999999999e-01 9.899502592527030e-03
-3.370000000000000e-01 9.909799848037575e-03
-3.174999999999999e-01 9.920128704972785e-03
-2.979999999999999e-01 9.930489372040666e-03
-2.785000000000000e-01 9.940882060492510e-03
-2.589999999999999e-01 9.951306984074485e-03
-2.394999999999999e-01 9.961764359073562e-03
-2.199999999999999e-01 9.972254404364615e-03
-2.004999999999999e-01 9.982777341458795e-03
-1.809999999999999e-01 9.993333394553175e-03
-1.615000000000001e-01 1.000392279058175e-02
-1.420000000000001e-01 1.001454575926783e-02
-1.225000000000000e-01 1.002520253317782e-02
-1.029999999999999e-01 1.003589334777658e-02
-8.349999999999999e-02 1.004661844148427e-02
-6.400000000000007e-02 1.005737805573479e-02
-4.449999999999989e-02 1.006817243503596e-02
-2.500000000000004e-02 1.007900182703133e-02
-5.499999999999857e-03 1.008986648256391e-02
1.400000000000017e-02 1.010076665574165e-02
3.349999999999984e-02 1.011170260400496e-02
5.299999999999994e-02 1.012267458819621e-02
7.250000000000016e-02 1.013368287263136e-02
9.200000000000018e-02 1.014472772517373e-02
1.114999999999999e-01 1.015580941731017e-02
1.310000000000002e-01 1.016692822422948e-02
1.505000000000001e-01 1.017808442507043e-02
1.700000000000000e-01 1.018927830234393e-02
1.895000000000001e-01 1.020051014300162e-02
2.090000000000000e-01 1.021178023787652e-02
2.285000000000000e-01 1.022308888193562e-02
2.480000000000000e-01 1.023443637437512e-02
2.675000000000001e-01 1.024582301871874e-02
2.869999999999999e-01 1.025724912293449e-02
3.065000000000000e-01 1.026871499950596e-02
3.260000000000000e-01 1.028022096553035e-02
3.454999999999999e-01 1.029176734301149e-02
3.650000000000002e-01 1.030335445855679e-02
3.844999999999998e-01 1.031498264404590e-02
4.040000000000002e-01 1.032665223634791e-02
4.234999999999999e-01 1.033836357746955e-02
4.429999999999998e-01 1.035011701473532e-02
4.625000000000000e-01 1.036191290181884e-02
4.819999999999999e-01 1.037375159748631e-02
5.014999999999999e-01 1.038563346501807e-02
5.209999999999999e-01 1.039755912056425e-02
5.404999999999998e-01 1.040952845461392e-02
5.600000000000001e-01 1.042154184171571e-02
5.794999999999999e-01 1.043360016856720e-02
5.990000000000000e-01 1.044570358403558e-02
6.185000000000000e-01 1.045785249137052e-02
6.379999999999999e-01 1.047004730087918e-02
6.575000000000000e-01 1.048228842989609e-02
6.769999999999998e-01 1.049457630357678e-02
6.965000000000001e-01 1.050691135475604e-02
7.160000000000000e-01 1.051929402431471e-02
7.354999999999998e-01 1.053172476136193e-02
7.549999999999999e-01 1.054420402361955e-02
7.745000000000000e-01 1.055673227887226e-02
7.940000000000000e-01 1.056930999908906e-02
8.134999999999999e-01 1.058193767327542e-02
8.329999999999997e-01 1.059461579515882e-02
8.525000000000000e-01 1.060734487112798e-02
8.719999999999999e-01 1.062012541327213e-02
8.915000000000000e-01 1.063295795220301e-02
9.110000000000000e-01 1.064584302581739e-02
9.304999999999999e-01 1.065878118217373e-02
9.500000000000000e-01 1.067177298349967e-02
9.504999999999999e-01 1.067210681713147e-02
9.510000000000000e-01 1.067244068642107e-02
9.514999999999999e-01 1.067277459137830e-02
9.520000000000000e-01 1.067310853201300e-02
9.524999999999999e-01 1.067344250833498e-02
9.530000000000000e-01 1.067377652035410e-02
9.534999999999999e-01 1.067411056808256e-02
9.540000000000000e-01 1.067444464268923e-02
9.544999999999999e-01 1.067477877069527e-02
9.550000000000000e-01 1.067511292560151e-02
9.554999999999999e-01 1.067544711625145e-02
9.560000000000000e-01 1.067578134266031e-02
9.564999999999999e-01 1.067611560483535e-02
9.570000000000000e-01 1.067644990278644e-02
9.574999999999999e-01 1.067678423652359e-02
9.580000000000000e-01 1.067711860605648e-02
9.584999999999999e-01 1.067745301139513e-02
9.590000000000000e-01 1.067778745254944e-02
9.594999999999999e-01 1.067812192952933e-02
9.600000000000000e-01 1.067845644234473e-02
9.604999999999999e-01 1.067879099100555e-02
9.610000000000000e-01 1.067912557631476e-02
9.614999999999999e-01 1.067946019669659e-02
9.620000000000000e-01 1.067979485295368e-02
9.624999999999999e-01 1.068012954509598e-02
9.630000000000000e-01 1.068046427313332e-02
9.634999999999999e-01 1.068079903707589e-02
9.640000000000000e-01 1.068113383693357e-02
9.644999999999999e-01 1.068146867271632e-02
9.650000000000000e-01 1.068180354443494e-02
9.654999999999999e-01 1.068213845209780e-02
9.660000000000000e-01 1.068247339571569e-02
9.664999999999999e-01 1.068280837529862e-02
9.670000000000000e-01 1.068314339085659e-02
9.674999999999999e-01 1.068347844239963e-02
9.680000000000000e-01 1.068381352993775e-02
9.684999999999999e-01 1.068414865348097e-02
9.690000000000000e-01 1.068448381303932e-02
9.694999999999999e-01 1.068481900862285e-02
9.700000000000000e-01 1.068515424024449e-02
9.704999999999999e-01 1.068548950790850e-02
9.710000000000000e-01 1.068582481162783e-02
9.714999999999999e-01 1.068616015141254e-02
9.720000000000000e-01 1.068649552727271e-02
9.724999999999999e-01 1.068683093921840e-02
9.730000000000000e-01 1.068716638725969e-02
9.734999999999999e-01 1.068750187140668e-02
9.740000000000000e-01 1.068783739166946e-02
9.744999999999999e-01 1.068817294805811e-02
9.750000000000000e-01 1.068850854058276e-02
9.754999999999999e-01 1.068884416925351e-02
9.760000000000000e-01 1.068917983408047e-02
9.764999999999999e-01 1.068951553507378e-02
9.770000000000000e-01 1.068985127224356e-02
9.774999999999999e-01 1.069018704559995e-02
9.780000000000000e-01 1.069052285515309e-02
9.784999999999999e-01 1.069085870091313e-02
9.790000000000000e-01 1.069119458289023e-02
9.794999999999999e-01 1.069153050109454e-02
9.800000000000000e-01 1.069186645553623e-02
9.804999999999999e-01 1.069220244622548e-02
9.810000000000000e-01 1.069253847317248e-02
9.814999999999999e-01 1.069287453638739e-02
9.820000000000000e-01 1.069321063588043e-02
9.824999999999999e-01 1.069354677166177e-02
9.830000000000000e-01 1.069388294374165e-02
9.834999999999999e-01 1.069421915213025e-02
9.840000000000000e-01 1.069455539683781e-02
9.844999999999999e-01 1.069489167787454e-02
9.850000000000000e-01 1.069522799525069e-02
9.854999999999999e-01 1.069556434897647e-02
9.860000000000000e-01 1.069590073906215e-02
9.864999999999999e-01 1.069623716551796e-02
9.870000000000000e-01 1.069657362835417e-02
9.874999999999999e-01 1.069691012758697e-02
9.880000000000000e-01 1.069724666321497e-02
9.884999999999999e-01 1.069758323525418e-02
9.890000000000000e-01 1.069791984370830e-02
9.894999999999999e-01 1.069825648860056e-02
9.900000000000000e-01 1.069859316993488e-02
9.904999999999999e-01 1.069892988772157e-02
9.910000000000000e-01 1.069926664197094e-02
9.914999999999999e-01 1.069960343269330e-02
9.920000000000000e-01 1.069994025989898e-02
9.924999999999999e-01 1.070027712359829e-02
9.930000000000000e-01 1.070061402380158e-02
9.934999999999999e-01 1.070095096051918e-02
9.940000000000000e-01 1.070128793376145e-02
9.944999999999999e-01 1.070162494353873e-02
9.950000000000000e-01 1.070196198986138e-02
9.954999999999999e-01 1.070229907273977e-02
9.960000000000000e-01 1.070263619218428e-02
9.964999999999999e-01 1.070297334820529e-02
9.970000000000000e-01 1.070331054081317e-02
9.974999999999999e-01 1.070364777001832e-02
9.980000000000000e-01 1.070398503583115e-02
9.984999999999999e-01 1.070432233826206e-02
9.990000000000000e-01 1.070465967732146e-02
9.994999999999999e-01 1.070499705301977e-02
