-1.000000000000000e+00 2.770113864038170e-07
-9.805000000000000e-01 2.804113631976899e-07
-9.610000000000000e-01 2.823187367472564e-07
-9.415000000000000e-01 2.842684872390774e-07
-9.219999999999999e-01 2.964887043431710e-07
-9.025000000000000e-01 2.977269702962836e-07
-8.830000000000000e-01 3.001189286966387e-07
-8.634999999999999e-01 3.025500134934122e-07
-8.440000000000000e-01 2.944187147378641e-07
-8.245000000000000e-01 2.965694704300227e-07
-8.050000000000000e-01 2.987392693202222e-07
-7.855000000000000e-01 3.108781856666737e-07
-7.660000000000000e-01 3.131467471129972e-07
-7.464999999999997e-01 3.154551013936388e-07
-7.270000000000000e-01 3.056713086703414e-07
-7.075000000000001e-01 3.078086698714694e-07
-6.879999999999998e-01 3.101699109180314e-07
-6.685000000000001e-01 3.125775571867602e-07
-6.490000000000000e-01 3.223685060283406e-07
-6.295000000000002e-01 3.248919935603563e-07
-6.100000000000001e-01 3.274973921247496e-07
-5.904999999999999e-01 3.301540397872781e-07
-5.709999999999998e-01 3.328635177839544e-07
-5.515000000000001e-01 3.356311159536050e-07
-5.320000000000001e-01 3.384546963994677e-07
-5.125000000000001e-01 3.413373913464015e-07
-4.930000000000001e-01 3.421258219434852e-07
-4.735000000000001e-01 3.481014497226841e-07
-4.540000000000000e-01 3.555149968311121e-07
-4.345000000000002e-01 3.534885281304224e-07
-4.150000000000000e-01 3.566938935804998e-07
-3.955000000000000e-01 3.599741299990377e-07
-3.759999999999999e-01 3.632592326994414e-07
-3.564999999999999e-01 3.672262735893093e-07
-3.370000000000000e-01 3.707280001818906e-07
-3.174999999999999e-01 3.742923904130353e-07
-2.979999999999999e-01 3.775168325353010e-07
-2.785000000000000e-01 3.812863411930842e-07
-2.589999999999999e-01 3.851479335389204e-07
-2.394999999999999e-01 3.890936965181049e-07
-2.199999999999999e-01 3.931530358817609e-07
-2.004999999999999e-01 3.973102834422608e-07
-1.809999999999999e-01 4.015742648380947e-07
-1.615000000000001e-01 4.059560346869099e-07
-1.420000000000001e-01 4.104467439904656e-07
-1.225000000000000e-01 4.150974298619788e-07
-1.029999999999999e-01 4.197964271861137e-07
-8.349999999999999e-02 4.247017527859159e-07
-6.400000000000007e-02 4.297429520448117e-07
-4.449999999999989e-02 4.345964208654811e-07
-2.500000000000004e-02 4.402336705954539e-07
-5.499999999999857e-03 4.457280198458765e-07
1.400000000000017e-02 4.513844207453500e-07
3.349999999999984e-02 4.572226509115130e-07
5.299999999999994e-02 4.632494484148034e-07
7.250000000000016e-02 4.694753699249866e-07
9.200000000000018e-02 4.759090834194150e-07
1.114999999999999e-01 4.819960679244621e-07
1.310000000000002e-01 4.888942438369496e-07
1.505000000000001e-01 4.960320456504248e-07
1.700000000000000e-01 5.034327313222753e-07
1.895000000000001e-01 5.111085634801628e-07
2.090000000000000e-01 5.254800086650832e-07
2.285000000000000e-01 5.273639363203745e-07
2.480000000000000e-01 5.359195503326633e-07
2.675000000000001e-01 5.431529903000515e-07
2.869999999999999e-01 5.542476226296509e-07
3.065000000000000e-01 5.640073381589118e-07
3.260000000000000e-01 5.742309336767867e-07
3.454999999999999e-01 5.848941233842557e-07
3.650000000000002e-01 5.960712926437397e-07
3.844999999999998e-01 6.077994194101446e-07
4.040000000000002e-01 6.201198324924289e-07
4.234999999999999e-01 6.328377988708676e-07
4.429999999999998e-01 6.465445196630994e-07
4.625000000000000e-01 6.587510537483950e-07
4.819999999999999e-01 6.740249915446654e-07
5.014999999999999e-01 6.901811983006387e-07
5.209999999999999e-01 7.098016353715021e-07
5.404999999999998e-01 7.281182048520586e-07
5.600000000000001e-01 7.476443784605233e-07
5.794999999999999e-01 7.686314352384365e-07
5.990000000000000e-01 7.910812079631820e-07
6.185000000000000e-01 8.153169117433944e-07
6.379999999999999e-01 8.414397991092776e-07
6.575000000000000e-01 8.641183072433778e-07
6.769999999999998e-01 8.951694220609154e-07
6.965000000000001e-01 9.350296615447514e-07
7.160000000000000e-01 9.729895114905879e-07
7.354999999999998e-01 1.012453021336346e-06
7.549999999999999e-01 1.059664710132641e-06
7.745000000000000e-01 1.114661235069037e-06
7.940000000000000e-01 1.173495028042620e-06
8.134999999999999e-01 1.245109611022191e-06
8.329999999999997e-01 1.327540808020886e-06
8.525000000000000e-01 1.425480784279463e-06
8.719999999999999e-01 1.545585097514732e-06
8.915000000000000e-01 1.697073604790733e-06
9.110000000000000e-01 1.896499376245794e-06
9.304999999999999e-01 2.175740098281347e-06
9.500000000000000e-01 2.606788462422996e-06
9.504999999999999e-01 2.620852649323772e-06
9.510000000000000e-01 2.635350030820482e-06
9.514999999999999e-01 2.650065534197100e-06
9.520000000000000e-01 2.665267225184379e-06
9.524999999999999e-01 2.680458715139790e-06
9.530000000000000e-01 2.695883880885852e-06
9.534999999999999e-01 2.711600002445933e-06
9.540000000000000e-01 2.728437760629115e-06
9.544999999999999e-01 2.744788880124250e-06
9.550000000000000e-01 2.761361105097193e-06
9.554999999999999e-01 2.778216562375431e-06
9.560000000000000e-01 2.795371756463421e-06
9.564999999999999e-01 2.812892041104174e-06
9.570000000000000e-01 2.830600015482872e-06
9.574999999999999e-01 2.847569771170876e-06
9.580000000000000e-01 2.865909192247282e-06
9.584999999999999e-01 2.884576963061057e-06
9.590000000000000e-01 2.903583370418557e-06
9.594999999999999e-01 2.922947957464878e-06
9.600000000000000e-01 2.942677936873259e-06
9.604999999999999e-01 2.962779419135753e-06
9.610000000000000e-01 2.983780639418896e-06
9.614999999999999e-01 3.005974446810281e-06
9.620000000000000e-01 3.025427625557091e-06
9.624999999999999e-01 3.047167591084513e-06
9.630000000000000e-01 3.069343709392094e-06
9.634999999999999e-01 3.091951969098042e-06
9.640000000000000e-01 3.115075227379490e-06
9.644999999999999e-01 3.138660460756508e-06
9.650000000000000e-01 3.162657702782310e-06
9.654999999999999e-01 3.187367067911821e-06
9.660000000000000e-01 3.212525249089209e-06
9.664999999999999e-01 3.238247749425984e-06
9.670000000000000e-01 3.264554950979874e-06
9.674999999999999e-01 3.291472769589576e-06
9.680000000000000e-01 3.318357406097039e-06
9.684999999999999e-01 3.346579954436157e-06
9.690000000000000e-01 3.375800716211395e-06
9.694999999999999e-01 3.403000906596877e-06
9.700000000000000e-01 3.429975152414559e-06
9.704999999999999e-01 3.461080772310836e-06
9.710000000000000e-01 3.499123977467667e-06
9.714999999999999e-01 3.531215905271812e-06
9.720000000000000e-01 3.564835480649837e-06
9.724999999999999e-01 3.599368319458992e-06
9.730000000000000e-01 3.634861378227795e-06
9.734999999999999e-01 3.671363500289890e-06
9.740000000000000e-01 3.708912237753667e-06
9.744999999999999e-01 3.747557922639649e-06
9.750000000000000e-01 3.787366944221939e-06
9.754999999999999e-01 3.828392442076956e-06
9.760000000000000e-01 3.870697699850535e-06
9.764999999999999e-01 3.914350696936038e-06
9.770000000000000e-01 3.959424434653673e-06
9.774999999999999e-01 4.005997347928865e-06
9.780000000000000e-01 4.054153818901149e-06
9.784999999999999e-01 4.103992463071583e-06
9.790000000000000e-01 4.155592624661811e-06
9.794999999999999e-01 4.209099685853388e-06
9.800000000000000e-01 4.264569957332802e-06
9.804999999999999e-01 4.322185630019694e-06
9.810000000000000e-01 4.382074671822904e-06
9.814999999999999e-01 4.444376849614047e-06
9.820000000000000e-01 4.509244772454964e-06
9.824999999999999e-01 4.576896034640781e-06
9.830000000000000e-01 4.647517863055036e-06
9.834999999999999e-01 4.721334569484801e-06
9.840000000000000e-01 4.798591425184517e-06
9.844999999999999e-01 4.879566138298375e-06
9.850000000000000e-01 4.965527960967669e-06
9.854999999999999e-01 5.054850030597612e-06
9.860000000000000e-01 5.148888177852232e-06
9.864999999999999e-01 5.247366472626819e-06
9.870000000000000e-01 5.352368075187675e-06
9.874999999999999e-01 5.463639350619033e-06
9.880000000000000e-01 5.584775855131274e-06
9.884999999999999e-01 5.710563612431145e-06
9.890000000000000e-01 5.844847700739077e-06
9.894999999999999e-01 5.988629208987834e-06
9.900000000000000e-01 6.143080497426707e-06
9.904999999999999e-01 6.309125426518766e-06
9.910000000000000e-01 6.489805090991453e-06
9.914999999999999e-01 6.683551460680886e-06
9.920000000000000e-01 6.899747747749445e-06
9.924999999999999e-01 7.134867702417651e-06
9.930000000000000e-01 7.394781688335197e-06
9.934999999999999e-01 7.684142822639946e-06
9.940000000000000e-01 8.009020392292790e-06
9.944999999999999e-01 8.377283722067738e-06
9.950000000000000e-01 8.799532648086199e-06
9.954999999999999e-01 9.290397348512121e-06
9.960000000000000e-01 9.870693680385911e-06
9.964999999999999e-01 1.057134732115631e-05
9.970000000000000e-01 1.144067014377739e-05
9.974999999999999e-01 1.255931593992171e-05
9.980000000000000e-01 1.407493522704731e-05
9.984999999999999e-01 1.629657625058968e-05
9.990000000000000e-01 2.002310542208111e-05
9.994999999999999e-01 2.843583299473985e-05
