-1.000000000000000e+00 4.736934605037473e-01
-9.994965423831851e-01 4.737055297389982e-01
-9.979866764718843e-01 4.737417299326761e-01
-9.954719225730846e-01 4.738020385431265e-01
-9.919548128307953e-01 4.738864179793972e-01
-9.874388886763943e-01 4.739948155874429e-01
-9.819286972627066e-01 4.741271635932306e-01
-9.754297868854070e-01 4.742833790669603e-01
-9.679487013963562e-01 4.744633638615305e-01
-9.594929736144974e-01 4.746670041406121e-01
-9.500711177409453e-01 4.748941719132466e-01
-9.396926207859083e-01 4.751447225277061e-01
-9.283679330160726e-01 4.754184961865325e-01
-9.161084574320695e-01 4.757153174384595e-01
-9.029265382866211e-01 4.760349950650714e-01
-8.888354486549234e-01 4.763773219599363e-01
-8.738493770697849e-01 4.767420750022297e-01
-8.579834132349771e-01 4.771290149155663e-01
-8.412535328311810e-01 4.775378861425450e-01
-8.236765814298327e-01 4.779684166861069e-01
-8.052702575310586e-01 4.784203179681863e-01
-7.860530947427873e-01 4.788932850187492e-01
-7.660444431189779e-01 4.793869949562538e-01
-7.452644496757547e-01 4.799011088781946e-01
-7.237340381050702e-01 4.804352703445792e-01
-7.014748877063210e-01 4.809891051647618e-01
-6.785094115571321e-01 4.815622228396553e-01
-6.548607339452851e-01 4.821542140254149e-01
-6.305526670845222e-01 4.827646519798442e-01
-6.056096871376665e-01 4.833930923273960e-01
-5.800569095711980e-01 4.840390717348018e-01
-5.539200638661103e-01 4.847021095776816e-01
-5.272254676105025e-01 4.853817062715500e-01
-4.999999999999998e-01 4.860773451939429e-01
-4.722710747726826e-01 4.867884894137114e-01
-4.440666126057737e-01 4.875145845510197e-01
-4.154150130018863e-01 4.882550572574077e-01
-3.863451256931285e-01 4.890093159712829e-01
-3.568862215918718e-01 4.897767502195198e-01
-3.270679633174214e-01 4.905567305020065e-01
-2.969203753282748e-01 4.913486097231032e-01
-2.664738136900348e-01 4.921517212266875e-01
-2.357589355094272e-01 4.929653807460895e-01
-2.048066680651905e-01 4.937888853514220e-01
-1.736481776669303e-01 4.946215141747488e-01
-1.423148382732850e-01 4.954625281780681e-01
-1.108381999010110e-01 4.963111709440019e-01
-7.924995685678832e-02 4.971666686221642e-01
-4.758191582374206e-02 4.980282301261943e-01
-1.586596383480781e-02 4.988950478255078e-01
1.586596383480815e-02 4.997662977824882e-01
4.758191582374240e-02 5.006411402406924e-01
7.924995685678866e-02 5.015187201841192e-01
1.108381999010111e-01 5.023981678824631e-01
1.423148382732853e-01 5.032785995417931e-01
1.736481776669304e-01 5.041591179861294e-01
2.048066680651908e-01 5.050388134108987e-01
2.357589355094273e-01 5.059167641870286e-01
2.664738136900351e-01 5.067920377439041e-01
2.969203753282749e-01 5.076636914982138e-01
3.270679633174218e-01 5.085307738642033e-01
3.568862215918719e-01 5.093923253174666e-01
3.863451256931288e-01 5.102473795311506e-01
4.154150130018864e-01 5.110949645723398e-01
4.440666126057742e-01 5.119341041742240e-01
4.722710747726827e-01 5.127638190639767e-01
5.000000000000003e-01 5.135831283601413e-01
5.272254676105026e-01 5.143910510323867e-01
5.539200638661104e-01 5.151866074229253e-01
5.800569095711982e-01 5.159688208274610e-01
6.056096871376669e-01 5.167367191330837e-01
6.305526670845226e-01 5.174893365108637e-01
6.548607339452851e-01 5.182257151546448e-01
6.785094115571322e-01 5.189449070743162e-01
7.014748877063215e-01 5.196459759225156e-01
7.237340381050703e-01 5.203279988620275e-01
7.452644496757548e-01 5.209900684632126e-01
7.660444431189780e-01 5.216312946263848e-01
7.860530947427876e-01 5.222508065222065e-01
8.052702575310586e-01 5.228477545432119e-01
8.236765814298328e-01 5.234213122586368e-01
8.412535328311813e-01 5.239706783649440e-01
8.579834132349772e-01 5.244950786231234e-01
8.738493770697850e-01 5.249937677744045e-01
8.888354486549235e-01 5.254660314252463e-01
9.029265382866214e-01 5.259111878920326e-01
9.161084574320697e-01 5.263285899968692e-01
9.283679330160727e-01 5.267176268039221e-01
9.396926207859083e-01 5.270777252874482e-01
9.500711177409454e-01 5.274083519220654e-01
9.594929736144975e-01 5.277090141854700e-01
9.679487013963562e-01 5.279792619656816e-01
9.754297868854070e-01 5.282186888628648e-01
9.819286972627067e-01 5.284269333785522e-01
9.874388886763944e-01 5.286036799842636e-01
9.919548128307953e-01 5.287486600626295e-01
9.954719225730846e-01 5.288616527148410e-01
9.979866764718844e-01 5.289424854286943e-01
9.994965423831851e-01 5.289910346034576e-01
1.000000000000000e+00 5.290072259270651e-01
