-1.000000000000000e+00 3.686901993945064e-01
-9.994965423831851e-01 3.687233963745202e-01
-9.979866764718843e-01 3.688233794363746e-01
-9.954719225730846e-01 3.689893515909744e-01
-9.919548128307953e-01 3.692237060660684e-01
-9.874388886763943e-01 3.695229842638415e-01
-9.819286972627066e-01 3.698898298103260e-01
-9.754297868854070e-01 3.703243290288334e-01
-9.679487013963562e-01 3.708266230344608e-01
-9.594929736144974e-01 3.713960999831332e-01
-9.500711177409453e-01 3.720342458263206e-01
-9.396926207859083e-01 3.727409080417914e-01
-9.283679330160726e-01 3.735161937460752e-01
-9.161084574320695e-01 3.743614287128961e-01
-9.029265382866211e-01 3.752761350249144e-01
-8.888354486549234e-01 3.762621387833271e-01
-8.738493770697849e-01 3.773184280609210e-01
-8.579834132349771e-01 3.784472653459930e-01
-8.412535328311810e-01 3.796477693381441e-01
-8.236765814298327e-01 3.809223524411208e-01
-8.052702575310586e-01 3.822707261302244e-01
-7.860530947427873e-01 3.836933366269717e-01
-7.660444431189779e-01 3.851918424768609e-01
-7.452644496757547e-01 3.867683603635506e-01
-7.237340381050702e-01 3.884216201278662e-01
-7.014748877063210e-01 3.901535520742647e-01
-6.785094115571321e-01 3.919654478041639e-01
-6.548607339452851e-01 3.938589093601493e-01
-6.305526670845222e-01 3.958334421335654e-01
-6.056096871376665e-01 3.978921831897249e-01
-5.800569095711980e-01 4.000357636569856e-01
-5.539200638661103e-01 4.022661187919299e-01
-5.272254676105025e-01 4.045833220051248e-01
-4.999999999999998e-01 4.069897949148495e-01
-4.722710747726826e-01 4.094873794983520e-01
-4.440666126057737e-01 4.120773675070706e-01
-4.154150130018863e-01 4.147614468947369e-01
-3.863451256931285e-01 4.175418413369220e-01
-3.568862215918718e-01 4.204197744367438e-01
-3.270679633174214e-01 4.233983886518183e-01
-2.969203753282748e-01 4.264781597283900e-01
-2.664738136900348e-01 4.296617743405587e-01
-2.357589355094272e-01 4.329516455676116e-01
-2.048066680651905e-01 4.363502179277326e-01
-1.736481776669303e-01 4.398589958895687e-01
-1.423148382732850e-01 4.434817143199493e-01
-1.108381999010110e-01 4.472192581246097e-01
-7.924995685678832e-02 4.510743612222883e-01
-4.758191582374206e-02 4.550512542396399e-01
-1.586596383480781e-02 4.591527389270706e-01
1.586596383480815e-02 4.633792250594493e-01
4.758191582374240e-02 4.677350004340772e-01
7.924995685678866e-02 4.722228059586455e-01
1.108381999010111e-01 4.768460003545317e-01
1.423148382732853e-01 4.816085261401050e-01
1.736481776669304e-01 4.865128880453757e-01
2.048066680651908e-01 4.915622267361689e-01
2.357589355094273e-01 4.967610565952671e-01
2.664738136900351e-01 5.021121247791346e-01
2.969203753282749e-01 5.076209587087270e-01
3.270679633174218e-01 5.132918594625084e-01
3.568862215918719e-01 5.191307940397890e-01
3.863451256931288e-01 5.251434059367771e-01
4.154150130018864e-01 5.313376374189219e-01
4.440666126057742e-01 5.377220204481432e-01
4.722710747726827e-01 5.443061920707603e-01
5.000000000000003e-01 5.511034095105788e-01
5.272254676105026e-01 5.581276664857336e-01
5.539200638661104e-01 5.653954995059093e-01
5.800569095711982e-01 5.729270913584666e-01
6.056096871376669e-01 5.807448380597819e-01
6.305526670845226e-01 5.888749690838194e-01
6.548607339452851e-01 5.973463282354544e-01
6.785094115571322e-01 6.061919929125807e-01
7.014748877063215e-01 6.154493783454977e-01
7.237340381050703e-01 6.251577715900926e-01
7.452644496757548e-01 6.353623303576911e-01
7.660444431189780e-01 6.461118734789069e-01
7.860530947427876e-01 6.574600181617469e-01
8.052702575310586e-01 6.694650702838149e-01
8.236765814298328e-01 6.821923554744893e-01
8.412535328311813e-01 6.957143180080588e-01
8.579834132349772e-01 7.101130710469113e-01
8.738493770697850e-01 7.254824691780660e-01
8.888354486549235e-01 7.419332476526201e-01
9.029265382866214e-01 7.595979497411572e-01
9.161084574320697e-01 7.786394815777808e-01
9.283679330160727e-01 7.992634600970314e-01
9.396926207859083e-01 8.217362363220143e-01
9.500711177409454e-01 8.464140877228713e-01
9.594929736144975e-01 8.737885155482286e-01
9.679487013963562e-01 9.045636400786405e-01
9.754297868854070e-01 9.397942058755361e-01
9.819286972627067e-01 9.811516424046932e-01
9.874388886763944e-01 1.031488487666110e+00
9.919548128307953e-01 1.096201540625129e+00
9.954719225730846e-01 1.187192114242296e+00
9.979866764718844e-01 1.338263168026271e+00
9.994965423831851e-01 1.710431734402264e+00
1.000000000000000e+00 2.045829614542590e+00
