-1.000000000000000e+00 7.570449593937328e-06
-9.805000000000000e-01 7.611156008405084e-06
-9.610000000000000e-01 7.652345359080805e-06
-9.415000000000000e-01 7.693947153360814e-06
-9.219999999999999e-01 7.736132820077548e-06
-9.025000000000000e-01 7.778979267134427e-06
-8.830000000000000e-01 7.822191284090175e-06
-8.634999999999999e-01 7.865933019011704e-06
-8.440000000000000e-01 7.910434544832565e-06
-8.245000000000000e-01 7.955275025747714e-06
-8.050000000000000e-01 8.000734402246263e-06
-7.855000000000000e-01 8.046871710693878e-06
-7.660000000000000e-01 8.093538369190041e-06
-7.464999999999997e-01 8.140887536599515e-06
-7.270000000000000e-01 8.188887604468761e-06
-7.075000000000001e-01 8.237477430553400e-06
-6.879999999999998e-01 8.286660931854364e-06
-6.685000000000001e-01 8.336661558322669e-06
-6.490000000000000e-01 8.387329338676809e-06
-6.295000000000002e-01 8.438492540896265e-06
-6.100000000000001e-01 8.490685851365376e-06
-5.904999999999999e-01 8.543533190931141e-06
-5.709999999999998e-01 8.596954593222408e-06
-5.515000000000001e-01 8.650758532669116e-06
-5.320000000000001e-01 8.706482831787656e-06
-5.125000000000001e-01 8.762411475389772e-06
-4.930000000000001e-01 8.819348484451854e-06
-4.735000000000001e-01 8.876889309669434e-06
-4.540000000000000e-01 8.935491514178562e-06
-4.345000000000002e-01 8.994885606383199e-06
-4.150000000000000e-01 9.055248088437860e-06
-3.955000000000000e-01 9.116675239910172e-06
-3.759999999999999e-01 9.178854149789549e-06
-3.564999999999999e-01 9.242325769210883e-06
-3.370000000000000e-01 9.306583711817085e-06
-3.174999999999999e-01 9.372004407312886e-06
-2.979999999999999e-01 9.438675759420487e-06
-2.785000000000000e-01 9.506137605192220e-06
-2.589999999999999e-01 9.574635223839978e-06
-2.394999999999999e-01 9.644913803100513e-06
-2.199999999999999e-01 9.716209368379736e-06
-2.004999999999999e-01 9.788940793870742e-06
-1.809999999999999e-01 9.862623132542686e-06
-1.615000000000001e-01 9.937041276675847e-06
-1.420000000000001e-01 1.001439970806385e-05
-1.225000000000000e-01 1.009233473428298e-05
-1.029999999999999e-01 1.017203145750311e-05
-8.349999999999999e-02 1.025281959096383e-05
-6.400000000000007e-02 1.033548826514964e-05
-4.449999999999989e-02 1.041956760082682e-05
-2.500000000000004e-02 1.050549196543585e-05
-5.499999999999857e-03 1.059300856113413e-05
1.400000000000017e-02 1.068274200186312e-05
3.349999999999984e-02 1.077391620431491e-05
5.299999999999994e-02 1.086713883836227e-05
7.250000000000016e-02 1.096245879537673e-05
9.200000000000018e-02 1.105998583935102e-05
1.114999999999999e-01 1.115933494844747e-05
1.310000000000002e-01 1.126106171591000e-05
1.505000000000001e-01 1.136524078961255e-05
1.700000000000000e-01 1.147168855021136e-05
1.895000000000001e-01 1.158104277207162e-05
2.090000000000000e-01 1.169279485861662e-05
2.285000000000000e-01 1.180725843852080e-05
2.480000000000000e-01 1.192478037330509e-05
2.675000000000001e-01 1.204516012923553e-05
2.869999999999999e-01 1.216869161273159e-05
3.065000000000000e-01 1.229573152150356e-05
3.260000000000000e-01 1.242600984212678e-05
3.454999999999999e-01 1.256015450935657e-05
3.650000000000002e-01 1.269797745181002e-05
3.844999999999998e-01 1.283996995318111e-05
4.040000000000002e-01 1.298610576255827e-05
4.234999999999999e-01 1.313677004341789e-05
4.429999999999998e-01 1.329215787090163e-05
4.625000000000000e-01 1.345253533024723e-05
4.819999999999999e-01 1.361819782621971e-05
5.014999999999999e-01 1.378955231782107e-05
5.209999999999999e-01 1.396687226182997e-05
5.404999999999998e-01 1.415065905816555e-05
5.600000000000001e-01 1.434141225196133e-05
5.794999999999999e-01 1.453964024677727e-05
5.990000000000000e-01 1.474615721717014e-05
6.185000000000000e-01 1.496162726871955e-05
6.379999999999999e-01 1.518710783955841e-05
6.575000000000000e-01 1.542366500298848e-05
6.769999999999998e-01 1.567271682414350e-05
6.965000000000001e-01 1.593607672002833e-05
7.160000000000000e-01 1.621577826416304e-05
7.354999999999998e-01 1.651437353166865e-05
7.549999999999999e-01 1.683515646737309e-05
7.745000000000000e-01 1.718217756353000e-05
7.940000000000000e-01 1.756062044797819e-05
8.134999999999999e-01 1.797714509617014e-05
8.329999999999997e-01 1.844064346110145e-05
8.525000000000000e-01 1.896300078369286e-05
8.719999999999999e-01 1.956093861688793e-05
8.915000000000000e-01 2.025908702890387e-05
9.110000000000000e-01 2.109604045514868e-05
9.304999999999999e-01 2.213824217313736e-05
9.500000000000000e-01 2.351770803640825e-05
9.504999999999999e-01 2.355964131212316e-05
9.510000000000000e-01 2.360199272582372e-05
9.514999999999999e-01 2.364476443770934e-05
9.520000000000000e-01 2.368797182128994e-05
9.524999999999999e-01 2.373162401834655e-05
9.530000000000000e-01 2.377573190687560e-05
9.534999999999999e-01 2.382029394308014e-05
9.540000000000000e-01 2.386532601224906e-05
9.544999999999999e-01 2.391083150705744e-05
9.550000000000000e-01 2.395683805901558e-05
9.554999999999999e-01 2.400334801687365e-05
9.560000000000000e-01 2.405037241427409e-05
9.564999999999999e-01 2.409792466758134e-05
9.570000000000000e-01 2.414601772242799e-05
9.574999999999999e-01 2.419468025268322e-05
9.580000000000000e-01 2.424386713814635e-05
9.584999999999999e-01 2.429368348934917e-05
9.590000000000000e-01 2.434402151620939e-05
9.594999999999999e-01 2.439500418127870e-05
9.600000000000000e-01 2.444660787705303e-05
9.604999999999999e-01 2.449884963217741e-05
9.610000000000000e-01 2.455174658035199e-05
9.614999999999999e-01 2.460531402632534e-05
9.620000000000000e-01 2.465958755691770e-05
9.624999999999999e-01 2.471458737467602e-05
9.630000000000000e-01 2.477022546670699e-05
9.634999999999999e-01 2.482666293249485e-05
9.640000000000000e-01 2.488386987820150e-05
9.644999999999999e-01 2.494186586183737e-05
9.650000000000000e-01 2.500067412202270e-05
9.654999999999999e-01 2.506031712116592e-05
9.660000000000000e-01 2.512082615748842e-05
9.664999999999999e-01 2.518222332932148e-05
9.670000000000000e-01 2.524452990736844e-05
9.674999999999999e-01 2.530788267068654e-05
9.680000000000000e-01 2.537200636044892e-05
9.684999999999999e-01 2.543723666615947e-05
9.690000000000000e-01 2.550350491131296e-05
9.694999999999999e-01 2.557084473449841e-05
9.700000000000000e-01 2.563929581499063e-05
9.704999999999999e-01 2.570889307348055e-05
9.710000000000000e-01 2.577967850942639e-05
9.714999999999999e-01 2.585169542417814e-05
9.720000000000000e-01 2.592498656550379e-05
9.724999999999999e-01 2.599960217096041e-05
9.730000000000000e-01 2.607559175327168e-05
9.734999999999999e-01 2.615300687833154e-05
9.740000000000000e-01 2.623190645085761e-05
9.744999999999999e-01 2.631234927925275e-05
9.750000000000000e-01 2.639439945011117e-05
9.754999999999999e-01 2.647812460423712e-05
9.760000000000000e-01 2.656359657917812e-05
9.764999999999999e-01 2.665089449522868e-05
9.770000000000000e-01 2.674009635298995e-05
9.774999999999999e-01 2.683129923181667e-05
9.780000000000000e-01 2.692457628279586e-05
9.784999999999999e-01 2.702004985732963e-05
9.790000000000000e-01 2.711782012624373e-05
9.794999999999999e-01 2.721800810648535e-05
9.800000000000000e-01 2.732073429982593e-05
9.804999999999999e-01 2.742613649167646e-05
9.810000000000000e-01 2.753436394356867e-05
9.814999999999999e-01 2.764557327448674e-05
9.820000000000000e-01 2.776007551591971e-05
9.824999999999999e-01 2.787765780913212e-05
9.830000000000000e-01 2.799892674855288e-05
9.834999999999999e-01 2.812397674952678e-05
9.840000000000000e-01 2.825305897903588e-05
9.844999999999999e-01 2.838645502518414e-05
9.850000000000000e-01 2.852443808679855e-05
9.854999999999999e-01 2.866737757102732e-05
9.860000000000000e-01 2.881564456103722e-05
9.864999999999999e-01 2.896963976842198e-05
9.870000000000000e-01 2.912984028644836e-05
9.874999999999999e-01 2.929678094876669e-05
9.880000000000000e-01 2.947105799788021e-05
9.884999999999999e-01 2.965335706329991e-05
9.890000000000000e-01 2.984444498074367e-05
9.894999999999999e-01 3.004523331410454e-05
9.900000000000000e-01 3.025675854277383e-05
9.904999999999999e-01 3.048023850234617e-05
9.910000000000000e-01 3.071707387102506e-05
9.914999999999999e-01 3.096903591261089e-05
9.920000000000000e-01 3.123811251971939e-05
9.924999999999999e-01 3.152677272770049e-05
9.930000000000000e-01 3.183806869328530e-05
9.934999999999999e-01 3.217578621526085e-05
9.940000000000000e-01 3.254469991106925e-05
9.944999999999999e-01 3.295100125796457e-05
9.950000000000000e-01 3.340287403371365e-05
9.954999999999999e-01 3.391135339117436e-05
9.960000000000000e-01 3.449194522588018e-05
9.964999999999999e-01 3.516720077046407e-05
9.970000000000000e-01 3.597160073815926e-05
9.974999999999999e-01 3.696156960496726e-05
9.980000000000000e-01 3.823791307657356e-05
9.984999999999999e-01 4.000589524889120e-05
9.990000000000000e-01 4.278294974053931e-05
9.994999999999999e-01 4.855737811216508e-05
