-1.000000000000000e+00 1.101541016160328e-07
-9.805000000000000e-01 1.109233997319276e-07
-9.610000000000000e-01 1.116192863277596e-07
-9.415000000000000e-01 1.123630057313705e-07
-9.219999999999999e-01 1.130810084997500e-07
-9.025000000000000e-01 1.137957655388169e-07
-8.830000000000000e-01 1.146529793627666e-07
-8.634999999999999e-01 1.154287263129379e-07
-8.440000000000000e-01 1.162341094940163e-07
-8.245000000000000e-01 1.169960747166300e-07
-8.050000000000000e-01 1.178580907206871e-07
-7.855000000000000e-01 1.186867607175314e-07
-7.660000000000000e-01 1.195408362386249e-07
-7.464999999999997e-01 1.204085127603812e-07
-7.270000000000000e-01 1.212648212010496e-07
-7.075000000000001e-01 1.208946005698475e-07
-6.879999999999998e-01 1.202780703413135e-07
-6.685000000000001e-01 1.237703915330841e-07
-6.490000000000000e-01 1.248050933383613e-07
-6.295000000000002e-01 1.257845540419700e-07
-6.100000000000001e-01 1.268556893815096e-07
-5.904999999999999e-01 1.292030753923433e-07
-5.709999999999998e-01 1.288871377611418e-07
-5.515000000000001e-01 1.299343095405083e-07
-5.320000000000001e-01 1.309928007813711e-07
-5.125000000000001e-01 1.320861639995682e-07
-4.930000000000001e-01 1.333217729725205e-07
-4.735000000000001e-01 1.345199898443628e-07
-4.540000000000000e-01 1.348365613562026e-07
-4.345000000000002e-01 1.364915139851612e-07
-4.150000000000000e-01 1.378879630452516e-07
-3.955000000000000e-01 1.390400800549598e-07
-3.759999999999999e-01 1.402243048533224e-07
-3.564999999999999e-01 1.414739840576286e-07
-3.370000000000000e-01 1.426671800415358e-07
-3.174999999999999e-01 1.439652923264943e-07
-2.979999999999999e-01 1.454300111443678e-07
-2.785000000000000e-01 1.468692507428077e-07
-2.589999999999999e-01 1.481861096297602e-07
-2.394999999999999e-01 1.497781840228833e-07
-2.199999999999999e-01 1.512338474645432e-07
-2.004999999999999e-01 1.526946945672985e-07
-1.809999999999999e-01 1.545824402729341e-07
-1.615000000000001e-01 1.558240685382386e-07
-1.420000000000001e-01 1.577456001590218e-07
-1.225000000000000e-01 1.592556745396758e-07
-1.029999999999999e-01 1.610177857237708e-07
-8.349999999999999e-02 1.627830957368832e-07
-6.400000000000007e-02 1.645821088125663e-07
-4.449999999999989e-02 1.643542854873645e-07
-2.500000000000004e-02 1.683760938217799e-07
-5.499999999999857e-03 1.703928969921022e-07
1.400000000000017e-02 1.720809205173997e-07
3.349999999999984e-02 1.745296331728137e-07
5.299999999999994e-02 1.766740132491089e-07
7.250000000000016e-02 1.788859930298388e-07
9.200000000000018e-02 1.812667782772459e-07
1.114999999999999e-01 1.835750936610392e-07
1.310000000000002e-01 1.863509877050088e-07
1.505000000000001e-01 1.886183982314722e-07
1.700000000000000e-01 1.910837311257253e-07
1.895000000000001e-01 1.938694841434289e-07
2.090000000000000e-01 1.969333688890362e-07
2.285000000000000e-01 1.961941806492716e-07
2.480000000000000e-01 2.016292076437283e-07
2.675000000000001e-01 2.058802440168331e-07
2.869999999999999e-01 2.105438977910781e-07
3.065000000000000e-01 2.116227564352258e-07
3.260000000000000e-01 2.167912316727319e-07
3.454999999999999e-01 2.201903654543002e-07
3.650000000000002e-01 2.221529006393656e-07
3.844999999999998e-01 2.284661598820433e-07
4.040000000000002e-01 2.321546774038058e-07
4.234999999999999e-01 2.367832959762537e-07
4.429999999999998e-01 2.419480270952922e-07
4.625000000000000e-01 2.469733420560908e-07
4.819999999999999e-01 2.522199712830966e-07
5.014999999999999e-01 2.577706860979726e-07
5.209999999999999e-01 2.634535175659699e-07
5.404999999999998e-01 2.657794262454543e-07
5.600000000000001e-01 2.741158650846727e-07
5.794999999999999e-01 2.818237899523821e-07
5.990000000000000e-01 2.902575505794506e-07
6.185000000000000e-01 2.988476431588835e-07
6.379999999999999e-01 3.079587559926081e-07
6.575000000000000e-01 3.181178325114896e-07
6.769999999999998e-01 3.289125172533440e-07
6.965000000000001e-01 3.395145919316858e-07
7.160000000000000e-01 3.536609542731899e-07
7.354999999999998e-01 3.679670522799660e-07
7.549999999999999e-01 3.842505325627396e-07
7.745000000000000e-01 4.014420433079906e-07
7.940000000000000e-01 4.235388508610618e-07
8.134999999999999e-01 4.444802469480973e-07
8.329999999999997e-01 4.752818916859948e-07
8.525000000000000e-01 5.055543408516133e-07
8.719999999999999e-01 5.447008774434067e-07
8.915000000000000e-01 5.932249659785306e-07
9.110000000000000e-01 6.685563648134857e-07
9.304999999999999e-01 7.571369985682962e-07
9.500000000000000e-01 8.945683887016177e-07
9.504999999999999e-01 8.989045938797335e-07
9.510000000000000e-01 9.034985657679190e-07
9.514999999999999e-01 9.099243418414972e-07
9.520000000000000e-01 1.021610411370592e-06
9.524999999999999e-01 9.161408986804252e-07
9.530000000000000e-01 9.236163491386580e-07
9.534999999999999e-01 9.309203501575748e-07
9.540000000000000e-01 9.348663639353765e-07
9.544999999999999e-01 9.378801266753313e-07
9.550000000000000e-01 9.449920824579642e-07
9.554999999999999e-01 9.490256705031867e-07
9.560000000000000e-01 9.564251526228553e-07
9.564999999999999e-01 9.621899101369537e-07
9.570000000000000e-01 9.655637458286761e-07
9.574999999999999e-01 9.716155437505492e-07
9.580000000000000e-01 9.775195463738578e-07
9.584999999999999e-01 9.835891675138629e-07
9.590000000000000e-01 9.896280676692931e-07
9.594999999999999e-01 9.959613148004524e-07
9.600000000000000e-01 1.002127354344430e-06
9.604999999999999e-01 1.008605751558845e-06
9.610000000000000e-01 1.016524118839654e-06
9.614999999999999e-01 1.022539392069998e-06
9.620000000000000e-01 1.030366669791561e-06
9.624999999999999e-01 1.040293841939413e-06
9.630000000000000e-01 1.045423269875115e-06
9.634999999999999e-01 1.053504648219381e-06
9.640000000000000e-01 1.060652136238124e-06
9.644999999999999e-01 1.065311441637755e-06
9.650000000000000e-01 1.076818709786326e-06
9.654999999999999e-01 1.083288661751267e-06
9.660000000000000e-01 1.091737251825884e-06
9.664999999999999e-01 1.099999399082874e-06
9.670000000000000e-01 1.107004150795096e-06
9.674999999999999e-01 1.119455985376124e-06
9.680000000000000e-01 1.127457333356566e-06
9.684999999999999e-01 1.136114174076110e-06
9.690000000000000e-01 1.134466141705768e-06
9.694999999999999e-01 1.157409819503237e-06
9.700000000000000e-01 1.165952661040385e-06
9.704999999999999e-01 1.174267490656222e-06
9.710000000000000e-01 1.182500434817685e-06
9.714999999999999e-01 1.196437461885877e-06
9.720000000000000e-01 1.208503893163701e-06
9.724999999999999e-01 1.218950590151618e-06
9.730000000000000e-01 1.233479434586913e-06
9.734999999999999e-01 1.241673571557318e-06
9.740000000000000e-01 1.255128062581645e-06
9.744999999999999e-01 1.267275195915717e-06
9.750000000000000e-01 1.279827931689596e-06
9.754999999999999e-01 1.292881605692710e-06
9.760000000000000e-01 1.306600542826384e-06
9.764999999999999e-01 1.320649786213159e-06
9.770000000000000e-01 1.336340072205664e-06
9.774999999999999e-01 1.350955535016108e-06
9.780000000000000e-01 1.366296515265629e-06
9.784999999999999e-01 1.382183024763110e-06
9.790000000000000e-01 1.398696480562815e-06
9.794999999999999e-01 1.415975184745788e-06
9.800000000000000e-01 1.433886231824140e-06
9.804999999999999e-01 1.454007369919592e-06
9.810000000000000e-01 1.472104303944716e-06
9.814999999999999e-01 1.492359295969778e-06
9.820000000000000e-01 1.513955847448129e-06
9.824999999999999e-01 1.535885038269942e-06
9.830000000000000e-01 1.558817179101675e-06
9.834999999999999e-01 1.582724863559776e-06
9.840000000000000e-01 1.609532311832126e-06
9.844999999999999e-01 1.635275130217047e-06
9.850000000000000e-01 1.662683398241866e-06
9.854999999999999e-01 1.692446270617485e-06
9.860000000000000e-01 1.724057689265333e-06
9.864999999999999e-01 1.754951674385356e-06
9.870000000000000e-01 1.784182365029364e-06
9.874999999999999e-01 1.826252116885220e-06
9.880000000000000e-01 1.865483624062923e-06
9.884999999999999e-01 1.906185807687068e-06
9.890000000000000e-01 1.949183455518545e-06
9.894999999999999e-01 2.002285484249487e-06
9.900000000000000e-01 2.049297601879734e-06
9.904999999999999e-01 2.102864647593915e-06
9.910000000000000e-01 2.160907807194597e-06
9.914999999999999e-01 2.224463697371020e-06
9.920000000000000e-01 2.295172374439757e-06
9.924999999999999e-01 2.371445846947008e-06
9.930000000000000e-01 2.456194102570302e-06
9.934999999999999e-01 2.550430496785687e-06
9.940000000000000e-01 2.656282129313485e-06
9.944999999999999e-01 2.776407839727413e-06
9.950000000000000e-01 2.914182539916941e-06
9.954999999999999e-01 3.076126380189982e-06
9.960000000000000e-01 3.265790874618696e-06
9.964999999999999e-01 3.493907503974987e-06
9.970000000000000e-01 3.778954606866836e-06
9.974999999999999e-01 4.145533261947757e-06
9.980000000000000e-01 4.637273767934298e-06
9.984999999999999e-01 5.364397863156940e-06
9.990000000000000e-01 6.583079045736408e-06
9.994999999999999e-01 9.332269472885325e-06
