-1.000000000000000e+00 3.839803744256651e-02
-9.805000000000000e-01 3.853634486425712e-02
-9.610000000000000e-01 3.867639261922474e-02
-9.415000000000000e-01 3.881822459690761e-02
-9.219999999999999e-01 3.896187838064789e-02
-9.025000000000000e-01 3.910739065956460e-02
-8.830000000000000e-01 3.925481736834617e-02
-8.634999999999999e-01 3.940419627340272e-02
-8.440000000000000e-01 3.955557830153068e-02
-8.245000000000000e-01 3.970900125150557e-02
-8.050000000000000e-01 3.986453033213470e-02
-7.855000000000000e-01 4.002220936768867e-02
-7.660000000000000e-01 4.018209482546838e-02
-7.464999999999997e-01 4.034423641351395e-02
-7.270000000000000e-01 4.050870690078433e-02
-7.075000000000001e-01 4.067553836526896e-02
-6.879999999999998e-01 4.084482048931198e-02
-6.685000000000001e-01 4.101660408275274e-02
-6.490000000000000e-01 4.119095598312199e-02
-6.295000000000002e-01 4.136795808893581e-02
-6.100000000000001e-01 4.154767029596902e-02
-5.904999999999999e-01 4.173016869088642e-02
-5.709999999999998e-01 4.191553628594836e-02
-5.515000000000001e-01 4.210384711277292e-02
-5.320000000000001e-01 4.229518571049611e-02
-5.125000000000001e-01 4.248964672102607e-02
-4.930000000000001e-01 4.268732085707921e-02
-4.735000000000001e-01 4.288830420426251e-02
-4.540000000000000e-01 4.309268604085296e-02
-4.345000000000002e-01 4.330057968711051e-02
-4.150000000000000e-01 4.351208427054135e-02
-3.955000000000000e-01 4.372732988727578e-02
-3.759999999999999e-01 4.394641747116486e-02
-3.564999999999999e-01 4.416947790814846e-02
-3.370000000000000e-01 4.439663651409784e-02
-3.174999999999999e-01 4.462802804338475e-02
-2.979999999999999e-01 4.486380381563951e-02
-2.785000000000000e-01 4.510410348471323e-02
-2.589999999999999e-01 4.534907817326450e-02
-2.394999999999999e-01 4.559889927929313e-02
-2.199999999999999e-01 4.585373714993198e-02
-2.004999999999999e-01 4.611376782920643e-02
-1.809999999999999e-01 4.637918114811391e-02
-1.615000000000001e-01 4.665018468167716e-02
-1.420000000000001e-01 4.692697124708749e-02
-1.225000000000000e-01 4.720977603182921e-02
-1.029999999999999e-01 4.749883337202474e-02
-8.349999999999999e-02 4.779437625652904e-02
-6.400000000000007e-02 4.809667710369717e-02
-4.449999999999989e-02 4.840600650823227e-02
-2.500000000000004e-02 4.872265842939810e-02
-5.499999999999857e-03 4.904694281848469e-02
1.400000000000017e-02 4.937918938907015e-02
3.349999999999984e-02 4.971973531826022e-02
5.299999999999994e-02 5.006895753455107e-02
7.250000000000016e-02 5.042725906351644e-02
9.200000000000018e-02 5.079505798027498e-02
1.114999999999999e-01 5.117279594296563e-02
1.310000000000002e-01 5.156095795699959e-02
1.505000000000001e-01 5.196005798013591e-02
1.700000000000000e-01 5.237065301280090e-02
1.895000000000001e-01 5.279332928579390e-02
2.090000000000000e-01 5.322872318065914e-02
2.285000000000000e-01 5.367753353697480e-02
2.480000000000000e-01 5.414048903129697e-02
2.675000000000001e-01 5.461840143099562e-02
2.869999999999999e-01 5.511213408184746e-02
3.065000000000000e-01 5.562263681275490e-02
3.260000000000000e-01 5.615093514629497e-02
3.454999999999999e-01 5.669816006906338e-02
3.650000000000002e-01 5.726552996522377e-02
3.844999999999998e-01 5.785440104882592e-02
4.040000000000002e-01 5.846625386631791e-02
4.234999999999999e-01 5.910273100815353e-02
4.429999999999998e-01 5.976564430816481e-02
4.625000000000000e-01 6.045701370827757e-02
4.819999999999999e-01 6.117907860598971e-02
5.014999999999999e-01 6.193437179963900e-02
5.209999999999999e-01 6.272572334591855e-02
5.404999999999998e-01 6.355633447409376e-02
5.600000000000001e-01 6.442985558705909e-02
5.794999999999999e-01 6.535043602539498e-02
5.990000000000000e-01 6.632286643355524e-02
6.185000000000000e-01 6.735267681200933e-02
6.379999999999999e-01 6.844631696226217e-02
6.575000000000000e-01 6.961136706735234e-02
6.769999999999998e-01 7.085681090522097e-02
6.965000000000001e-01 7.219341019834867e-02
7.160000000000000e-01 7.363419374323141e-02
7.354999999999998e-01 7.519514363198046e-02
7.549999999999999e-01 7.689614622026018e-02
7.745000000000000e-01 7.876235990577977e-02
7.940000000000000e-01 8.082625637164381e-02
8.134999999999999e-01 8.313067685728501e-02
8.329999999999997e-01 8.573375363731442e-02
8.525000000000000e-01 8.871703724086330e-02
8.719999999999999e-01 9.219980018194188e-02
8.915000000000000e-01 9.636607471171701e-02
9.110000000000000e-01 1.015208423828698e-01
9.304999999999999e-01 1.082228235574060e-01
9.500000000000000e-01 1.176641416294501e-01
9.504999999999999e-01 1.179624856428806e-01
9.510000000000000e-01 1.182645078347649e-01
9.514999999999999e-01 1.185702938219484e-01
9.520000000000000e-01 1.188799320522333e-01
9.524999999999999e-01 1.191935141376700e-01
9.530000000000000e-01 1.195111348822850e-01
9.534999999999999e-01 1.198328923598814e-01
9.540000000000000e-01 1.201588884071101e-01
9.544999999999999e-01 1.204892278652659e-01
9.550000000000000e-01 1.208240198586910e-01
9.554999999999999e-01 1.211633791804795e-01
9.560000000000000e-01 1.215074215220648e-01
9.564999999999999e-01 1.218562694107873e-01
9.570000000000000e-01 1.222100493082943e-01
9.574999999999999e-01 1.225688896221895e-01
9.580000000000000e-01 1.229329337270034e-01
9.584999999999999e-01 1.233023203287661e-01
9.590000000000000e-01 1.236771971714695e-01
9.594999999999999e-01 1.240577182415948e-01
9.600000000000000e-01 1.244440435644931e-01
9.604999999999999e-01 1.248363402993291e-01
9.610000000000000e-01 1.252347824682414e-01
9.614999999999999e-01 1.256395512829286e-01
9.620000000000000e-01 1.260508362194581e-01
9.624999999999999e-01 1.264688350300131e-01
9.630000000000000e-01 1.268937541823758e-01
9.634999999999999e-01 1.273258095658338e-01
9.640000000000000e-01 1.277652273815158e-01
9.644999999999999e-01 1.282122429175883e-01
9.650000000000000e-01 1.286671059027112e-01
9.654999999999999e-01 1.291300737851190e-01
9.660000000000000e-01 1.296014193487127e-01
9.664999999999999e-01 1.300814281062458e-01
9.670000000000000e-01 1.305704000089404e-01
9.674999999999999e-01 1.310686503508406e-01
9.680000000000000e-01 1.315765105987634e-01
9.684999999999999e-01 1.320943298359681e-01
9.690000000000000e-01 1.326224749416037e-01
9.694999999999999e-01 1.331613361777431e-01
9.700000000000000e-01 1.337113201333432e-01
9.704999999999999e-01 1.342728603308343e-01
9.710000000000000e-01 1.348464134325854e-01
9.714999999999999e-01 1.354324632941310e-01
9.720000000000000e-01 1.360315223830098e-01
9.724999999999999e-01 1.366441341410538e-01
9.730000000000000e-01 1.372708755501350e-01
9.734999999999999e-01 1.379123598207716e-01
9.740000000000000e-01 1.385692396550150e-01
9.744999999999999e-01 1.392422135376114e-01
9.750000000000000e-01 1.399320152528465e-01
9.754999999999999e-01 1.406394429429651e-01
9.760000000000000e-01 1.413653399451225e-01
9.764999999999999e-01 1.421106152912038e-01
9.770000000000000e-01 1.428762416630544e-01
9.774999999999999e-01 1.436632642378802e-01
9.780000000000000e-01 1.444728074244376e-01
9.784999999999999e-01 1.453060832269231e-01
9.790000000000000e-01 1.461643995696261e-01
9.794999999999999e-01 1.470491724207235e-01
9.800000000000000e-01 1.479619412158731e-01
9.804999999999999e-01 1.489043505465390e-01
9.810000000000000e-01 1.498781831609377e-01
9.814999999999999e-01 1.508855556357005e-01
9.820000000000000e-01 1.519284797973917e-01
9.824999999999999e-01 1.530093757589856e-01
9.830000000000000e-01 1.541308280341220e-01
9.834999999999999e-01 1.552957154001501e-01
9.840000000000000e-01 1.565071994263389e-01
9.844999999999999e-01 1.577687780366270e-01
9.850000000000000e-01 1.590843622236600e-01
9.854999999999999e-01 1.604582871728029e-01
9.860000000000000e-01 1.618954374442619e-01
9.864999999999999e-01 1.634012864229877e-01
9.870000000000000e-01 1.649820227920881e-01
9.874999999999999e-01 1.666446635402577e-01
9.880000000000000e-01 1.683972102716809e-01
9.884999999999999e-01 1.702488383909291e-01
9.890000000000000e-01 1.722101197054328e-01
9.894999999999999e-01 1.742933341075226e-01
9.900000000000000e-01 1.765128101895203e-01
9.904999999999999e-01 1.788854258051023e-01
9.910000000000000e-01 1.814312151324800e-01
9.914999999999999e-01 1.841741827008818e-01
9.920000000000000e-01 1.871433817797554e-01
9.924999999999999e-01 1.903743871958060e-01
9.930000000000000e-01 1.939113281608537e-01
9.934999999999999e-01 1.978097560157889e-01
9.940000000000000e-01 2.021407913676814e-01
9.944999999999999e-01 2.069972830369962e-01
9.950000000000000e-01 2.125032519426766e-01
9.954999999999999e-01 2.188289167948714e-01
9.960000000000000e-01 2.262156895790672e-01
9.964999999999999e-01 2.350200824650146e-01
9.970000000000000e-01 2.457961370511409e-01
9.974999999999999e-01 2.594643048210207e-01
9.980000000000000e-01 2.776996218710627e-01
9.984999999999999e-01 3.039831644039583e-01
9.990000000000000e-01 3.472821464423401e-01
9.994999999999999e-01 4.430194593211954e-01
