-1.000000000000000e+00 2.977656431290004e-01
-9.994965423831851e-01 2.977990177064074e-01
-9.979866764718843e-01 2.978991715689808e-01
-9.954719225730846e-01 2.980662126221413e-01
-9.919548128307953e-01 2.983003108544297e-01
-9.874388886763943e-01 2.986017081504284e-01
-9.819286972627066e-01 2.989707312000117e-01
-9.754297868854070e-01 2.994077333161490e-01
-9.679487013963562e-01 2.999131834703959e-01
-9.594929736144974e-01 3.004876084996635e-01
-9.500711177409453e-01 3.011316135145433e-01
-9.396926207859083e-01 3.018458778887342e-01
-9.283679330160726e-01 3.026311557936320e-01
-9.161084574320695e-01 3.034882789424941e-01
-9.029265382866211e-01 3.044181691910748e-01
-8.888354486549234e-01 3.054218242613213e-01
-8.738493770697849e-01 3.065003488171697e-01
-8.579834132349771e-01 3.076549124331235e-01
-8.412535328311810e-01 3.088867904495087e-01
-8.236765814298327e-01 3.101973540402747e-01
-8.052702575310586e-01 3.115880891366427e-01
-7.860530947427873e-01 3.130606171936159e-01
-7.660444431189779e-01 3.146165213314424e-01
-7.452644496757547e-01 3.162576631630521e-01
-7.237340381050702e-01 3.179859707604830e-01
-7.014748877063210e-01 3.198035004332166e-01
-6.785094115571321e-01 3.217124406260430e-01
-6.548607339452851e-01 3.237151253874355e-01
-6.305526670845222e-01 3.258140256268437e-01
-6.056096871376665e-01 3.280117899024978e-01
-5.800569095711980e-01 3.303112685979925e-01
-5.539200638661103e-01 3.327153432354351e-01
-5.272254676105025e-01 3.352272254687644e-01
-4.999999999999998e-01 3.378503187866526e-01
-4.722710747726826e-01 3.405881692559588e-01
-4.440666126057737e-01 3.434445991714043e-01
-4.154150130018863e-01 3.464237034260821e-01
-3.863451256931285e-01 3.495298110814928e-01
-3.568862215918718e-01 3.527673300960278e-01
-3.270679633174214e-01 3.561413434348635e-01
-2.969203753282748e-01 3.596570118917074e-01
-2.664738136900348e-01 3.633198999090046e-01
-2.357589355094272e-01 3.671359440737705e-01
-2.048066680651905e-01 3.711114901183784e-01
-1.736481776669303e-01 3.752533136106001e-01
-1.423148382732850e-01 3.795686582087519e-01
-1.108381999010110e-01 3.840652777454887e-01
-7.924995685678832e-02 3.887515713924664e-01
-4.758191582374206e-02 3.936364822384271e-01
-1.586596383480781e-02 3.987295810041661e-01
1.586596383480815e-02 4.040411411320672e-01
4.758191582374240e-02 4.095823759008585e-01
7.924995685678866e-02 4.153652998768364e-01
1.108381999010111e-01 4.214029009869364e-01
1.423148382732853e-01 4.277092659339243e-01
1.736481776669304e-01 4.342996075167846e-01
2.048066680651908e-01 4.411905643507805e-01
2.357589355094273e-01 4.484000874612073e-01
2.664738136900351e-01 4.559478697352486e-01
2.969203753282749e-01 4.638553781412386e-01
3.270679633174218e-01 4.721461405875186e-01
3.568862215918719e-01 4.808460308722484e-01
3.863451256931288e-01 4.899833627557232e-01
4.154150130018864e-01 4.995895441656596e-01
4.440666126057742e-01 5.096992728211646e-01
4.722710747726827e-01 5.203510334728895e-01
5.000000000000003e-01 5.315877448419827e-01
5.272254676105026e-01 5.434572353478955e-01
5.539200638661104e-01 5.560132197797751e-01
5.800569095711982e-01 5.693160665697040e-01
6.056096871376669e-01 5.834340444837640e-01
6.305526670845226e-01 5.984446052400044e-01
6.548607339452851e-01 6.144360688837606e-01
6.785094115571322e-01 6.315096058523160e-01
7.014748877063215e-01 6.497818153681323e-01
7.237340381050703e-01 6.693878206360795e-01
7.452644496757548e-01 6.904851203766404e-01
7.660444431189780e-01 7.132587349168235e-01
7.860530947427876e-01 7.379274910210770e-01
8.052702575310586e-01 7.647524137581931e-01
8.236765814298328e-01 7.940475489985517e-01
8.412535328311813e-01 8.261945454489832e-01
8.579834132349772e-01 8.616622994142379e-01
8.738493770697850e-01 9.010336871803634e-01
8.888354486549235e-01 9.450434927376575e-01
9.029265382866214e-01 9.946319228996240e-01
9.161084574320697e-01 1.051023022318152e+00
9.283679330160727e-01 1.115842194438570e+00
9.396926207859083e-01 1.191297547063979e+00
9.500711177409454e-01 1.280469855898259e+00
9.594929736144975e-01 1.387795702296253e+00
9.679487013963562e-01 1.519911969752985e+00
9.754297868854070e-01 1.687224249284973e+00
9.819286972627067e-01 1.907042032261663e+00
9.874388886763944e-01 2.210474322542503e+00
9.919548128307953e-01 2.659665978504473e+00
9.954719225730846e-01 3.399500040500196e+00
9.979866764718844e-01 4.857722933691752e+00
9.994965423831851e-01 9.187296161886710e+00
1.000000000000000e+00 7.607112338178065e-01
