-1.000000000000000e+00 2.368330417429828e-01
-9.994965423831851e-01 2.368776777510564e-01
-9.979866764718843e-01 2.370017740661163e-01
-9.954719225730846e-01 2.372031034254432e-01
-9.919548128307953e-01 2.375045468263750e-01
-9.874388886763943e-01 2.378570116125547e-01
-9.819286972627066e-01 2.383711352409101e-01
-9.754297868854070e-01 2.388268214281238e-01
-9.679487013963562e-01 2.395324730636262e-01
-9.594929736144974e-01 2.401497776235280e-01
-9.500711177409453e-01 2.409639162063544e-01
-9.396926207859083e-01 2.418003500534874e-01
-9.283679330160726e-01 2.427630286950535e-01
-9.161084574320695e-01 2.438635079487652e-01
-9.029265382866211e-01 2.449690868606590e-01
-8.888354486549234e-01 2.461931760213783e-01
-8.738493770697849e-01 2.475135721882107e-01
-8.579834132349771e-01 2.489451973592227e-01
-8.412535328311810e-01 2.504767122081474e-01
-8.236765814298327e-01 2.520843794555644e-01
-8.052702575310586e-01 2.537881183834002e-01
-7.860530947427873e-01 2.555894290629969e-01
-7.660444431189779e-01 2.575282280131954e-01
-7.452644496757547e-01 2.595467028947268e-01
-7.237340381050702e-01 2.616928491517254e-01
-7.014748877063210e-01 2.639473451152834e-01
-6.785094115571321e-01 2.663611117281852e-01
-6.548607339452851e-01 2.688114933987414e-01
-6.305526670845222e-01 2.714824351394052e-01
-6.056096871376665e-01 2.741431141735499e-01
-5.800569095711980e-01 2.770113299060801e-01
-5.539200638661103e-01 2.800981299755833e-01
-5.272254676105025e-01 2.831560426716009e-01
-4.999999999999998e-01 2.864653575651013e-01
-4.722710747726826e-01 2.893084902210179e-01
-4.440666126057737e-01 2.935748029389221e-01
-4.154150130018863e-01 2.972043346504034e-01
-3.863451256931285e-01 3.012251801620824e-01
-3.568862215918718e-01 3.051346608496079e-01
-3.270679633174214e-01 3.096195833618550e-01
-2.969203753282748e-01 3.138075700416101e-01
-2.664738136900348e-01 3.187433026830405e-01
-2.357589355094272e-01 3.234976092157274e-01
-2.048066680651905e-01 3.287586505676533e-01
-1.736481776669303e-01 3.339330275720828e-01
-1.423148382732850e-01 3.393423109631424e-01
-1.108381999010110e-01 3.452278114737284e-01
-7.924995685678832e-02 3.512223863776540e-01
-4.758191582374206e-02 3.572157966509895e-01
-1.586596383480781e-02 3.640663900739884e-01
1.586596383480815e-02 3.708901559969284e-01
4.758191582374240e-02 3.780508845189199e-01
7.924995685678866e-02 3.857255935474914e-01
1.108381999010111e-01 3.933378011570412e-01
1.423148382732853e-01 4.014399230928287e-01
1.736481776669304e-01 4.100364207757478e-01
2.048066680651908e-01 4.190367195902454e-01
2.357589355094273e-01 4.282383588285418e-01
2.664738136900351e-01 4.383044005959869e-01
2.969203753282749e-01 4.486376227175866e-01
3.270679633174218e-01 4.594975227013375e-01
3.568862215918719e-01 4.708987365910596e-01
3.863451256931288e-01 4.829006146311855e-01
4.154150130018864e-01 4.955560303415845e-01
4.440666126057742e-01 5.088531594132659e-01
4.722710747726827e-01 5.228890726269224e-01
5.000000000000003e-01 5.377425232409405e-01
5.272254676105026e-01 5.535712636120540e-01
5.539200638661104e-01 5.700501440395861e-01
5.800569095711982e-01 5.876810023348146e-01
6.056096871376669e-01 6.063439417494775e-01
6.305526670845226e-01 6.262665106786600e-01
6.548607339452851e-01 6.475961553976446e-01
6.785094115571322e-01 6.703471869460966e-01
7.014748877063215e-01 6.944776660821783e-01
7.237340381050703e-01 7.207581870883631e-01
7.452644496757548e-01 7.489689360838526e-01
7.660444431189780e-01 7.793566456398313e-01
7.860530947427876e-01 8.123892584810333e-01
8.052702575310586e-01 8.490203641167238e-01
8.236765814298328e-01 8.874989204664029e-01
8.412535328311813e-01 9.305514077844026e-01
8.579834132349772e-01 9.781049774887737e-01
8.738493770697850e-01 1.030922960840823e+00
8.888354486549235e-01 1.089994141463746e+00
9.029265382866214e-01 1.156613351930661e+00
9.161084574320697e-01 1.232342092720215e+00
9.283679330160727e-01 1.319453597434111e+00
9.396926207859083e-01 1.420968119474980e+00
9.500711177409454e-01 1.540839717255834e+00
9.594929736144975e-01 1.685168259375651e+00
9.679487013963562e-01 1.862909454902046e+00
9.754297868854070e-01 2.088022438289938e+00
9.819286972627067e-01 2.383841865694110e+00
9.874388886763944e-01 2.792212267043569e+00
9.919548128307953e-01 3.396750022445457e+00
9.954719225730846e-01 4.392565775841414e+00
9.979866764718844e-01 6.351122274554050e+00
9.994965423831851e-01 1.218473146767739e+01
1.000000000000000e+00 1.650488739137667e+00
