-1.000000000000000e+00 1.781282860961448e-05
-9.805000000000000e-01 1.793329675715840e-05
-9.610000000000000e-01 1.805066777584126e-05
-9.415000000000000e-01 1.816723989551189e-05
-9.219999999999999e-01 1.828868273098637e-05
-9.025000000000000e-01 1.841202262688736e-05
-8.830000000000000e-01 1.853765109705800e-05
-8.634999999999999e-01 1.866545264394047e-05
-8.440000000000000e-01 1.879521697247160e-05
-8.245000000000000e-01 1.892713261616715e-05
-8.050000000000000e-01 1.906159692479136e-05
-7.855000000000000e-01 1.919831979850138e-05
-7.660000000000000e-01 1.933730954938312e-05
-7.464999999999997e-01 1.947973074199226e-05
-7.270000000000000e-01 1.962767989995740e-05
-7.075000000000001e-01 1.977034362310223e-05
-6.879999999999998e-01 1.991902567591259e-05
-6.685000000000001e-01 2.007119044170768e-05
-6.490000000000000e-01 2.022623784875712e-05
-6.295000000000002e-01 2.038422152094494e-05
-6.100000000000001e-01 2.054523648509833e-05
-5.904999999999999e-01 2.070941242247684e-05
-5.709999999999998e-01 2.087626108512316e-05
-5.515000000000001e-01 2.104800221034816e-05
-5.320000000000001e-01 2.122210698433779e-05
-5.125000000000001e-01 2.140234409674650e-05
-4.930000000000001e-01 2.158040981154155e-05
-4.735000000000001e-01 2.177270590380013e-05
-4.540000000000000e-01 2.195485914159165e-05
-4.345000000000002e-01 2.215285527616547e-05
-4.150000000000000e-01 2.235104895912224e-05
-3.955000000000000e-01 2.255233936656012e-05
-3.759999999999999e-01 2.275821505122094e-05
-3.564999999999999e-01 2.296875679293109e-05
-3.370000000000000e-01 2.318485540695254e-05
-3.174999999999999e-01 2.340743526986329e-05
-2.979999999999999e-01 2.363121832838341e-05
-2.785000000000000e-01 2.386444757582262e-05
-2.589999999999999e-01 2.410140546285458e-05
-2.394999999999999e-01 2.434320479517748e-05
-2.199999999999999e-01 2.459357948840790e-05
-2.004999999999999e-01 2.484904121588281e-05
-1.809999999999999e-01 2.511114270251701e-05
-1.615000000000001e-01 2.538390560158392e-05
-1.420000000000001e-01 2.565662379900114e-05
-1.225000000000000e-01 2.594064744348304e-05
-1.029999999999999e-01 2.623255745885985e-05
-8.349999999999999e-02 2.653271521153633e-05
-6.400000000000007e-02 2.684150392362213e-05
-4.449999999999989e-02 2.715933116631765e-05
-2.500000000000004e-02 2.748663620377469e-05
-5.499999999999857e-03 2.782388389860486e-05
1.400000000000017e-02 2.817123310840719e-05
3.349999999999984e-02 2.852980946802171e-05
5.299999999999994e-02 2.889992515416951e-05
7.250000000000016e-02 2.928220728763774e-05
9.200000000000018e-02 2.967725775782289e-05
1.114999999999999e-01 3.008593014516809e-05
1.310000000000002e-01 3.050811967605192e-05
1.505000000000001e-01 3.094504325958153e-05
1.700000000000000e-01 3.140150930136033e-05
1.895000000000001e-01 3.187264221169242e-05
2.090000000000000e-01 3.236190231216882e-05
2.285000000000000e-01 3.287005080764902e-05
2.480000000000000e-01 3.339913705001813e-05
2.675000000000001e-01 3.394990050413951e-05
2.869999999999999e-01 3.452403140100230e-05
3.065000000000000e-01 3.512299537545017e-05
3.260000000000000e-01 3.574897694171084e-05
3.454999999999999e-01 3.640426326017872e-05
3.650000000000002e-01 3.708989213776068e-05
3.844999999999998e-01 3.780980273804416e-05
4.040000000000002e-01 3.856526282361872e-05
4.234999999999999e-01 3.936059078960458e-05
4.429999999999998e-01 4.019878791243446e-05
4.625000000000000e-01 4.108398806100710e-05
4.819999999999999e-01 4.202003555867999e-05
5.014999999999999e-01 4.301258109978492e-05
5.209999999999999e-01 4.406718497402988e-05
5.404999999999998e-01 4.519008974442000e-05
5.600000000000001e-01 4.638927299356956e-05
5.794999999999999e-01 4.767346614638851e-05
5.990000000000000e-01 4.905303673257440e-05
6.185000000000000e-01 5.053807687926963e-05
6.379999999999999e-01 5.214895227018683e-05
6.575000000000000e-01 5.389702063124485e-05
6.769999999999998e-01 5.580513549368923e-05
6.965000000000001e-01 5.790065078047969e-05
7.160000000000000e-01 6.021034783417906e-05
7.354999999999998e-01 6.277824153069802e-05
7.549999999999999e-01 6.565459909812603e-05
7.745000000000000e-01 6.890299863772994e-05
7.940000000000000e-01 7.261129116698898e-05
8.134999999999999e-01 7.689776297022422e-05
8.329999999999997e-01 8.192746047414768e-05
8.525000000000000e-01 8.794036739987237e-05
8.719999999999999e-01 9.530452863391820e-05
8.915000000000000e-01 1.045937867098493e-04
9.110000000000000e-01 1.168245924762829e-04
9.304999999999999e-01 1.339495980558019e-04
9.500000000000000e-01 1.603856055270472e-04
9.504999999999999e-01 1.612642779932081e-04
9.510000000000000e-01 1.621564373415078e-04
9.514999999999999e-01 1.630624386610394e-04
9.520000000000000e-01 1.639826411565594e-04
9.524999999999999e-01 1.649282759802786e-04
9.530000000000000e-01 1.658780193986721e-04
9.534999999999999e-01 1.668431363103715e-04
9.540000000000000e-01 1.678240138994365e-04
9.544999999999999e-01 1.688210700373159e-04
9.550000000000000e-01 1.698348286912861e-04
9.554999999999999e-01 1.708657239155919e-04
9.560000000000000e-01 1.719142463544379e-04
9.564999999999999e-01 1.729700203313517e-04
9.570000000000000e-01 1.740553276478735e-04
9.574999999999999e-01 1.751597659288746e-04
9.580000000000000e-01 1.762840019312555e-04
9.584999999999999e-01 1.774312086873922e-04
9.590000000000000e-01 1.786023313827972e-04
9.594999999999999e-01 1.797895856306226e-04
9.600000000000000e-01 1.809991440093246e-04
9.604999999999999e-01 1.822233907386560e-04
9.610000000000000e-01 1.834796411741609e-04
9.614999999999999e-01 1.847604547558219e-04
9.620000000000000e-01 1.860664898730313e-04
9.624999999999999e-01 1.874072762642143e-04
9.630000000000000e-01 1.887579961598073e-04
9.634999999999999e-01 1.901452213649692e-04
9.640000000000000e-01 1.915613877742692e-04
9.644999999999999e-01 1.930075010492557e-04
9.650000000000000e-01 1.944846338187558e-04
9.654999999999999e-01 1.959939001762402e-04
9.660000000000000e-01 1.975364843794264e-04
9.664999999999999e-01 1.991136217946028e-04
9.670000000000000e-01 2.007266190100987e-04
9.674999999999999e-01 2.023859549577626e-04
9.680000000000000e-01 2.040847804705796e-04
9.684999999999999e-01 2.058139283770358e-04
9.690000000000000e-01 2.075658740714004e-04
9.694999999999999e-01 2.093803844989121e-04
9.700000000000000e-01 2.112402517727212e-04
9.704999999999999e-01 2.131473734037597e-04
9.710000000000000e-01 2.151134722455759e-04
9.714999999999999e-01 2.171217134660628e-04
9.720000000000000e-01 2.191833776668589e-04
9.724999999999999e-01 2.213012947098782e-04
9.730000000000000e-01 2.234776473891044e-04
9.734999999999999e-01 2.257158207752947e-04
9.740000000000000e-01 2.280182776610439e-04
9.744999999999999e-01 2.303886617765371e-04
9.750000000000000e-01 2.328197487212305e-04
9.754999999999999e-01 2.353376701187069e-04
9.760000000000000e-01 2.379319070247869e-04
9.764999999999999e-01 2.406087662400960e-04
9.770000000000000e-01 2.433727160677048e-04
9.774999999999999e-01 2.462285739451925e-04
9.780000000000000e-01 2.491815347116888e-04
9.784999999999999e-01 2.522372176815347e-04
9.790000000000000e-01 2.554017050372809e-04
9.794999999999999e-01 2.586815969722062e-04
9.800000000000000e-01 2.620929053375366e-04
9.804999999999999e-01 2.656169265583160e-04
9.810000000000000e-01 2.692887100585683e-04
9.814999999999999e-01 2.731087404490030e-04
9.820000000000000e-01 2.770872522331365e-04
9.824999999999999e-01 2.812355044754071e-04
9.830000000000000e-01 2.855658683029485e-04
9.834999999999999e-01 2.900920681646513e-04
9.840000000000000e-01 2.948292955926613e-04
9.844999999999999e-01 2.997945064822697e-04
9.850000000000000e-01 3.050063608540411e-04
9.854999999999999e-01 3.104861339438215e-04
9.860000000000000e-01 3.162574978480263e-04
9.864999999999999e-01 3.223472305807211e-04
9.870000000000000e-01 3.287856660098739e-04
9.874999999999999e-01 3.356073530905191e-04
9.880000000000000e-01 3.428518285904347e-04
9.884999999999999e-01 3.505740015124325e-04
9.890000000000000e-01 3.587982514855523e-04
9.894999999999999e-01 3.676229077720849e-04
9.900000000000000e-01 3.770843464193214e-04
9.904999999999999e-01 3.872937104368430e-04
9.910000000000000e-01 3.983436326781778e-04
9.914999999999999e-01 4.103560448042639e-04
9.920000000000000e-01 4.234790920788536e-04
9.924999999999999e-01 4.378932302176789e-04
9.930000000000000e-01 4.538291513433081e-04
9.934999999999999e-01 4.715739215602104e-04
9.940000000000000e-01 4.914931059028434e-04
9.944999999999999e-01 5.140726512246140e-04
9.950000000000000e-01 5.399625000857992e-04
9.954999999999999e-01 5.700588099848182e-04
9.960000000000000e-01 6.056388978878352e-04
9.964999999999999e-01 6.485985726516771e-04
9.970000000000000e-01 7.018994000637322e-04
9.974999999999999e-01 7.704878759351197e-04
9.980000000000000e-01 8.634139240735626e-04
9.984999999999999e-01 9.996029467908448e-04
9.990000000000000e-01 1.228086919143607e-03
9.994999999999999e-01 1.743902525551471e-03
