-1.000000000000000e+00 8.117477588398403e-04
-9.805000000000000e-01 8.158802986458217e-04
-9.610000000000000e-01 8.200741593631397e-04
-9.415000000000000e-01 8.243309243653757e-04
-9.219999999999999e-01 8.286521442532697e-04
-9.025000000000000e-01 8.330393812927364e-04
-8.830000000000000e-01 8.374946433386802e-04
-8.634999999999999e-01 8.420194012536698e-04
-8.440000000000000e-01 8.466155498030683e-04
-8.245000000000000e-01 8.512848492490706e-04
-8.050000000000000e-01 8.560299887146457e-04
-7.855000000000000e-01 8.608520895089388e-04
-7.660000000000000e-01 8.657539478649792e-04
-7.464999999999997e-01 8.707374046616985e-04
-7.270000000000000e-01 8.758048836598757e-04
-7.075000000000001e-01 8.809587839022107e-04
-6.879999999999998e-01 8.862015961986332e-04
-6.685000000000001e-01 8.915359243545906e-04
-6.490000000000000e-01 8.969644642231315e-04
-6.295000000000002e-01 9.024901791635502e-04
-6.100000000000001e-01 9.081154980362592e-04
-5.904999999999999e-01 9.138440928943648e-04
-5.709999999999998e-01 9.196788151256563e-04
-5.515000000000001e-01 9.256231838047529e-04
-5.320000000000001e-01 9.316804401558527e-04
-5.125000000000001e-01 9.378544031747472e-04
-4.930000000000001e-01 9.441488439368976e-04
-4.735000000000001e-01 9.505677242360751e-04
-4.540000000000000e-01 9.571149812245155e-04
-4.345000000000002e-01 9.637956100016173e-04
-4.150000000000000e-01 9.706136976263788e-04
-3.955000000000000e-01 9.775740884277546e-04
-3.759999999999999e-01 9.846818415361802e-04
-3.564999999999999e-01 9.919422498277060e-04
-3.370000000000000e-01 9.993609862591897e-04
-3.174999999999999e-01 1.006938480950962e-03
-2.979999999999999e-01 1.014696711224403e-03
-2.785000000000000e-01 1.022626394503648e-03
-2.589999999999999e-01 1.030739632079746e-03
-2.394999999999999e-01 1.039043621217776e-03
-2.199999999999999e-01 1.047546012840567e-03
-2.004999999999999e-01 1.056254857465422e-03
-1.809999999999999e-01 1.065178371760445e-03
-1.615000000000001e-01 1.074325698371369e-03
-1.420000000000001e-01 1.083706928373182e-03
-1.225000000000000e-01 1.093331561161431e-03
-1.029999999999999e-01 1.103210475666020e-03
-8.349999999999999e-02 1.113355082806213e-03
-6.400000000000007e-02 1.123777645969003e-03
-4.449999999999989e-02 1.134490489645505e-03
-2.500000000000004e-02 1.145509011902168e-03
-5.499999999999857e-03 1.156846371081841e-03
1.400000000000017e-02 1.168518866148467e-03
3.349999999999984e-02 1.180543342597185e-03
5.299999999999994e-02 1.192937883068077e-03
7.250000000000016e-02 1.205721895726621e-03
9.200000000000018e-02 1.218915721051245e-03
1.114999999999999e-01 1.232543347669630e-03
1.310000000000002e-01 1.246627427779265e-03
1.505000000000001e-01 1.261194677470164e-03
1.700000000000000e-01 1.276273335678110e-03
1.895000000000001e-01 1.291894096992308e-03
2.090000000000000e-01 1.308090185523819e-03
2.285000000000000e-01 1.324898010937131e-03
2.480000000000000e-01 1.342356919136077e-03
2.675000000000001e-01 1.360510138629175e-03
2.869999999999999e-01 1.379405185414593e-03
3.065000000000000e-01 1.399093394613524e-03
3.260000000000000e-01 1.419632440500584e-03
3.454999999999999e-01 1.441085212008338e-03
3.650000000000002e-01 1.463521547934534e-03
3.844999999999998e-01 1.487019019579077e-03
4.040000000000002e-01 1.511663924032560e-03
4.234999999999999e-01 1.537552792345799e-03
4.429999999999998e-01 1.564068583953347e-03
4.625000000000000e-01 1.593509087018066e-03
4.819999999999999e-01 1.623836277633068e-03
5.014999999999999e-01 1.655932042791992e-03
5.209999999999999e-01 1.689975104830063e-03
5.404999999999998e-01 1.726170508233119e-03
5.600000000000001e-01 1.764754797255724e-03
5.794999999999999e-01 1.806002749033772e-03
5.990000000000000e-01 1.850235046724663e-03
6.185000000000000e-01 1.897829486802068e-03
6.379999999999999e-01 1.949234200969844e-03
6.575000000000000e-01 2.004985330695510e-03
6.769999999999998e-01 2.065731640906347e-03
6.965000000000001e-01 2.132264858401971e-03
7.160000000000000e-01 2.205564411359876e-03
7.354999999999998e-01 2.286859045717738e-03
7.549999999999999e-01 2.377713357666992e-03
7.745000000000000e-01 2.480156913589590e-03
7.940000000000000e-01 2.596877780740429e-03
8.134999999999999e-01 2.731525665713345e-03
8.329999999999997e-01 2.889204132456956e-03
8.525000000000000e-01 3.077311044313564e-03
8.719999999999999e-01 3.361627472101079e-03
8.915000000000000e-01 3.627813769380861e-03
9.110000000000000e-01 3.990938106186088e-03
9.304999999999999e-01 4.507625069534276e-03
9.500000000000000e-01 5.311831635313370e-03
9.504999999999999e-01 5.338473478281853e-03
9.510000000000000e-01 5.365732602256045e-03
9.514999999999999e-01 5.393601363713929e-03
9.520000000000000e-01 5.421550475090408e-03
9.524999999999999e-01 5.450078217050300e-03
9.530000000000000e-01 5.479186421076135e-03
9.534999999999999e-01 5.508387436192363e-03
9.540000000000000e-01 5.538451194012923e-03
9.544999999999999e-01 5.568854928281152e-03
9.550000000000000e-01 5.599852542942082e-03
9.554999999999999e-01 5.631198341891712e-03
9.560000000000000e-01 5.663332569684146e-03
9.564999999999999e-01 5.696052117299208e-03
9.570000000000000e-01 5.728962256857440e-03
9.574999999999999e-01 5.762816936441990e-03
9.580000000000000e-01 5.797019148992150e-03
9.584999999999999e-01 5.832255550077044e-03
9.590000000000000e-01 5.867620684003473e-03
9.594999999999999e-01 5.903907171990017e-03
9.600000000000000e-01 5.941004459434560e-03
9.604999999999999e-01 5.978663588253341e-03
9.610000000000000e-01 6.016832622571727e-03
9.614999999999999e-01 6.056107447118018e-03
9.620000000000000e-01 6.096165993399468e-03
9.624999999999999e-01 6.136473053545901e-03
9.630000000000000e-01 6.178352319088245e-03
9.634999999999999e-01 6.220897797919855e-03
9.640000000000000e-01 6.264083571113888e-03
9.644999999999999e-01 6.308558106627734e-03
9.650000000000000e-01 6.353502292710774e-03
9.654999999999999e-01 6.399925446192585e-03
9.660000000000000e-01 6.446879605120311e-03
9.664999999999999e-01 6.495254774158473e-03
9.670000000000000e-01 6.544742630847301e-03
9.674999999999999e-01 6.595125676372694e-03
9.680000000000000e-01 6.646934944980492e-03
9.684999999999999e-01 6.699649769661871e-03
9.690000000000000e-01 6.754082350359103e-03
9.694999999999999e-01 6.809475591665007e-03
9.700000000000000e-01 6.866576313332120e-03
9.704999999999999e-01 6.924849731995739e-03
9.710000000000000e-01 6.984761777338282e-03
9.714999999999999e-01 7.046367841298556e-03
9.720000000000000e-01 7.109280331517621e-03
9.724999999999999e-01 7.174375289006153e-03
9.730000000000000e-01 7.240814590276213e-03
9.734999999999999e-01 7.309604614960392e-03
9.740000000000000e-01 7.380009158300760e-03
9.744999999999999e-01 7.452647024536480e-03
9.750000000000000e-01 7.527439784110987e-03
9.754999999999999e-01 7.604532431036970e-03
9.760000000000000e-01 7.683928962940668e-03
9.764999999999999e-01 7.766184966528905e-03
9.770000000000000e-01 7.844795690447558e-03
9.774999999999999e-01 7.938203783717233e-03
9.780000000000000e-01 8.028946177467721e-03
9.784999999999999e-01 8.122483522089300e-03
9.790000000000000e-01 8.219512516080326e-03
9.794999999999999e-01 8.320067833644341e-03
9.800000000000000e-01 8.422622467883570e-03
9.804999999999999e-01 8.532606726085988e-03
9.810000000000000e-01 8.645316236543018e-03
9.814999999999999e-01 8.762352410934267e-03
9.820000000000000e-01 8.884588570732228e-03
9.824999999999999e-01 9.011701292713521e-03
9.830000000000000e-01 9.144617619262795e-03
9.834999999999999e-01 9.283292483588244e-03
9.840000000000000e-01 9.428672705618190e-03
9.844999999999999e-01 9.580891326645483e-03
9.850000000000000e-01 9.740894954877514e-03
9.854999999999999e-01 9.909006179203202e-03
9.860000000000000e-01 1.008623482958901e-02
9.864999999999999e-01 1.027284659161495e-02
9.870000000000000e-01 1.047063238396958e-02
9.874999999999999e-01 1.067986361741557e-02
9.880000000000000e-01 1.090221451945005e-02
9.884999999999999e-01 1.113852489740229e-02
9.890000000000000e-01 1.139140827130232e-02
9.894999999999999e-01 1.166211254188844e-02
9.900000000000000e-01 1.195289812938176e-02
9.904999999999999e-01 1.226630966376227e-02
9.910000000000000e-01 1.260550351704856e-02
9.914999999999999e-01 1.297407374915479e-02
9.920000000000000e-01 1.337718946391922e-02
9.924999999999999e-01 1.381979836669708e-02
9.930000000000000e-01 1.430909585175351e-02
9.934999999999999e-01 1.485372072546236e-02
9.940000000000000e-01 1.546566932779497e-02
9.944999999999999e-01 1.615883787133446e-02
9.950000000000000e-01 1.695402652680343e-02
9.954999999999999e-01 1.787819701520944e-02
9.960000000000000e-01 1.897106134841677e-02
9.964999999999999e-01 2.029040706358522e-02
9.970000000000000e-01 2.192533554075440e-02
9.974999999999999e-01 2.403390564427713e-02
9.980000000000000e-01 2.688888516552729e-02
9.984999999999999e-01 3.107223062264101e-02
9.990000000000000e-01 3.809126197384455e-02
9.994999999999999e-01 5.393725075078249e-02
