-1.000000000000000e+00 1.159774161814173e-05
-9.805000000000000e-01 1.164975268016855e-05
-9.610000000000000e-01 1.170225194441244e-05
-9.415000000000000e-01 1.175529163327444e-05
-9.219999999999999e-01 1.180885896711239e-05
-9.025000000000000e-01 1.186299026440467e-05
-8.830000000000000e-01 1.191764101647176e-05
-8.634999999999999e-01 1.197281464486104e-05
-8.440000000000000e-01 1.202858153566580e-05
-8.245000000000000e-01 1.208492169751797e-05
-8.050000000000000e-01 1.214184491169593e-05
-7.855000000000000e-01 1.219936130847667e-05
-7.660000000000000e-01 1.225748113976362e-05
-7.464999999999997e-01 1.231621502759917e-05
-7.270000000000000e-01 1.237557388030072e-05
-7.075000000000001e-01 1.243556876036577e-05
-6.879999999999998e-01 1.249621115150307e-05
-6.685000000000001e-01 1.255751285491180e-05
-6.490000000000000e-01 1.261948583851654e-05
-6.295000000000002e-01 1.268214259500106e-05
-6.100000000000001e-01 1.274549576531366e-05
-5.904999999999999e-01 1.280955848576297e-05
-5.709999999999998e-01 1.287434426600242e-05
-5.515000000000001e-01 1.293986685039329e-05
-5.320000000000001e-01 1.300614052261093e-05
-5.125000000000001e-01 1.307317998300660e-05
-4.930000000000001e-01 1.314100021881338e-05
-4.735000000000001e-01 1.320961680142832e-05
-4.540000000000000e-01 1.327904577031161e-05
-4.345000000000002e-01 1.334930351554377e-05
-4.150000000000000e-01 1.342040709873262e-05
-3.955000000000000e-01 1.349237395949449e-05
-3.759999999999999e-01 1.356522221836309e-05
-3.564999999999999e-01 1.363897047182920e-05
-3.370000000000000e-01 1.371363795884463e-05
-3.174999999999999e-01 1.378924454622772e-05
-2.979999999999999e-01 1.386581075245534e-05
-2.785000000000000e-01 1.394335774163408e-05
-2.589999999999999e-01 1.402190748540165e-05
-2.394999999999999e-01 1.410148258792058e-05
-2.199999999999999e-01 1.418210653144960e-05
-2.004999999999999e-01 1.426380363643326e-05
-1.809999999999999e-01 1.434659897604461e-05
-1.615000000000001e-01 1.443051864143780e-05
-1.420000000000001e-01 1.451558968586828e-05
-1.225000000000000e-01 1.460184006362496e-05
-1.029999999999999e-01 1.468929888838306e-05
-8.349999999999999e-02 1.477799636043754e-05
-6.400000000000007e-02 1.486796389178494e-05
-4.449999999999989e-02 1.495923404858936e-05
-2.500000000000004e-02 1.505184079436840e-05
-5.499999999999857e-03 1.514581945718679e-05
1.400000000000017e-02 1.524120683676317e-05
3.349999999999984e-02 1.533804131612593e-05
5.299999999999994e-02 1.543636286949824e-05
7.250000000000016e-02 1.553621328532352e-05
9.200000000000018e-02 1.563763620257831e-05
1.114999999999999e-01 1.574067724869969e-05
1.310000000000002e-01 1.584538417047385e-05
1.505000000000001e-01 1.595180623009809e-05
1.700000000000000e-01 1.605999736445699e-05
1.895000000000001e-01 1.617001182541727e-05
2.090000000000000e-01 1.628190739804856e-05
2.285000000000000e-01 1.639574484315491e-05
2.480000000000000e-01 1.651158812085814e-05
2.675000000000001e-01 1.662951835317167e-05
2.869999999999999e-01 1.674960398749204e-05
3.065000000000000e-01 1.687189989898671e-05
3.260000000000000e-01 1.699649207790764e-05
3.454999999999999e-01 1.712347214079609e-05
3.650000000000002e-01 1.725292631064617e-05
3.844999999999998e-01 1.738494839412974e-05
4.040000000000002e-01 1.751964115941864e-05
4.234999999999999e-01 1.765710864440946e-05
4.429999999999998e-01 1.779747587809081e-05
4.625000000000000e-01 1.794086185844146e-05
4.819999999999999e-01 1.808739976737764e-05
5.014999999999999e-01 1.823722913148165e-05
5.209999999999999e-01 1.839051181178652e-05
5.404999999999998e-01 1.854741114384266e-05
5.600000000000001e-01 1.870810867709340e-05
5.794999999999999e-01 1.887280187454059e-05
5.990000000000000e-01 1.904170798861313e-05
6.185000000000000e-01 1.921505728087581e-05
6.379999999999999e-01 1.939201566566257e-05
6.575000000000000e-01 1.957626375115593e-05
6.769999999999998e-01 1.976465266908540e-05
6.965000000000001e-01 1.995874055958140e-05
7.160000000000000e-01 2.015894160382134e-05
7.354999999999998e-01 2.036565319521586e-05
7.549999999999999e-01 2.057951156829569e-05
7.745000000000000e-01 2.080109042565844e-05
7.940000000000000e-01 2.103112987779376e-05
8.134999999999999e-01 2.127049000179072e-05
8.329999999999997e-01 2.152024381152092e-05
8.525000000000000e-01 2.178169835322044e-05
8.719999999999999e-01 2.205656747515987e-05
8.915000000000000e-01 2.234705805618375e-05
9.110000000000000e-01 2.265632022455977e-05
9.304999999999999e-01 2.298901711441688e-05
9.500000000000000e-01 2.335228191026575e-05
9.504999999999999e-01 2.336209822057962e-05
9.510000000000000e-01 2.337195931352279e-05
9.514999999999999e-01 2.338183261102501e-05
9.520000000000000e-01 2.339173161658520e-05
9.524999999999999e-01 2.340164808092360e-05
9.530000000000000e-01 2.341158456940249e-05
9.534999999999999e-01 2.342159823631360e-05
9.540000000000000e-01 2.343160907664177e-05
9.544999999999999e-01 2.344165862870316e-05
9.550000000000000e-01 2.345177285745762e-05
9.554999999999999e-01 2.346189338511045e-05
9.560000000000000e-01 2.347199683312844e-05
9.564999999999999e-01 2.348217953319078e-05
9.570000000000000e-01 2.349239124988171e-05
9.574999999999999e-01 2.350263894029084e-05
9.580000000000000e-01 2.351290763934812e-05
9.584999999999999e-01 2.352327789116099e-05
9.590000000000000e-01 2.353362193826680e-05
9.594999999999999e-01 2.354399215206882e-05
9.600000000000000e-01 2.355440800991673e-05
9.604999999999999e-01 2.356486331195193e-05
9.610000000000000e-01 2.357536029684347e-05
9.614999999999999e-01 2.358590293202879e-05
9.620000000000000e-01 2.359648970129103e-05
9.624999999999999e-01 2.360710155174162e-05
9.630000000000000e-01 2.361781008560602e-05
9.634999999999999e-01 2.362850864029584e-05
9.640000000000000e-01 2.363927040230632e-05
9.644999999999999e-01 2.365005239444333e-05
9.650000000000000e-01 2.366088105708169e-05
9.654999999999999e-01 2.367175756489869e-05
9.660000000000000e-01 2.368264964018542e-05
9.664999999999999e-01 2.369362072036706e-05
9.670000000000000e-01 2.370465647886131e-05
9.674999999999999e-01 2.371572592396006e-05
9.680000000000000e-01 2.372683315467019e-05
9.684999999999999e-01 2.373805300224093e-05
9.690000000000000e-01 2.374928488579992e-05
9.694999999999999e-01 2.376057365737187e-05
9.700000000000000e-01 2.377191941356760e-05
9.704999999999999e-01 2.378332246514343e-05
9.710000000000000e-01 2.379478070685265e-05
9.714999999999999e-01 2.380631340034057e-05
9.720000000000000e-01 2.381790235277138e-05
9.724999999999999e-01 2.382958266113834e-05
9.730000000000000e-01 2.384130291451120e-05
9.734999999999999e-01 2.385308400206510e-05
9.740000000000000e-01 2.386494000365528e-05
9.744999999999999e-01 2.387692234234452e-05
9.750000000000000e-01 2.388887514832800e-05
9.754999999999999e-01 2.390097299508494e-05
9.760000000000000e-01 2.391314307872205e-05
9.764999999999999e-01 2.392540176263157e-05
9.770000000000000e-01 2.393774872775927e-05
9.774999999999999e-01 2.395024312275360e-05
9.780000000000000e-01 2.396276748609592e-05
9.784999999999999e-01 2.397541192511748e-05
9.790000000000000e-01 2.398813176836778e-05
9.794999999999999e-01 2.400095697091412e-05
9.800000000000000e-01 2.401389775393049e-05
9.804999999999999e-01 2.402695025400486e-05
9.810000000000000e-01 2.404010901401206e-05
9.814999999999999e-01 2.405341531506503e-05
9.820000000000000e-01 2.406685752433493e-05
9.824999999999999e-01 2.408042086655128e-05
9.830000000000000e-01 2.409412101252778e-05
9.834999999999999e-01 2.410804529967018e-05
9.840000000000000e-01 2.412206494738989e-05
9.844999999999999e-01 2.413624739357793e-05
9.850000000000000e-01 2.415060540971036e-05
9.854999999999999e-01 2.416514069998665e-05
9.860000000000000e-01 2.417988919206425e-05
9.864999999999999e-01 2.419485055958711e-05
9.870000000000000e-01 2.421002372483376e-05
9.874999999999999e-01 2.422544624504642e-05
9.880000000000000e-01 2.424113675067804e-05
9.884999999999999e-01 2.425708023084197e-05
9.890000000000000e-01 2.427333545802881e-05
9.894999999999999e-01 2.428991303638316e-05
9.900000000000000e-01 2.430684619806188e-05
9.904999999999999e-01 2.432413503574934e-05
9.910000000000000e-01 2.434183920757673e-05
9.914999999999999e-01 2.435999993271644e-05
9.920000000000000e-01 2.437867320165954e-05
9.924999999999999e-01 2.439787816168470e-05
9.930000000000000e-01 2.441774863934801e-05
9.934999999999999e-01 2.443834231074954e-05
9.940000000000000e-01 2.445977128071435e-05
9.944999999999999e-01 2.448218038411366e-05
9.950000000000000e-01 2.450574102182180e-05
9.954999999999999e-01 2.453080917725498e-05
9.960000000000000e-01 2.455744756865042e-05
9.964999999999999e-01 2.458626054909434e-05
9.970000000000000e-01 2.461792067714983e-05
9.974999999999999e-01 2.465347075376827e-05
9.980000000000000e-01 2.469475631940569e-05
9.984999999999999e-01 2.474535072095008e-05
9.990000000000000e-01 2.481372172773447e-05
9.994999999999999e-01 2.493034358499835e-05
