-1.000000000000000e+00 1.318112098352773e-05
-9.805000000000000e-01 1.325111330205977e-05
-9.610000000000000e-01 1.332233935692371e-05
-9.415000000000000e-01 1.339461155679518e-05
-9.219999999999999e-01 1.346728378250679e-05
-9.025000000000000e-01 1.354268077902742e-05
-8.830000000000000e-01 1.361860451195976e-05
-8.634999999999999e-01 1.369527731172922e-05
-8.440000000000000e-01 1.377286976897940e-05
-8.245000000000000e-01 1.385196294437838e-05
-8.050000000000000e-01 1.393159155107618e-05
-7.855000000000000e-01 1.401279997405350e-05
-7.660000000000000e-01 1.409591358952262e-05
-7.464999999999997e-01 1.418022792417313e-05
-7.270000000000000e-01 1.426589226738913e-05
-7.075000000000001e-01 1.435330512364431e-05
-6.879999999999998e-01 1.444172270027274e-05
-6.685000000000001e-01 1.453283380143999e-05
-6.490000000000000e-01 1.462454137136846e-05
-6.295000000000002e-01 1.471780371571903e-05
-6.100000000000001e-01 1.481364498396805e-05
-5.904999999999999e-01 1.490964672236897e-05
-5.709999999999998e-01 1.500815899210839e-05
-5.515000000000001e-01 1.510897946702566e-05
-5.320000000000001e-01 1.521066514463577e-05
-5.125000000000001e-01 1.531457497070311e-05
-4.930000000000001e-01 1.542068223410450e-05
-4.735000000000001e-01 1.552884613555846e-05
-4.540000000000000e-01 1.563933846678907e-05
-4.345000000000002e-01 1.575166285422815e-05
-4.150000000000000e-01 1.586637781206818e-05
-3.955000000000000e-01 1.598393146427929e-05
-3.759999999999999e-01 1.610279212133132e-05
-3.564999999999999e-01 1.622522621134073e-05
-3.370000000000000e-01 1.635004360687906e-05
-3.174999999999999e-01 1.647753546489855e-05
-2.979999999999999e-01 1.660779766112984e-05
-2.785000000000000e-01 1.674099281251122e-05
-2.589999999999999e-01 1.687730872087659e-05
-2.394999999999999e-01 1.701651471528356e-05
-2.199999999999999e-01 1.715889093401232e-05
-2.004999999999999e-01 1.730554938577315e-05
-1.809999999999999e-01 1.745445442327734e-05
-1.615000000000001e-01 1.760775904586911e-05
-1.420000000000001e-01 1.776446205932692e-05
-1.225000000000000e-01 1.792618744227821e-05
-1.029999999999999e-01 1.809179246310433e-05
-8.349999999999999e-02 1.826119538049579e-05
-6.400000000000007e-02 1.843535158722084e-05
-4.449999999999989e-02 1.861436933618380e-05
-2.500000000000004e-02 1.879848460352537e-05
-5.499999999999857e-03 1.898789762781330e-05
1.400000000000017e-02 1.918262526505153e-05
3.349999999999984e-02 1.938321829247689e-05
5.299999999999994e-02 1.958983256110155e-05
7.250000000000016e-02 1.980269074619232e-05
9.200000000000018e-02 2.002268952230048e-05
1.114999999999999e-01 2.024951130234728e-05
1.310000000000002e-01 2.048351844777233e-05
1.505000000000001e-01 2.072613482992019e-05
1.700000000000000e-01 2.097671055109094e-05
1.895000000000001e-01 2.123649500801937e-05
2.090000000000000e-01 2.150540761162376e-05
2.285000000000000e-01 2.177733226714886e-05
2.480000000000000e-01 2.206949806036137e-05
2.675000000000001e-01 2.237352670325101e-05
2.869999999999999e-01 2.268775271483859e-05
3.065000000000000e-01 2.301385261946382e-05
3.260000000000000e-01 2.335280713151477e-05
3.454999999999999e-01 2.370847011099376e-05
3.650000000000002e-01 2.407943346711754e-05
3.844999999999998e-01 2.446628788966736e-05
4.040000000000002e-01 2.487423311365446e-05
4.234999999999999e-01 2.530057108380136e-05
4.429999999999998e-01 2.575097924349371e-05
4.625000000000000e-01 2.622320455638757e-05
4.819999999999999e-01 2.672252025278932e-05
5.014999999999999e-01 2.725040830727637e-05
5.209999999999999e-01 2.780991383928275e-05
5.404999999999998e-01 2.840462163821940e-05
5.600000000000001e-01 2.903836577583522e-05
5.794999999999999e-01 2.971531699331136e-05
5.990000000000000e-01 3.043931745309267e-05
6.185000000000000e-01 3.121919840252540e-05
6.379999999999999e-01 3.205992655590189e-05
6.575000000000000e-01 3.297144945229321e-05
6.769999999999998e-01 3.396323565234870e-05
6.965000000000001e-01 3.504881930961776e-05
7.160000000000000e-01 3.624330957886002e-05
7.354999999999998e-01 3.756734967845874e-05
7.549999999999999e-01 3.904559824433858e-05
7.745000000000000e-01 4.071049397073665e-05
7.940000000000000e-01 4.260637850999232e-05
8.134999999999999e-01 4.478972650283343e-05
8.329999999999997e-01 4.734398145685163e-05
8.525000000000000e-01 5.038725863787175e-05
8.719999999999999e-01 5.409979249697944e-05
8.915000000000000e-01 5.876994318788415e-05
9.110000000000000e-01 6.489751246422032e-05
9.304999999999999e-01 7.455220999049411e-05
9.500000000000000e-01 8.689211450717271e-05
9.504999999999999e-01 8.731110313722680e-05
9.510000000000000e-01 8.774012970663597e-05
9.514999999999999e-01 8.817351954479121e-05
9.520000000000000e-01 8.861232007448968e-05
9.524999999999999e-01 8.906612911356029e-05
9.530000000000000e-01 8.952419595457463e-05
9.534999999999999e-01 8.973218169099996e-05
9.540000000000000e-01 9.045945297165729e-05
9.544999999999999e-01 9.093861324095650e-05
9.550000000000000e-01 9.142951303425658e-05
9.554999999999999e-01 9.192854185438373e-05
9.560000000000000e-01 9.225651428841974e-05
9.564999999999999e-01 9.291778619150890e-05
9.570000000000000e-01 9.347346609888521e-05
9.574999999999999e-01 9.400114718586908e-05
9.580000000000000e-01 9.454697404681482e-05
9.584999999999999e-01 9.510040216701910e-05
9.590000000000000e-01 9.566278131971205e-05
9.594999999999999e-01 9.624151662215137e-05
9.600000000000000e-01 9.682393282271212e-05
9.604999999999999e-01 9.741823460009827e-05
9.610000000000000e-01 9.786162695184647e-05
9.614999999999999e-01 9.864942889317375e-05
9.620000000000000e-01 9.927411203811326e-05
9.624999999999999e-01 9.992983183911274e-05
9.630000000000000e-01 1.005883377204947e-04
9.634999999999999e-01 1.012654169144791e-04
9.640000000000000e-01 1.019466353079404e-04
9.644999999999999e-01 1.026495296048585e-04
9.650000000000000e-01 1.033728240819814e-04
9.654999999999999e-01 1.041031402125812e-04
9.660000000000000e-01 1.048449889053216e-04
9.664999999999999e-01 1.056168459439091e-04
9.670000000000000e-01 1.064037571435019e-04
9.674999999999999e-01 1.071816243865725e-04
9.680000000000000e-01 1.080236118926082e-04
9.684999999999999e-01 1.088727371231938e-04
9.690000000000000e-01 1.097337933825052e-04
9.694999999999999e-01 1.106153048590854e-04
9.700000000000000e-01 1.115231039771852e-04
9.704999999999999e-01 1.124418233044147e-04
9.710000000000000e-01 1.133997060301488e-04
9.714999999999999e-01 1.143814347367933e-04
9.720000000000000e-01 1.153858393867847e-04
9.724999999999999e-01 1.164233002336663e-04
9.730000000000000e-01 1.174794157906108e-04
9.734999999999999e-01 1.185696771043091e-04
9.740000000000000e-01 1.196960068779036e-04
9.744999999999999e-01 1.208565110865754e-04
9.750000000000000e-01 1.219515925296652e-04
9.754999999999999e-01 1.232595017054255e-04
9.760000000000000e-01 1.245190707765439e-04
9.764999999999999e-01 1.258466910875136e-04
9.770000000000000e-01 1.271872268656891e-04
9.774999999999999e-01 1.285754577176866e-04
9.780000000000000e-01 1.300274276814628e-04
9.784999999999999e-01 1.315256591773116e-04
9.790000000000000e-01 1.330722457599621e-04
9.794999999999999e-01 1.346760418992378e-04
9.800000000000000e-01 1.363347283149778e-04
9.804999999999999e-01 1.380665890257304e-04
9.810000000000000e-01 1.398602657746664e-04
9.814999999999999e-01 1.417205011685932e-04
9.820000000000000e-01 1.436689128310741e-04
9.824999999999999e-01 1.457039512720903e-04
9.830000000000000e-01 1.478256160737121e-04
9.834999999999999e-01 1.500393296440861e-04
9.840000000000000e-01 1.523436510743032e-04
9.844999999999999e-01 1.547918887495921e-04
9.850000000000000e-01 1.573392592228540e-04
9.854999999999999e-01 1.599435973865838e-04
9.860000000000000e-01 1.628513896127284e-04
9.864999999999999e-01 1.658193887796431e-04
9.870000000000000e-01 1.689836937503486e-04
9.874999999999999e-01 1.723248948251925e-04
9.880000000000000e-01 1.758796991810790e-04
9.884999999999999e-01 1.796538403881515e-04
9.890000000000000e-01 1.836960377179710e-04
9.894999999999999e-01 1.880124567634908e-04
9.900000000000000e-01 1.926518708994790e-04
9.904999999999999e-01 1.976592635374539e-04
9.910000000000000e-01 2.030717688756469e-04
9.914999999999999e-01 2.089627443257489e-04
9.920000000000000e-01 2.153990939369270e-04
9.924999999999999e-01 2.224649839833301e-04
9.930000000000000e-01 2.302835705660844e-04
9.934999999999999e-01 2.389830806299598e-04
9.940000000000000e-01 2.487484732455192e-04
9.944999999999999e-01 2.598252711160484e-04
9.950000000000000e-01 2.725261720428477e-04
9.954999999999999e-01 2.872963924795569e-04
9.960000000000000e-01 3.047520399198939e-04
9.964999999999999e-01 3.257363063920222e-04
9.970000000000000e-01 3.519846402733998e-04
9.974999999999999e-01 3.856417619428978e-04
9.980000000000000e-01 4.312439424578441e-04
9.984999999999999e-01 4.980878595221673e-04
9.990000000000000e-01 6.102315658433417e-04
9.994999999999999e-01 8.634175813156685e-04
