-1.000000000000000e+00 2.018639218354540e-01
-9.994965423831851e-01 2.019145236781549e-01
-9.979866764718843e-01 2.113205208124539e-01
-9.954719225730846e-01 2.113291445849796e-01
-9.919548128307953e-01 2.091644963850154e-01
-9.874388886763943e-01 1.902855818032635e-01
-9.819286972627066e-01 1.950531865517072e-01
-9.754297868854070e-01 1.952019829357539e-01
-9.679487013963562e-01 2.078264961014617e-01
-9.594929736144974e-01 2.027768875178904e-01
-9.500711177409453e-01 2.083498600104239e-01
-9.396926207859083e-01 2.054303894464991e-01
-9.283679330160726e-01 2.101946026095557e-01
-9.161084574320695e-01 2.019456339685677e-01
-9.029265382866211e-01 2.116387356008341e-01
-8.888354486549234e-01 2.204424191639202e-01
-8.738493770697849e-01 2.343132300029654e-01
-8.579834132349771e-01 2.159527021046900e-01
-8.412535328311810e-01 2.210382607786597e-01
-8.236765814298327e-01 2.210978362666154e-01
-8.052702575310586e-01 2.184379814512791e-01
-7.860530947427873e-01 2.257300064069383e-01
-7.660444431189779e-01 2.276956508792808e-01
-7.452644496757547e-01 2.235349813662443e-01
-7.237340381050702e-01 2.246906901523137e-01
-7.014748877063210e-01 2.225644127940321e-01
-6.785094115571321e-01 2.356001097682878e-01
-6.548607339452851e-01 2.589012201271741e-01
-6.305526670845222e-01 2.347365135218786e-01
-6.056096871376665e-01 2.378795601289098e-01
-5.800569095711980e-01 2.361778476383140e-01
-5.539200638661103e-01 2.441460600519684e-01
-5.272254676105025e-01 2.526792000744050e-01
-4.999999999999998e-01 2.451055898914690e-01
-4.722710747726826e-01 2.497048059820165e-01
-4.440666126057737e-01 2.474983402111270e-01
-4.154150130018863e-01 2.599780050845222e-01
-3.863451256931285e-01 2.738019894325270e-01
-3.568862215918718e-01 2.775089970516497e-01
-3.270679633174214e-01 2.762419726124599e-01
-2.969203753282748e-01 2.617668683897509e-01
-2.664738136900348e-01 2.757469472102960e-01
-2.357589355094272e-01 2.736256729429139e-01
-2.048066680651905e-01 2.921044944819589e-01
-1.736481776669303e-01 2.840307734762677e-01
-1.423148382732850e-01 3.044004799952711e-01
-1.108381999010110e-01 3.026639342411735e-01
-7.924995685678832e-02 3.028979092859580e-01
-4.758191582374206e-02 3.217175610720094e-01
-1.586596383480781e-02 3.298708059846195e-01
1.586596383480815e-02 3.163723661171295e-01
4.758191582374240e-02 3.346263930583306e-01
7.924995685678866e-02 3.500884409373461e-01
1.108381999010111e-01 3.449368145834715e-01
1.423148382732853e-01 3.593975355211902e-01
1.736481776669304e-01 3.630169176672053e-01
2.048066680651908e-01 3.843470618950253e-01
2.357589355094273e-01 3.993102644571562e-01
2.664738136900351e-01 4.043094842825978e-01
2.969203753282749e-01 4.142725799477348e-01
3.270679633174218e-01 4.248065782066408e-01
3.568862215918719e-01 3.683242911405322e-01
3.863451256931288e-01 4.256480226070022e-01
4.154150130018864e-01 4.652888063971420e-01
4.440666126057742e-01 4.263566827294901e-01
4.722710747726827e-01 4.594863051665440e-01
5.000000000000003e-01 4.832101035749817e-01
5.272254676105026e-01 5.180646675415876e-01
5.539200638661104e-01 5.400025131696827e-01
5.800569095711982e-01 5.471756840605690e-01
6.056096871376669e-01 5.826184218291977e-01
6.305526670845226e-01 6.054919698710093e-01
6.548607339452851e-01 6.263821862725851e-01
6.785094115571322e-01 6.525139192667662e-01
7.014748877063215e-01 6.886941032057956e-01
7.237340381050703e-01 7.281218761826131e-01
7.452644496757548e-01 7.553659748365057e-01
7.660444431189780e-01 8.047798920006555e-01
7.860530947427876e-01 8.445066219554989e-01
8.052702575310586e-01 8.718854647314631e-01
8.236765814298328e-01 8.889852306019688e-01
8.412535328311813e-01 9.636447091689487e-01
8.579834132349772e-01 1.052193339518928e+00
8.738493770697850e-01 1.121264123476297e+00
8.888354486549235e-01 1.206539142702413e+00
9.029265382866214e-01 1.294502579733619e+00
9.161084574320697e-01 1.395179364230482e+00
9.283679330160727e-01 1.528660017823087e+00
9.396926207859083e-01 1.677309162723907e+00
9.500711177409454e-01 1.854803644105929e+00
9.594929736144975e-01 2.059184624859799e+00
9.679487013963562e-01 2.339994625076414e+00
9.754297868854070e-01 2.692660438663697e+00
9.819286972627067e-01 3.175259536725261e+00
9.874388886763944e-01 3.839382761268212e+00
9.919548128307953e-01 4.843692656387809e+00
9.954719225730846e-01 6.512713478013782e+00
9.979866764718844e-01 9.836308848543091e+00
9.994965423831851e-01 1.987058675450173e+01
1.000000000000000e+00 5.555077174637477e+00
