-1.000000000000000e+00 3.968208475606952e-01
-9.994965423831851e-01 3.968590278453349e-01
-9.979866764718843e-01 3.969735743216857e-01
-9.954719225730846e-01 3.971645038009489e-01
-9.919548128307953e-01 3.974318441146106e-01
-9.874388886763943e-01 3.977756338329601e-01
-9.819286972627066e-01 3.981959218695301e-01
-9.754297868854070e-01 3.986927669700307e-01
-9.679487013963562e-01 3.992662370839172e-01
-9.594929736144974e-01 3.999164086162979e-01
-9.500711177409453e-01 4.006433655575177e-01
-9.396926207859083e-01 4.014471984873665e-01
-9.283679330160726e-01 4.023280034504330e-01
-9.161084574320695e-01 4.032858806988114e-01
-9.029265382866211e-01 4.043209332979182e-01
-8.888354486549234e-01 4.054332655909581e-01
-8.738493770697849e-01 4.066229815170932e-01
-8.579834132349771e-01 4.078901827781918e-01
-8.412535328311810e-01 4.092349668486738e-01
-8.236765814298327e-01 4.106574248227342e-01
-8.052702575310586e-01 4.121576390930156e-01
-7.860530947427873e-01 4.137356808545795e-01
-7.660444431189779e-01 4.153916074279342e-01
-7.452644496757547e-01 4.171254593947409e-01
-7.237340381050702e-01 4.189372575398122e-01
-7.014748877063210e-01 4.208269995930326e-01
-6.785094115571321e-01 4.227946567649467e-01
-6.548607339452851e-01 4.248401700699352e-01
-6.305526670845222e-01 4.269634464311852e-01
-6.056096871376665e-01 4.291643545620289e-01
-5.800569095711980e-01 4.314427206187380e-01
-5.539200638661103e-01 4.337983236204503e-01
-5.272254676105025e-01 4.362308906327024e-01
-4.999999999999998e-01 4.387400917119086e-01
-4.722710747726826e-01 4.413255346092310e-01
-4.440666126057737e-01 4.439867592335269e-01
-4.154150130018863e-01 4.467232318744988e-01
-3.863451256931285e-01 4.495343391888553e-01
-3.568862215918718e-01 4.524193819541296e-01
-3.270679633174214e-01 4.553775685969532e-01
-2.969203753282748e-01 4.584080085049101e-01
-2.664738136900348e-01 4.615097051337801e-01
-2.357589355094272e-01 4.646815489247956e-01
-2.048066680651905e-01 4.679223100498098e-01
-1.736481776669303e-01 4.712306310056751e-01
-1.423148382732850e-01 4.746050190829132e-01
-1.108381999010110e-01 4.780438387378521e-01
-7.924995685678832e-02 4.815453039016673e-01
-4.758191582374206e-02 4.851074702644790e-01
-1.586596383480781e-02 4.887282275774449e-01
1.586596383480815e-02 4.924052920209954e-01
4.758191582374240e-02 4.961361986926547e-01
7.924995685678866e-02 4.999182942733578e-01
1.108381999010111e-01 5.037487299368865e-01
1.423148382732853e-01 5.076244545726766e-01
1.736481776669304e-01 5.115422083979376e-01
2.048066680651908e-01 5.154985170406741e-01
2.357589355094273e-01 5.194896861805652e-01
2.664738136900351e-01 5.235117968398315e-01
2.969203753282749e-01 5.275607014209397e-01
3.270679633174218e-01 5.316320205921473e-01
3.568862215918719e-01 5.357211411254900e-01
3.863451256931288e-01 5.398232147944029e-01
4.154150130018864e-01 5.439331584398812e-01
4.440666126057742e-01 5.480456553146777e-01
4.722710747726827e-01 5.521551578140603e-01
5.000000000000003e-01 5.562558916995297e-01
5.272254676105026e-01 5.603418619177345e-01
5.539200638661104e-01 5.644068601110890e-01
5.800569095711982e-01 5.684444739087828e-01
6.056096871376669e-01 5.724480980769213e-01
6.305526670845226e-01 5.764109475945161e-01
6.548607339452851e-01 5.803260727076169e-01
6.785094115571322e-01 5.841863759973098e-01
7.014748877063215e-01 5.879846314783644e-01
7.237340381050703e-01 5.917135057243182e-01
7.452644496757548e-01 5.953655809916196e-01
7.660444431189780e-01 5.989333802906021e-01
7.860530947427876e-01 6.024093943244458e-01
8.052702575310586e-01 6.057861101896782e-01
8.236765814298328e-01 6.090560417030074e-01
8.412535328311813e-01 6.122117611904440e-01
8.579834132349772e-01 6.152459325457122e-01
8.738493770697850e-01 6.181513453368525e-01
8.888354486549235e-01 6.209209497130205e-01
9.029265382866214e-01 6.235478918385354e-01
9.161084574320697e-01 6.260255495588760e-01
9.283679330160727e-01 6.283475679840679e-01
9.396926207859083e-01 6.305078946594829e-01
9.500711177409454e-01 6.325008139829809e-01
9.594929736144975e-01 6.343209805210502e-01
9.679487013963562e-01 6.359634508754659e-01
9.754297868854070e-01 6.374237137565176e-01
9.819286972627067e-01 6.386977179289056e-01
9.874388886763944e-01 6.397818977123294e-01
9.919548128307953e-01 6.406731957402894e-01
9.954719225730846e-01 6.413690827075309e-01
9.979866764718844e-01 6.418675738686073e-01
9.994965423831851e-01 6.421672420864684e-01
1.000000000000000e+00 6.422672272704304e-01
