-1.000000000000000e+00 2.125166622065621e-01
-9.994965423831851e-01 2.123093913990068e-01
-9.979866764718843e-01 2.126290761123067e-01
-9.954719225730846e-01 2.127713598731939e-01
-9.919548128307953e-01 2.135546410289431e-01
-9.874388886763943e-01 2.133453588900309e-01
-9.819286972627066e-01 2.136633076878894e-01
-9.754297868854070e-01 2.142874414561482e-01
-9.679487013963562e-01 2.146168555092883e-01
-9.594929736144974e-01 2.152518280604110e-01
-9.500711177409453e-01 2.158600336141622e-01
-9.396926207859083e-01 2.165978627188303e-01
-9.283679330160726e-01 2.176485526002238e-01
-9.161084574320695e-01 2.183812295814710e-01
-9.029265382866211e-01 2.191945118055353e-01
-8.888354486549234e-01 2.203446640994796e-01
-8.738493770697849e-01 2.215997072978229e-01
-8.579834132349771e-01 2.229118899555995e-01
-8.412535328311810e-01 2.238135996181025e-01
-8.236765814298327e-01 2.250961391543500e-01
-8.052702575310586e-01 2.263993065987282e-01
-7.860530947427873e-01 2.281997846379784e-01
-7.660444431189779e-01 2.298815278774918e-01
-7.452644496757547e-01 2.311320626406854e-01
-7.237340381050702e-01 2.333582961884483e-01
-7.014748877063210e-01 2.351258913009228e-01
-6.785094115571321e-01 2.369983774627392e-01
-6.548607339452851e-01 2.396634154265802e-01
-6.305526670845222e-01 2.413669097698664e-01
-6.056096871376665e-01 2.439397858452118e-01
-5.800569095711980e-01 2.464133081558822e-01
-5.539200638661103e-01 2.489645056745890e-01
-5.272254676105025e-01 2.513757334759042e-01
-4.999999999999998e-01 2.543233156732731e-01
-4.722710747726826e-01 2.571199925395773e-01
-4.440666126057737e-01 2.610356220958631e-01
-4.154150130018863e-01 2.636772849770972e-01
-3.863451256931285e-01 2.672281010943050e-01
-3.568862215918718e-01 2.706034055175041e-01
-3.270679633174214e-01 2.744797296357990e-01
-2.969203753282748e-01 2.781390107070889e-01
-2.664738136900348e-01 2.822744093068495e-01
-2.357589355094272e-01 2.867226676023063e-01
-2.048066680651905e-01 2.909557367648024e-01
-1.736481776669303e-01 2.955762728834523e-01
-1.423148382732850e-01 3.008120820218548e-01
-1.108381999010110e-01 3.048216390657734e-01
-7.924995685678832e-02 3.110606409379765e-01
-4.758191582374206e-02 3.166249025996871e-01
-1.586596383480781e-02 3.230470962770763e-01
1.586596383480815e-02 3.290938844546729e-01
4.758191582374240e-02 3.358448709045526e-01
7.924995685678866e-02 3.429323866096912e-01
1.108381999010111e-01 3.497717497893958e-01
1.423148382732853e-01 3.576478247857767e-01
1.736481776669304e-01 3.658547125282555e-01
2.048066680651908e-01 3.742602856379421e-01
2.357589355094273e-01 3.831739544156110e-01
2.664738136900351e-01 3.926843836773949e-01
2.969203753282749e-01 4.030333505237854e-01
3.270679633174218e-01 4.133636670816041e-01
3.568862215918719e-01 4.246428598010492e-01
3.863451256931288e-01 4.365746532922660e-01
4.154150130018864e-01 4.500199558006119e-01
4.440666126057742e-01 4.632850605102070e-01
4.722710747726827e-01 4.775880603619817e-01
5.000000000000003e-01 4.931640458996544e-01
5.272254676105026e-01 5.098294094204675e-01
5.539200638661104e-01 5.272817320233751e-01
5.800569095711982e-01 5.462331522202953e-01
6.056096871376669e-01 5.668541012261287e-01
6.305526670845226e-01 5.888575213994738e-01
6.548607339452851e-01 6.126594523259385e-01
6.785094115571322e-01 6.407578861935416e-01
7.014748877063215e-01 6.657847633325183e-01
7.237340381050703e-01 6.968765613934076e-01
7.452644496757548e-01 7.298719308205986e-01
7.660444431189780e-01 7.664835648276066e-01
7.860530947427876e-01 8.061714431272684e-01
8.052702575310586e-01 8.508959944344643e-01
8.236765814298328e-01 8.999954540497929e-01
8.412535328311813e-01 9.546055287801759e-01
8.579834132349772e-01 1.016158633695177e+00
8.738493770697850e-01 1.085580740059280e+00
8.888354486549235e-01 1.164738016161927e+00
9.029265382866214e-01 1.255448865229098e+00
9.161084574320697e-01 1.360507814475078e+00
9.283679330160727e-01 1.483480693552840e+00
9.396926207859083e-01 1.629819272523790e+00
9.500711177409454e-01 1.805197906975522e+00
9.594929736144975e-01 2.020224506728660e+00
9.679487013963562e-01 2.289587519059553e+00
9.754297868854070e-01 2.637200915226209e+00
9.819286972627067e-01 3.101164421306514e+00
9.874388886763944e-01 3.752108485158088e+00
9.919548128307953e-01 4.729983776538269e+00
9.954719225730846e-01 6.361153805858787e+00
9.979866764718844e-01 9.627716221576897e+00
9.994965423831851e-01 1.943329370903428e+01
1.000000000000000e+00 3.878663810858634e+01
