-1.000000000000000e+00 1.302583454561174e-01
-9.994965423831851e-01 1.309362717220346e-01
-9.979866764718843e-01 1.530059484304921e-01
-9.954719225730846e-01 1.530920059012673e-01
-9.919548128307953e-01 1.532505206849655e-01
-9.874388886763943e-01 1.534351238817586e-01
-9.819286972627066e-01 1.536625593743396e-01
-9.754297868854070e-01 8.040578362313927e-02
-9.679487013963562e-01 1.543201853081958e-01
-9.594929736144974e-01 1.275495581045465e-01
-9.500711177409453e-01 1.385973372722119e-01
-9.396926207859083e-01 1.554520331548598e-01
-9.283679330160726e-01 1.266941619140666e-01
-9.161084574320695e-01 1.563622487681107e-01
-9.029265382866211e-01 2.169035018584639e-01
-8.888354486549234e-01 1.619579247014691e-01
-8.738493770697849e-01 1.766991031978828e-01
-8.579834132349771e-01 1.979646247500557e-01
-8.412535328311810e-01 1.641870853642421e-01
-8.236765814298327e-01 1.803406682539629e-01
-8.052702575310586e-01 1.944367685296641e-01
-7.860530947427873e-01 2.064816736817868e-01
-7.660444431189779e-01 7.440613857740068e-02
-7.452644496757547e-01 2.003912488322229e-01
-7.237340381050702e-01 1.881886914969774e-01
-7.014748877063210e-01 2.096379832569317e-01
-6.785094115571321e-01 1.964945037703159e-01
-6.548607339452851e-01 2.093813021191009e-01
-6.305526670845222e-01 1.843093836264044e-01
-6.056096871376665e-01 1.834218854122860e-01
-5.800569095711980e-01 2.042104638725216e-01
-5.539200638661103e-01 2.064312792973329e-01
-5.272254676105025e-01 2.086722371425959e-01
-4.999999999999998e-01 2.108260237774981e-01
-4.722710747726826e-01 2.132001518538746e-01
-4.440666126057737e-01 2.156773772793269e-01
-4.154150130018863e-01 2.308876158252829e-01
-3.863451256931285e-01 2.341499568978200e-01
-3.568862215918718e-01 2.237661553905959e-01
-3.270679633174214e-01 2.349981957072550e-01
-2.969203753282748e-01 2.306053985287170e-01
-2.664738136900348e-01 1.912140468941651e-01
-2.357589355094272e-01 2.444376048385772e-01
-2.048066680651905e-01 2.437103182866828e-01
-1.736481776669303e-01 2.522261199309989e-01
-1.423148382732850e-01 2.633587159047085e-01
-1.108381999010110e-01 3.230369392246775e-01
-7.924995685678832e-02 3.191726086605268e-01
-4.758191582374206e-02 3.251358683240547e-01
-1.586596383480781e-02 3.382968776535929e-01
1.586596383480815e-02 3.736121223026677e-01
4.758191582374240e-02 3.606202594962439e-01
7.924995685678866e-02 3.491980178965172e-01
1.108381999010111e-01 3.331013186043246e-01
1.423148382732853e-01 3.648709985503257e-01
1.736481776669304e-01 3.527173196967386e-01
2.048066680651908e-01 3.806206780995712e-01
2.357589355094273e-01 3.901762500364303e-01
2.664738136900351e-01 4.150324405115737e-01
2.969203753282749e-01 3.922611499301472e-01
3.270679633174218e-01 4.150199790460176e-01
3.568862215918719e-01 4.332056725989850e-01
3.863451256931288e-01 4.294104933531937e-01
4.154150130018864e-01 4.599629497576548e-01
4.440666126057742e-01 5.122931027107193e-01
4.722710747726827e-01 4.929404692211543e-01
5.000000000000003e-01 4.655823952716927e-01
5.272254676105026e-01 4.864243859525567e-01
5.539200638661104e-01 5.455539979052392e-01
5.800569095711982e-01 5.709553336009113e-01
6.056096871376669e-01 5.946584616928231e-01
6.305526670845226e-01 5.274911751775619e-01
6.548607339452851e-01 6.340349284581484e-01
6.785094115571322e-01 6.736314002322157e-01
7.014748877063215e-01 7.022273966583205e-01
7.237340381050703e-01 6.424207509870612e-01
7.452644496757548e-01 7.658562199959321e-01
7.660444431189780e-01 8.079318998645311e-01
7.860530947427876e-01 8.544642676545789e-01
8.052702575310586e-01 9.026258655509490e-01
8.236765814298328e-01 9.658138618250843e-01
8.412535328311813e-01 1.031469855971079e+00
8.579834132349772e-01 1.092178778459053e+00
8.738493770697850e-01 1.182382746276534e+00
8.888354486549235e-01 1.291138527039495e+00
9.029265382866214e-01 1.411988442476570e+00
9.161084574320697e-01 1.488651257241348e+00
9.283679330160727e-01 1.647516541515135e+00
9.396926207859083e-01 1.814367132895753e+00
9.500711177409454e-01 2.036844524193011e+00
9.594929736144975e-01 2.287643031336329e+00
9.679487013963562e-01 2.602138154655638e+00
9.754297868854070e-01 2.996589034850118e+00
9.819286972627067e-01 3.555081047312282e+00
9.874388886763944e-01 4.294656331467068e+00
9.919548128307953e-01 5.435578989356199e+00
9.954719225730846e-01 7.340265437327619e+00
9.979866764718844e-01 1.116220489760472e+01
9.994965423831851e-01 2.261373408304300e+01
1.000000000000000e+00 1.237659346109584e+01
