-1.000000000000000e+00 7.082238988877193e-06
-9.805000000000000e-01 7.108489850826161e-06
-9.610000000000000e-01 7.134944397168347e-06
-9.415000000000000e-01 7.161605130273426e-06
-9.219999999999999e-01 7.188474596111179e-06
-9.025000000000000e-01 7.215555385267142e-06
-8.830000000000000e-01 7.242850133988653e-06
-8.634999999999999e-01 7.270361525262514e-06
-8.440000000000000e-01 7.298092289925401e-06
-8.245000000000000e-01 7.326045207808307e-06
-8.050000000000000e-01 7.354223108916299e-06
-7.855000000000000e-01 7.382628874644981e-06
-7.660000000000000e-01 7.411265439035055e-06
-7.464999999999997e-01 7.440135790066539e-06
-7.270000000000000e-01 7.469242970994140e-06
-7.075000000000001e-01 7.498590081725496e-06
-6.879999999999998e-01 7.528180280243988e-06
-6.685000000000001e-01 7.558016784077913e-06
-6.490000000000000e-01 7.588102871817982e-06
-6.295000000000002e-01 7.618441884685090e-06
-6.100000000000001e-01 7.649037228150485e-06
-5.904999999999999e-01 7.679892373610545e-06
-5.709999999999998e-01 7.711010860118495e-06
-5.515000000000001e-01 7.742396296175514e-06
-5.320000000000001e-01 7.774052361583772e-06
-5.125000000000001e-01 7.805982809364195e-06
-4.930000000000001e-01 7.838191467741730e-06
-4.735000000000001e-01 7.870681996538508e-06
-4.540000000000000e-01 7.903458776699399e-06
-4.345000000000002e-01 7.936525718335240e-06
-4.150000000000000e-01 7.969886971570717e-06
-3.955000000000000e-01 8.003546772782654e-06
-3.759999999999999e-01 8.037509447060727e-06
-3.564999999999999e-01 8.071779410760900e-06
-3.370000000000000e-01 8.106361174156026e-06
-3.174999999999999e-01 8.141259344188324e-06
-2.979999999999999e-01 8.176478627328825e-06
-2.785000000000000e-01 8.212023832549036e-06
-2.589999999999999e-01 8.247899874410546e-06
-2.394999999999999e-01 8.284111776278570e-06
-2.199999999999999e-01 8.320664673665841e-06
-2.004999999999999e-01 8.357563817713652e-06
-1.809999999999999e-01 8.394814578817348e-06
-1.615000000000001e-01 8.432422450403999e-06
-1.420000000000001e-01 8.470393052870489e-06
-1.225000000000000e-01 8.508732137690929e-06
-1.029999999999999e-01 8.547445591702785e-06
-8.349999999999999e-02 8.586539441581836e-06
-6.400000000000007e-02 8.626019858516839e-06
-4.449999999999989e-02 8.665893163095444e-06
-2.500000000000004e-02 8.706165830413909e-06
-5.499999999999857e-03 8.746844495423959e-06
1.400000000000017e-02 8.787935958531231e-06
3.349999999999984e-02 8.829447191460853e-06
5.299999999999994e-02 8.871385343406864e-06
7.250000000000016e-02 8.913757747483608e-06
9.200000000000018e-02 8.956571927498632e-06
1.114999999999999e-01 8.999835605068264e-06
1.310000000000002e-01 9.043556707098821e-06
1.505000000000001e-01 9.087743373658372e-06
1.700000000000000e-01 9.132403966266139e-06
1.895000000000001e-01 9.177547076629075e-06
2.090000000000000e-01 9.223181535857782e-06
2.285000000000000e-01 9.269316424196943e-06
2.480000000000000e-01 9.315961081308821e-06
2.675000000000001e-01 9.363125117152012e-06
2.869999999999999e-01 9.410818423501902e-06
3.065000000000000e-01 9.459051186163930e-06
3.260000000000000e-01 9.507833897936079e-06
3.454999999999999e-01 9.557177372383007e-06
3.650000000000002e-01 9.607092758490990e-06
3.844999999999998e-01 9.657591556280666e-06
4.040000000000002e-01 9.708685633463284e-06
4.234999999999999e-01 9.760387243236361e-06
4.429999999999998e-01 9.812709043326270e-06
4.625000000000000e-01 9.865664116398701e-06
4.819999999999999e-01 9.919265991973526e-06
5.014999999999999e-01 9.973528669998892e-06
5.209999999999999e-01 1.002846664626046e-05
5.404999999999998e-01 1.008409493982702e-05
5.600000000000001e-01 1.014042912276338e-05
5.794999999999999e-01 1.019748535237683e-05
5.990000000000000e-01 1.025528040630665e-05
6.185000000000000e-01 1.031383172082583e-05
6.379999999999999e-01 1.046637503275818e-05
6.575000000000000e-01 1.043327642545575e-05
6.769999999999998e-01 1.049420837970785e-05
6.965000000000001e-01 1.055597382990714e-05
7.160000000000000e-01 1.061859422651112e-05
7.354999999999998e-01 1.068209200597772e-05
7.549999999999999e-01 1.074649066949537e-05
7.745000000000000e-01 1.081181487211901e-05
7.940000000000000e-01 1.087809052449103e-05
8.134999999999999e-01 1.094534491039159e-05
8.329999999999997e-01 1.101360682173184e-05
8.525000000000000e-01 1.108290672262682e-05
8.719999999999999e-01 1.115327686799393e-05
8.915000000000000e-01 1.122475174941158e-05
9.110000000000000e-01 1.129736817305733e-05
9.304999999999999e-01 1.137116576166120e-05
9.500000000000000e-01 1.144618746273031e-05
9.504999999999999e-01 1.144812759970945e-05
9.510000000000000e-01 1.145006857296946e-05
9.514999999999999e-01 1.145201038334570e-05
9.520000000000000e-01 1.145395303167478e-05
9.524999999999999e-01 1.145589651879486e-05
9.530000000000000e-01 1.145784084554999e-05
9.534999999999999e-01 1.145978601278217e-05
9.540000000000000e-01 1.146173202133802e-05
9.544999999999999e-01 1.146367887227734e-05
9.550000000000000e-01 1.146562656603929e-05
9.554999999999999e-01 1.146757510367904e-05
9.560000000000000e-01 1.146952448605143e-05
9.564999999999999e-01 1.147147471401454e-05
9.570000000000000e-01 1.147342578843182e-05
9.574999999999999e-01 1.147537771015864e-05
9.580000000000000e-01 1.147733048007198e-05
9.584999999999999e-01 1.147928409903331e-05
9.590000000000000e-01 1.148123856791279e-05
9.594999999999999e-01 1.148319388758338e-05
9.600000000000000e-01 1.148515005892450e-05
9.604999999999999e-01 1.148710708281304e-05
9.610000000000000e-01 1.148906496013020e-05
9.614999999999999e-01 1.149102369121811e-05
9.620000000000000e-01 1.149298327804461e-05
9.624999999999999e-01 1.149494372095964e-05
9.630000000000000e-01 1.149690502085499e-05
9.634999999999999e-01 1.149886717917508e-05
9.640000000000000e-01 1.150083019572180e-05
9.644999999999999e-01 1.150279407194081e-05
9.650000000000000e-01 1.150475880874315e-05
9.654999999999999e-01 1.150672440702166e-05
9.660000000000000e-01 1.150869086770371e-05
9.664999999999999e-01 1.151065819167662e-05
9.670000000000000e-01 1.151262637987312e-05
9.674999999999999e-01 1.151459543320119e-05
9.680000000000000e-01 1.151656535261543e-05
9.684999999999999e-01 1.151853613899448e-05
9.690000000000000e-01 1.152050779328518e-05
9.694999999999999e-01 1.152248031642080e-05
9.700000000000000e-01 1.152445370933081e-05
9.704999999999999e-01 1.152642797295887e-05
9.710000000000000e-01 1.152840310823692e-05
9.714999999999999e-01 1.153037911612424e-05
9.720000000000000e-01 1.153235599770792e-05
9.724999999999999e-01 1.153433375365025e-05
9.730000000000000e-01 1.153631238504342e-05
9.734999999999999e-01 1.153829189284052e-05
9.740000000000000e-01 1.154027227804104e-05
9.744999999999999e-01 1.154225354157841e-05
9.750000000000000e-01 1.154423568442667e-05
9.754999999999999e-01 1.154621870756668e-05
9.760000000000000e-01 1.154820261197194e-05
9.764999999999999e-01 1.155018739863121e-05
9.770000000000000e-01 1.155217306853098e-05
9.774999999999999e-01 1.155415962266678e-05
9.780000000000000e-01 1.155614706203068e-05
9.784999999999999e-01 1.155813538762956e-05
9.790000000000000e-01 1.156012460052675e-05
9.794999999999999e-01 1.156211470156531e-05
9.800000000000000e-01 1.156410569193353e-05
9.804999999999999e-01 1.156609757259899e-05
9.810000000000000e-01 1.156809034459811e-05
9.814999999999999e-01 1.157008400896297e-05
9.820000000000000e-01 1.157207856346932e-05
9.824999999999999e-01 1.157407401567265e-05
9.830000000000000e-01 1.157607036332912e-05
9.834999999999999e-01 1.157806760765347e-05
9.840000000000000e-01 1.158006574961008e-05
9.844999999999999e-01 1.158206479037197e-05
9.850000000000000e-01 1.158406473100436e-05
9.854999999999999e-01 1.158606557271487e-05
9.860000000000000e-01 1.158806731642832e-05
9.864999999999999e-01 1.159006996338912e-05
9.870000000000000e-01 1.159207351476119e-05
9.874999999999999e-01 1.159407797171769e-05
9.880000000000000e-01 1.159608333547034e-05
9.884999999999999e-01 1.159808960724447e-05
9.890000000000000e-01 1.160009678830786e-05
9.894999999999999e-01 1.160210488012758e-05
9.900000000000000e-01 1.160411388337015e-05
9.904999999999999e-01 1.160612379976595e-05
9.910000000000000e-01 1.160813463070265e-05
9.914999999999999e-01 1.161014637762100e-05
9.920000000000000e-01 1.161215904202514e-05
9.924999999999999e-01 1.161417262551079e-05
9.930000000000000e-01 1.161618712982421e-05
9.934999999999999e-01 1.161820255695713e-05
9.940000000000000e-01 1.162021890927765e-05
9.944999999999999e-01 1.162223618970181e-05
9.950000000000000e-01 1.162425440192409e-05
9.954999999999999e-01 1.162627355074689e-05
9.960000000000000e-01 1.162829364258664e-05
9.964999999999999e-01 1.163031468631114e-05
9.970000000000000e-01 1.163233669473575e-05
9.974999999999999e-01 1.163435968754545e-05
9.980000000000000e-01 1.163638369767419e-05
9.984999999999999e-01 1.163840878751626e-05
9.990000000000000e-01 1.164043510094047e-05
9.994999999999999e-01 1.164246311615232e-05
