-1.000000000000000e+00 4.965588101181765e-01
-9.994965423831851e-01 4.965605204731842e-01
-9.979866764718843e-01 4.965656499142913e-01
-9.954719225730846e-01 4.965741935710081e-01
-9.919548128307953e-01 4.965861433300494e-01
-9.874388886763943e-01 4.966014878416312e-01
-9.819286972627066e-01 4.966202125282861e-01
-9.754297868854070e-01 4.966422995961989e-01
-9.679487013963562e-01 4.966677280490625e-01
-9.594929736144974e-01 4.966964737044535e-01
-9.500711177409453e-01 4.967285092127301e-01
-9.396926207859083e-01 4.967638040784526e-01
-9.283679330160726e-01 4.968023246843252e-01
-9.161084574320695e-01 4.968440343176607e-01
-9.029265382866211e-01 4.968888931993691e-01
-8.888354486549234e-01 4.969368585154675e-01
-8.738493770697849e-01 4.969878844511122e-01
-8.579834132349771e-01 4.970419222271522e-01
-8.412535328311810e-01 4.970989201391997e-01
-8.236765814298327e-01 4.971588235992192e-01
-8.052702575310586e-01 4.972215751796265e-01
-7.860530947427873e-01 4.972871146598991e-01
-7.660444431189779e-01 4.973553790756868e-01
-7.452644496757547e-01 4.974263027704208e-01
-7.237340381050702e-01 4.974998174494091e-01
-7.014748877063210e-01 4.975758522364119e-01
-6.785094115571321e-01 4.976543337326844e-01
-6.548607339452851e-01 4.977351860784726e-01
-6.305526670845222e-01 4.978183310169520e-01
-6.056096871376665e-01 4.979036879605854e-01
-5.800569095711980e-01 4.979911740598867e-01
-5.539200638661103e-01 4.980807042745670e-01
-5.272254676105025e-01 4.981721914470369e-01
-4.999999999999998e-01 4.982655463782421e-01
-4.722710747726826e-01 4.983606779057990e-01
-4.440666126057737e-01 4.984574929844016e-01
-4.154150130018863e-01 4.985558967684612e-01
-3.863451256931285e-01 4.986557926969393e-01
-3.568862215918718e-01 4.987570825803364e-01
-3.270679633174214e-01 4.988596666897851e-01
-2.969203753282748e-01 4.989634438482011e-01
-2.664738136900348e-01 4.990683115234393e-01
-2.357589355094272e-01 4.991741659233946e-01
-2.048066680651905e-01 4.992809020929938e-01
-1.736481776669303e-01 4.993884140130025e-01
-1.423148382732850e-01 4.994965947005877e-01
-1.108381999010110e-01 4.996053363115587e-01
-7.924995685678832e-02 4.997145302442063e-01
-4.758191582374206e-02 4.998240672446620e-01
-1.586596383480781e-02 4.999338375136911e-01
1.586596383480815e-02 5.000437308148216e-01
4.758191582374240e-02 5.001536365837252e-01
7.924995685678866e-02 5.002634440387412e-01
1.108381999010111e-01 5.003730422924425e-01
1.423148382732853e-01 5.004823204641364e-01
1.736481776669304e-01 5.005911677931874e-01
2.048066680651908e-01 5.006994737530431e-01
2.357589355094273e-01 5.008071281658436e-01
2.664738136900351e-01 5.009140213174904e-01
2.969203753282749e-01 5.010200440730436e-01
3.270679633174218e-01 5.011250879923215e-01
3.568862215918719e-01 5.012290454455495e-01
3.863451256931288e-01 5.013318097289394e-01
4.154150130018864e-01 5.014332751800605e-01
4.440666126057742e-01 5.015333372928072e-01
4.722710747726827e-01 5.016318928318887e-01
5.000000000000003e-01 5.017288399466279e-01
5.272254676105026e-01 5.018240782839829e-01
5.539200638661104e-01 5.019175091005169e-01
5.800569095711982e-01 5.020090353733216e-01
6.056096871376669e-01 5.020985619096009e-01
6.305526670845226e-01 5.021859954548312e-01
6.548607339452851e-01 5.022712447993120e-01
6.785094115571322e-01 5.023542208829415e-01
7.014748877063215e-01 5.024348368980892e-01
7.237340381050703e-01 5.025130083903482e-01
7.452644496757548e-01 5.025886533571470e-01
7.660444431189780e-01 5.026616923437860e-01
7.860530947427876e-01 5.027320485371158e-01
8.052702575310586e-01 5.027996478563603e-01
8.236765814298328e-01 5.028644190412431e-01
8.412535328311813e-01 5.029262937369681e-01
8.579834132349772e-01 5.029852065760734e-01
8.738493770697850e-01 5.030410952571636e-01
8.888354486549235e-01 5.030939006200320e-01
9.029265382866214e-01 5.031435667173029e-01
9.161084574320697e-01 5.031900408825506e-01
9.283679330160727e-01 5.032332737943714e-01
9.396926207859083e-01 5.032732195364849e-01
9.500711177409454e-01 5.033098356544595e-01
9.594929736144975e-01 5.033430832075516e-01
9.679487013963562e-01 5.033729268167378e-01
9.754297868854070e-01 5.033993347083727e-01
9.819286972627067e-01 5.034222787533904e-01
9.874388886763944e-01 5.034417345024537e-01
9.919548128307953e-01 5.034576812157997e-01
9.954719225730846e-01 5.034701018893085e-01
9.979866764718844e-01 5.034789832755606e-01
9.994965423831851e-01 5.034843159003144e-01
1.000000000000000e+00 5.034860940743024e-01
