-1.000000000000000e+00 4.937836988375220e-01
-9.994965423831851e-01 4.937867383756983e-01
-9.979866764718843e-01 4.937958543175131e-01
-9.954719225730846e-01 4.938110386461447e-01
-9.919548128307953e-01 4.938322780046245e-01
-9.874388886763943e-01 4.938595537024486e-01
-9.819286972627066e-01 4.938928417248509e-01
-9.754297868854070e-01 4.939321127447618e-01
-9.679487013963562e-01 4.939773321374699e-01
-9.594929736144974e-01 4.940284599980205e-01
-9.500711177409453e-01 4.940854511613853e-01
-9.396926207859083e-01 4.941482552254398e-01
-9.283679330160726e-01 4.942168165767953e-01
-9.161084574320695e-01 4.942910744195342e-01
-9.029265382866211e-01 4.943709628069003e-01
-8.888354486549234e-01 4.944564106760039e-01
-8.738493770697849e-01 4.945473418856023e-01
-8.579834132349771e-01 4.946436752570235e-01
-8.412535328311810e-01 4.947453246182991e-01
-8.236765814298327e-01 4.948521988515836e-01
-8.052702575310586e-01 4.949642019439321e-01
-7.860530947427873e-01 4.950812330418868e-01
-7.660444431189779e-01 4.952031865073701e-01
-7.452644496757547e-01 4.953299519827137e-01
-7.237340381050702e-01 4.954614144519979e-01
-7.014748877063210e-01 4.955974543117007e-01
-6.785094115571321e-01 4.957379474429915e-01
-6.548607339452851e-01 4.958827652883452e-01
-6.305526670845222e-01 4.960317749321916e-01
-6.056096871376665e-01 4.961848391856880e-01
-5.800569095711980e-01 4.963418166757002e-01
-5.539200638661103e-01 4.965025619380774e-01
-5.272254676105025e-01 4.966669255153016e-01
-4.999999999999998e-01 4.968347540585909e-01
-4.722710747726826e-01 4.970058904345340e-01
-4.440666126057737e-01 4.971801738363256e-01
-4.154150130018863e-01 4.973574398996716e-01
-3.863451256931285e-01 4.975375208234263e-01
-3.568862215918718e-01 4.977202454950146e-01
-3.270679633174214e-01 4.979054396206944e-01
-2.969203753282748e-01 4.980929258606943e-01
-2.664738136900348e-01 4.982825239692659e-01
-2.357589355094272e-01 4.984740509396739e-01
-2.048066680651905e-01 4.986673211541387e-01
-1.736481776669303e-01 4.988621465387391e-01
-1.423148382732850e-01 4.990583367232670e-01
-1.108381999010110e-01 4.992556992060201e-01
-7.924995685678832e-02 4.994540395234989e-01
-4.758191582374206e-02 4.996531614249689e-01
-1.586596383480781e-02 4.998528670518295e-01
1.586596383480815e-02 5.000529571217186e-01
4.758191582374240e-02 5.002532311172677e-01
7.924995685678866e-02 5.004534874794038e-01
1.108381999010111e-01 5.006535238050824e-01
1.423148382732853e-01 5.008531370493139e-01
1.736481776669304e-01 5.010521237313330e-01
2.048066680651908e-01 5.012502801447399e-01
2.357589355094273e-01 5.014474025714251e-01
2.664738136900351e-01 5.016432874990708e-01
2.969203753282749e-01 5.018377318420053e-01
3.270679633174218e-01 5.020305331651613e-01
3.568862215918719e-01 5.022214899108812e-01
3.863451256931288e-01 5.024104016282814e-01
4.154150130018864e-01 5.025970692048775e-01
4.440666126057742e-01 5.027812951001488e-01
4.722710747726827e-01 5.029628835807061e-01
5.000000000000003e-01 5.031416409567036e-01
5.272254676105026e-01 5.033173758191225e-01
5.539200638661104e-01 5.034898992775367e-01
5.800569095711982e-01 5.036590251979519e-01
6.056096871376669e-01 5.038245704402959e-01
6.305526670845226e-01 5.039863550951279e-01
6.548607339452851e-01 5.041442027191095e-01
6.785094115571322e-01 5.042979405687856e-01
7.014748877063215e-01 5.044473998321942e-01
7.237340381050703e-01 5.045924158578292e-01
7.452644496757548e-01 5.047328283804682e-01
7.660444431189780e-01 5.048684817433616e-01
7.860530947427876e-01 5.049992251163004e-01
8.052702575310586e-01 5.051249127090426e-01
8.236765814298328e-01 5.052454039796104e-01
8.412535328311813e-01 5.053605638369529e-01
8.579834132349772e-01 5.054702628374789e-01
8.738493770697850e-01 5.055743773749634e-01
8.888354486549235e-01 5.056727898633623e-01
9.029265382866214e-01 5.057653889120385e-01
9.161084574320697e-01 5.058520694929618e-01
9.283679330160727e-01 5.059327330994215e-01
9.396926207859083e-01 5.060072878958342e-01
9.500711177409454e-01 5.060756488582341e-01
9.594929736144975e-01 5.061377379050412e-01
9.679487013963562e-01 5.061934840177732e-01
9.754297868854070e-01 5.062428233513289e-01
9.819286972627067e-01 5.062856993335473e-01
9.874388886763944e-01 5.063220627537476e-01
9.919548128307953e-01 5.063518718399973e-01
9.954719225730846e-01 5.063750923248795e-01
9.979866764718844e-01 5.063916974995737e-01
9.994965423831851e-01 5.064016682560785e-01
1.000000000000000e+00 5.064049931174682e-01
