-1.000000000000000e+00 1.169058746173353e-05
-9.805000000000000e-01 1.176902662767019e-05
-9.610000000000000e-01 1.184442999802244e-05
-9.415000000000000e-01 1.192335928360478e-05
-9.219999999999999e-01 1.200379273524935e-05
-9.025000000000000e-01 1.208528066277402e-05
-8.830000000000000e-01 1.217383016076956e-05
-8.634999999999999e-01 1.225210949060057e-05
-8.440000000000000e-01 1.233754099211847e-05
-8.245000000000000e-01 1.242445728610239e-05
-8.050000000000000e-01 1.251304561389856e-05
-7.855000000000000e-01 1.260325294152096e-05
-7.660000000000000e-01 1.269364714890623e-05
-7.464999999999997e-01 1.278767392867946e-05
-7.270000000000000e-01 1.288222094928187e-05
-7.075000000000001e-01 1.297942243557652e-05
-6.879999999999998e-01 1.307765898852362e-05
-6.685000000000001e-01 1.317843830244251e-05
-6.490000000000000e-01 1.328048567046218e-05
-6.295000000000002e-01 1.338454413291847e-05
-6.100000000000001e-01 1.349061498002677e-05
-5.904999999999999e-01 1.359872886776391e-05
-5.709999999999998e-01 1.370884649808348e-05
-5.515000000000001e-01 1.382121480847516e-05
-5.320000000000001e-01 1.393602020750144e-05
-5.125000000000001e-01 1.405328695782422e-05
-4.930000000000001e-01 1.417281801440759e-05
-4.735000000000001e-01 1.429502737628822e-05
-4.540000000000000e-01 1.441968493316466e-05
-4.345000000000002e-01 1.454822456593341e-05
-4.150000000000000e-01 1.468004654205318e-05
-3.955000000000000e-01 1.481509110069828e-05
-3.759999999999999e-01 1.495285956267630e-05
-3.564999999999999e-01 1.509099407158231e-05
-3.370000000000000e-01 1.523252133702903e-05
-3.174999999999999e-01 1.537752826951026e-05
-2.979999999999999e-01 1.552604208239410e-05
-2.785000000000000e-01 1.567830673604187e-05
-2.589999999999999e-01 1.583427372345400e-05
-2.394999999999999e-01 1.599409666617814e-05
-2.199999999999999e-01 1.615802884532927e-05
-2.004999999999999e-01 1.632680365823958e-05
-1.809999999999999e-01 1.649926483720123e-05
-1.615000000000001e-01 1.667644766310050e-05
-1.420000000000001e-01 1.685831221738876e-05
-1.225000000000000e-01 1.704519925653563e-05
-1.029999999999999e-01 1.723771967406745e-05
-8.349999999999999e-02 1.743519848479825e-05
-6.400000000000007e-02 1.763835194771510e-05
-4.449999999999989e-02 1.784755835998937e-05
-2.500000000000004e-02 1.806299352503424e-05
-5.499999999999857e-03 1.828495021290362e-05
1.400000000000017e-02 1.851408320363082e-05
3.349999999999984e-02 1.875000405738089e-05
5.299999999999994e-02 1.899318801895339e-05
7.250000000000016e-02 1.924510032144317e-05
9.200000000000018e-02 1.950561450457493e-05
1.114999999999999e-01 1.977472357329709e-05
1.310000000000002e-01 2.005325088926909e-05
1.505000000000001e-01 2.034177523244569e-05
1.700000000000000e-01 2.064082152538659e-05
1.895000000000001e-01 2.095110208961189e-05
2.090000000000000e-01 2.127313557449124e-05
2.285000000000000e-01 2.160816618854725e-05
2.480000000000000e-01 2.195639774642614e-05
2.675000000000001e-01 2.231911689865037e-05
2.869999999999999e-01 2.269725999497429e-05
3.065000000000000e-01 2.309185793734305e-05
3.260000000000000e-01 2.350415006721444e-05
3.454999999999999e-01 2.393543037582443e-05
3.650000000000002e-01 2.438718828380759e-05
3.844999999999998e-01 2.486106649831051e-05
4.040000000000002e-01 2.535889466924102e-05
4.234999999999999e-01 2.588263299873652e-05
4.429999999999998e-01 2.643463644823873e-05
4.625000000000000e-01 2.701749809014234e-05
4.819999999999999e-01 2.763401501381986e-05
5.014999999999999e-01 2.828759984082275e-05
5.209999999999999e-01 2.898194073082626e-05
5.404999999999998e-01 2.972154005785117e-05
5.600000000000001e-01 3.051121517596338e-05
5.794999999999999e-01 3.135683737138531e-05
5.990000000000000e-01 3.226528761580214e-05
6.185000000000000e-01 3.324441067632727e-05
6.379999999999999e-01 3.430391430680067e-05
6.575000000000000e-01 3.545495209365227e-05
6.769999999999998e-01 3.671143637648326e-05
6.965000000000001e-01 3.809034245527925e-05
7.160000000000000e-01 3.961188021151241e-05
7.354999999999998e-01 4.130253339121269e-05
7.549999999999999e-01 4.319493210264949e-05
7.745000000000000e-01 4.533530975043082e-05
7.940000000000000e-01 4.777706961812080e-05
8.134999999999999e-01 5.059956832625638e-05
8.329999999999997e-01 5.391142667352262e-05
8.525000000000000e-01 5.787060287652225e-05
8.719999999999999e-01 6.271613911001765e-05
8.915000000000000e-01 6.883265382947528e-05
9.110000000000000e-01 7.688620418634456e-05
9.304999999999999e-01 8.816299118624402e-05
9.500000000000000e-01 1.055688240278461e-04
9.504999999999999e-01 1.061473587772952e-04
9.510000000000000e-01 1.067348036347574e-04
9.514999999999999e-01 1.073313126217827e-04
9.520000000000000e-01 1.079371962594427e-04
9.524999999999999e-01 1.085526764188998e-04
9.530000000000000e-01 1.091780076981811e-04
9.534999999999999e-01 1.098134547360903e-04
9.540000000000000e-01 1.104592920661550e-04
9.544999999999999e-01 1.111158045339937e-04
9.550000000000000e-01 1.117832893961892e-04
9.554999999999999e-01 1.124620522405478e-04
9.560000000000000e-01 1.131524150758799e-04
9.564999999999999e-01 1.138547092684155e-04
9.570000000000000e-01 1.145692823331288e-04
9.574999999999999e-01 1.152964952674618e-04
9.580000000000000e-01 1.160367200959386e-04
9.584999999999999e-01 1.167903518213875e-04
9.590000000000000e-01 1.175577974735179e-04
9.594999999999999e-01 1.183394819893678e-04
9.600000000000000e-01 1.191358494645014e-04
9.604999999999999e-01 1.199624673030549e-04
9.610000000000000e-01 1.207895918657642e-04
9.614999999999999e-01 1.216328528439641e-04
9.620000000000000e-01 1.224927798654584e-04
9.624999999999999e-01 1.233699275001965e-04
9.630000000000000e-01 1.242648767289972e-04
9.634999999999999e-01 1.251632888168738e-04
9.640000000000000e-01 1.260957254124652e-04
9.644999999999999e-01 1.270478800664421e-04
9.650000000000000e-01 1.280204502425860e-04
9.654999999999999e-01 1.290141867077609e-04
9.660000000000000e-01 1.300298541075011e-04
9.664999999999999e-01 1.310682710594700e-04
9.670000000000000e-01 1.321302974999806e-04
9.674999999999999e-01 1.332168088381506e-04
9.680000000000000e-01 1.343288205086900e-04
9.684999999999999e-01 1.354673145938950e-04
9.690000000000000e-01 1.366333469040339e-04
9.694999999999999e-01 1.378280697873583e-04
9.700000000000000e-01 1.390526026758730e-04
9.704999999999999e-01 1.403082787087730e-04
9.710000000000000e-01 1.415964102711214e-04
9.714999999999999e-01 1.429184174268809e-04
9.720000000000000e-01 1.442758062921575e-04
9.724999999999999e-01 1.456701798457786e-04
9.730000000000000e-01 1.471032431078272e-04
9.734999999999999e-01 1.485767835830424e-04
9.740000000000000e-01 1.500928350329416e-04
9.744999999999999e-01 1.516533764212825e-04
9.750000000000000e-01 1.532606565435816e-04
9.754999999999999e-01 1.549170498199563e-04
9.760000000000000e-01 1.566250143824953e-04
9.764999999999999e-01 1.583874615681998e-04
9.770000000000000e-01 1.602072488436797e-04
9.774999999999999e-01 1.620876384577040e-04
9.780000000000000e-01 1.640318624293852e-04
9.784999999999999e-01 1.660437184168875e-04
9.790000000000000e-01 1.681272100918707e-04
9.794999999999999e-01 1.702866814229312e-04
9.800000000000000e-01 1.725268554922922e-04
9.804999999999999e-01 1.748529114661767e-04
9.810000000000000e-01 1.772703595089503e-04
9.814999999999999e-01 1.797854490748360e-04
9.820000000000000e-01 1.824048796102546e-04
9.824999999999999e-01 1.851360572526425e-04
9.830000000000000e-01 1.879871500554901e-04
9.834999999999999e-01 1.909671678187260e-04
9.840000000000000e-01 1.940861213716016e-04
9.844999999999999e-01 1.973551330885121e-04
9.850000000000000e-01 2.007866126331303e-04
9.854999999999999e-01 2.043944535793560e-04
9.860000000000000e-01 2.081942848208890e-04
9.864999999999999e-01 2.122037107085944e-04
9.870000000000000e-01 2.164427132685798e-04
9.874999999999999e-01 2.209340557888279e-04
9.880000000000000e-01 2.257037484491495e-04
9.884999999999999e-01 2.307817533838956e-04
9.890000000000000e-01 2.362027335170968e-04
9.894999999999999e-01 2.420070683705966e-04
9.900000000000000e-01 2.482421159138035e-04
9.904999999999999e-01 2.549638494566795e-04
9.910000000000000e-01 2.622389457497577e-04
9.914999999999999e-01 2.701478358309270e-04
9.920000000000000e-01 2.787878332354667e-04
9.924999999999999e-01 2.882791495141266e-04
9.930000000000000e-01 2.987711785964256e-04
9.934999999999999e-01 3.104529210348739e-04
9.940000000000000e-01 3.235674563697980e-04
9.944999999999999e-01 3.384335856344299e-04
9.950000000000000e-01 3.554791499385644e-04
9.954999999999999e-01 3.752941948360709e-04
9.960000000000000e-01 3.987196755145107e-04
9.964999999999999e-01 4.270037653965927e-04
9.970000000000000e-01 4.620963429982093e-04
9.974999999999999e-01 5.072540931937578e-04
9.980000000000000e-01 5.684365222494745e-04
9.984999999999999e-01 6.580982101061102e-04
9.990000000000000e-01 8.085290754837506e-04
9.994999999999999e-01 1.148130750350058e-03
