-1.000000000000000e+00 2.140423092142686e-01
-9.994965423831851e-01 2.140656694282801e-01
-9.979866764718843e-01 2.141661169205442e-01
-9.954719225730846e-01 2.143372089023262e-01
-9.919548128307953e-01 2.145748271091050e-01
-9.874388886763943e-01 2.148776110372675e-01
-9.819286972627066e-01 2.152337067340100e-01
-9.754297868854070e-01 2.156831875247797e-01
-9.679487013963562e-01 2.161920326913937e-01
-9.594929736144974e-01 2.167506918416030e-01
-9.500711177409453e-01 2.174249010059016e-01
-9.396926207859083e-01 2.181428227607201e-01
-9.283679330160726e-01 2.189301193693597e-01
-9.161084574320695e-01 2.198030273154003e-01
-9.029265382866211e-01 2.207441528775546e-01
-8.888354486549234e-01 2.217650340085896e-01
-8.738493770697849e-01 2.228632625155993e-01
-8.579834132349771e-01 2.240422898227508e-01
-8.412535328311810e-01 2.252951190062807e-01
-8.236765814298327e-01 2.266017044706371e-01
-8.052702575310586e-01 2.280723990479499e-01
-7.860530947427873e-01 2.295878108587098e-01
-7.660444431189779e-01 2.311740729411596e-01
-7.452644496757547e-01 2.328888083729355e-01
-7.237340381050702e-01 2.346747278232097e-01
-7.014748877063210e-01 2.365804707106230e-01
-6.785094115571321e-01 2.385586714275104e-01
-6.548607339452851e-01 2.406671003563927e-01
-6.305526670845222e-01 2.428617692166438e-01
-6.056096871376665e-01 2.452062993780658e-01
-5.800569095711980e-01 2.476271283209657e-01
-5.539200638661103e-01 2.501838001892631e-01
-5.272254676105025e-01 2.531745081365201e-01
-4.999999999999998e-01 2.556776247502054e-01
-4.722710747726826e-01 2.586212640737860e-01
-4.440666126057737e-01 2.618899076958413e-01
-4.154150130018863e-01 2.649597962768366e-01
-3.863451256931285e-01 2.683555017995108e-01
-3.568862215918718e-01 2.719030659971240e-01
-3.270679633174214e-01 2.756531313694638e-01
-2.969203753282748e-01 2.795398195163638e-01
-2.664738136900348e-01 2.836298489800549e-01
-2.357589355094272e-01 2.879036270737552e-01
-2.048066680651905e-01 2.923872755524641e-01
-1.736481776669303e-01 2.971040970000006e-01
-1.423148382732850e-01 3.020588354842781e-01
-1.108381999010110e-01 3.072343070703766e-01
-7.924995685678832e-02 3.126839690423987e-01
-4.758191582374206e-02 3.183830535270725e-01
-1.586596383480781e-02 3.243835401560069e-01
1.586596383480815e-02 3.306808687713377e-01
4.758191582374240e-02 3.372979713612355e-01
7.924995685678866e-02 3.442692209742695e-01
1.108381999010111e-01 3.516080763178556e-01
1.423148382732853e-01 3.593377025192127e-01
1.736481776669304e-01 3.674394017830185e-01
2.048066680651908e-01 3.760638476567824e-01
2.357589355094273e-01 3.851678543767783e-01
2.664738136900351e-01 3.947394227979513e-01
2.969203753282749e-01 4.048513537304255e-01
3.270679633174218e-01 4.156105934710633e-01
3.568862215918719e-01 4.270231185183840e-01
3.863451256931288e-01 4.391066239396539e-01
4.154150130018864e-01 4.519596510899105e-01
4.440666126057742e-01 4.656373697225099e-01
4.722710747726827e-01 4.802141714879039e-01
5.000000000000003e-01 4.957663131637240e-01
5.272254676105026e-01 5.124004199799058e-01
5.539200638661104e-01 5.302014462834032e-01
5.800569095711982e-01 5.492797581472361e-01
6.056096871376669e-01 5.698710338603650e-01
6.305526670845226e-01 5.920191026825786e-01
6.548607339452851e-01 6.159174767669646e-01
6.785094115571322e-01 6.418127813179481e-01
7.014748877063215e-01 6.699338079949030e-01
7.237340381050703e-01 7.005298294543970e-01
7.452644496757548e-01 7.339660605198565e-01
7.660444431189780e-01 7.705702086901441e-01
7.860530947427876e-01 8.109315262744268e-01
8.052702575310586e-01 8.554925935268421e-01
8.236765814298328e-01 9.049564185185274e-01
8.412535328311813e-01 9.601610955238389e-01
8.579834132349772e-01 1.022095997335724e+00
8.738493770697850e-01 1.092057945911311e+00
8.888354486549235e-01 1.171636133020092e+00
9.029265382866214e-01 1.262919754464431e+00
9.161084574320697e-01 1.368603695964143e+00
9.283679330160727e-01 1.492295580770305e+00
9.396926207859083e-01 1.638938077832026e+00
9.500711177409454e-01 1.815402528742460e+00
9.594929736144975e-01 2.031656001864634e+00
9.679487013963562e-01 2.302614774965186e+00
9.754297868854070e-01 2.651847007926492e+00
9.819286972627067e-01 3.118368946698492e+00
9.874388886763944e-01 3.772646700026035e+00
9.919548128307953e-01 4.755567928611587e+00
9.954719225730846e-01 6.395777000407651e+00
9.979866764718844e-01 9.679351666663399e+00
9.994965423831851e-01 1.953657080135814e+01
1.000000000000000e+00 1.597032678056489e+01
