-1.000000000000000e+00 1.931911247527004e-01
-9.994965423831851e-01 1.932247218398436e-01
-9.979866764718843e-01 1.933261099636248e-01
-9.954719225730846e-01 1.934948237103407e-01
-9.919548128307953e-01 1.937316443632532e-01
-9.874388886763943e-01 1.940384055664540e-01
-9.819286972627066e-01 1.944091662300269e-01
-9.754297868854070e-01 1.948518080389839e-01
-9.679487013963562e-01 1.953643778580155e-01
-9.594929736144974e-01 1.995410572697526e-01
-9.500711177409453e-01 1.966009870885981e-01
-9.396926207859083e-01 1.973274468876600e-01
-9.283679330160726e-01 1.981285595547887e-01
-9.161084574320695e-01 1.990017403814028e-01
-9.029265382866211e-01 1.999519684800075e-01
-8.888354486549234e-01 2.045556652390521e-01
-8.738493770697849e-01 2.038094068466602e-01
-8.579834132349771e-01 2.032732064307790e-01
-8.412535328311810e-01 2.045426293070438e-01
-8.236765814298327e-01 2.058964749345714e-01
-8.052702575310586e-01 2.073368081056828e-01
-7.860530947427873e-01 2.088660221496328e-01
-7.660444431189779e-01 2.104863887133018e-01
-7.452644496757547e-01 2.157475815519813e-01
-7.237340381050702e-01 2.140119807390795e-01
-7.014748877063210e-01 2.194627954778124e-01
-6.785094115571321e-01 2.277285813610519e-01
-6.548607339452851e-01 2.299792512631256e-01
-6.305526670845222e-01 2.222945807040615e-01
-6.056096871376665e-01 2.246382040865892e-01
-5.800569095711980e-01 2.271028553080030e-01
-5.539200638661103e-01 2.296894204126203e-01
-5.272254676105025e-01 2.324092298103521e-01
-4.999999999999998e-01 2.387655235342320e-01
-4.722710747726826e-01 2.417503982645334e-01
-4.440666126057737e-01 2.507880689976447e-01
-4.154150130018863e-01 2.496783153994889e-01
-3.863451256931285e-01 2.531318016999182e-01
-3.568862215918718e-01 2.565307946214393e-01
-3.270679633174214e-01 2.592869109950637e-01
-2.969203753282748e-01 2.626225180463589e-01
-2.664738136900348e-01 2.663132702211157e-01
-2.357589355094272e-01 2.730478897737142e-01
-2.048066680651905e-01 2.776243823693827e-01
-1.736481776669303e-01 2.824243433919610e-01
-1.423148382732850e-01 2.874564531774819e-01
-1.108381999010110e-01 2.910308473126398e-01
-7.924995685678832e-02 2.982718197250027e-01
-4.758191582374206e-02 3.041056791727453e-01
-1.586596383480781e-02 3.091812816032315e-01
1.586596383480815e-02 3.148748495463096e-01
4.758191582374240e-02 3.216165180362313e-01
7.924995685678866e-02 3.304963125860212e-01
1.108381999010111e-01 3.361785674831110e-01
1.423148382732853e-01 3.458373515604642e-01
1.736481776669304e-01 3.592277310916869e-01
2.048066680651908e-01 3.610992070500364e-01
2.357589355094273e-01 3.712741482531292e-01
2.664738136900351e-01 3.797389545748097e-01
2.969203753282749e-01 3.904587309342337e-01
3.270679633174218e-01 4.014525535845413e-01
3.568862215918719e-01 4.137855021696245e-01
3.863451256931288e-01 4.260120448011823e-01
4.154150130018864e-01 4.373994261440874e-01
4.440666126057742e-01 4.530721079080762e-01
4.722710747726827e-01 4.627854193309752e-01
5.000000000000003e-01 4.786462784426568e-01
5.272254676105026e-01 4.955999681474881e-01
5.539200638661104e-01 5.137489629297389e-01
5.800569095711982e-01 5.332117088285840e-01
6.056096871376669e-01 5.541261661265522e-01
6.305526670845226e-01 5.774586277126138e-01
6.548607339452851e-01 6.018464450944750e-01
6.785094115571322e-01 6.290813326576360e-01
7.014748877063215e-01 6.607132551189169e-01
7.237340381050703e-01 6.919307134502144e-01
7.452644496757548e-01 7.200402233186601e-01
7.660444431189780e-01 7.597067833173753e-01
7.860530947427876e-01 8.008981218661222e-01
8.052702575310586e-01 8.464237426435663e-01
8.236765814298328e-01 8.951830634017409e-01
8.412535328311813e-01 9.515862257630785e-01
8.579834132349772e-01 1.014956568532535e+00
8.738493770697850e-01 1.086734830545481e+00
8.888354486549235e-01 1.172180439258968e+00
9.029265382866214e-01 1.263339843109680e+00
9.161084574320697e-01 1.371034865046223e+00
9.283679330160727e-01 1.501132723051575e+00
9.396926207859083e-01 1.650526745900980e+00
9.500711177409454e-01 1.830308562688339e+00
9.594929736144975e-01 2.050611096119960e+00
9.679487013963562e-01 2.320835497861319e+00
9.754297868854070e-01 2.682332303665108e+00
9.819286972627067e-01 3.157502558176578e+00
9.874388886763944e-01 3.822604320041723e+00
9.919548128307953e-01 4.824930477453424e+00
9.954719225730846e-01 6.495346626075976e+00
9.979866764718844e-01 9.838536422289904e+00
9.994965423831851e-01 1.987749171359649e+01
1.000000000000000e+00 1.298297175590487e+02
