-1.000000000000000e+00 1.994048441702706e-01
-9.994965423831851e-01 1.993221444110322e-01
-9.979866764718843e-01 1.991789215400411e-01
-9.954719225730846e-01 1.987148154652980e-01
-9.919548128307953e-01 1.865031885580017e-01
-9.874388886763943e-01 1.882667141226895e-01
-9.819286972627066e-01 1.969811919751208e-01
-9.754297868854070e-01 1.962903185949293e-01
-9.679487013963562e-01 1.955791086279434e-01
-9.594929736144974e-01 1.955341377821031e-01
-9.500711177409453e-01 1.956739218502231e-01
-9.396926207859083e-01 1.806820867416008e-01
-9.283679330160726e-01 1.757290637949331e-01
-9.161084574320695e-01 1.762069670833402e-01
-9.029265382866211e-01 1.565744084921057e-01
-8.888354486549234e-01 1.568176988116697e-01
-8.738493770697849e-01 1.571516766476012e-01
-8.579834132349771e-01 1.381886577002189e-01
-8.412535328311810e-01 1.261281742805725e-01
-8.236765814298327e-01 1.593483129235987e-01
-8.052702575310586e-01 1.394520434761554e-01
-7.860530947427873e-01 1.584218599464239e-01
-7.660444431189779e-01 1.593490122642823e-01
-7.452644496757547e-01 2.108830649623974e-01
-7.237340381050702e-01 8.681678315091382e-02
-7.014748877063210e-01 1.700734339020678e-01
-6.785094115571321e-01 1.715888960018386e-01
-6.548607339452851e-01 1.368728032133233e-01
-6.305526670845222e-01 1.355413712255114e-01
-6.056096871376665e-01 2.253799499593035e-01
-5.800569095711980e-01 2.408803546787310e-01
-5.539200638661103e-01 2.369574238608652e-01
-5.272254676105025e-01 2.697561587647420e-01
-4.999999999999998e-01 2.002949839780692e-01
-4.722710747726826e-01 1.959158014001461e-01
-4.440666126057737e-01 1.679627255615470e-01
-4.154150130018863e-01 1.915932230254189e-01
-3.863451256931285e-01 2.385035944911778e-01
-3.568862215918718e-01 2.725934788213547e-01
-3.270679633174214e-01 3.215995655603706e-01
-2.969203753282748e-01 2.751546294862900e-01
-2.664738136900348e-01 2.751819112408168e-01
-2.357589355094272e-01 2.814049319266557e-01
-2.048066680651905e-01 3.084534202098317e-01
-1.736481776669303e-01 2.722083698681753e-01
-1.423148382732850e-01 3.202366148979980e-01
-1.108381999010110e-01 2.657049064091266e-01
-7.924995685678832e-02 2.520823080019522e-01
-4.758191582374206e-02 2.866993904951928e-01
-1.586596383480781e-02 3.087414737883589e-01
1.586596383480815e-02 3.916689953613663e-01
4.758191582374240e-02 3.150687112936708e-01
7.924995685678866e-02 3.275463575424031e-01
1.108381999010111e-01 3.421465950579328e-01
1.423148382732853e-01 3.475682803518886e-01
1.736481776669304e-01 3.215255872112599e-01
2.048066680651908e-01 3.956758883747877e-01
2.357589355094273e-01 3.849949102924518e-01
2.664738136900351e-01 3.450371699853833e-01
2.969203753282749e-01 4.111679975424747e-01
3.270679633174218e-01 4.151079605975539e-01
3.568862215918719e-01 4.568771278470485e-01
3.863451256931288e-01 4.658995301868224e-01
4.154150130018864e-01 4.924854649686165e-01
4.440666126057742e-01 4.762048875120293e-01
4.722710747726827e-01 5.067328531379461e-01
5.000000000000003e-01 5.120440521455402e-01
5.272254676105026e-01 5.110899508460578e-01
5.539200638661104e-01 5.574685493765472e-01
5.800569095711982e-01 5.742311588070355e-01
6.056096871376669e-01 6.172514776854450e-01
6.305526670845226e-01 6.407606764684043e-01
6.548607339452851e-01 6.623712590762239e-01
6.785094115571322e-01 6.913044937744737e-01
7.014748877063215e-01 7.219541825026257e-01
7.237340381050703e-01 7.659261037907804e-01
7.452644496757548e-01 7.758879677431874e-01
7.660444431189780e-01 7.493346905818838e-01
7.860530947427876e-01 8.727645307479256e-01
8.052702575310586e-01 9.149459619491618e-01
8.236765814298328e-01 9.682213380301775e-01
8.412535328311813e-01 9.628444985633466e-01
8.579834132349772e-01 1.095175201777457e+00
8.738493770697850e-01 1.177667868502304e+00
8.888354486549235e-01 1.258187121850754e+00
9.029265382866214e-01 1.359264491891746e+00
9.161084574320697e-01 1.456944716833337e+00
9.283679330160727e-01 1.568402894737046e+00
9.396926207859083e-01 1.755768807664040e+00
9.500711177409454e-01 1.944419103578272e+00
9.594929736144975e-01 2.200214147033408e+00
9.679487013963562e-01 2.501224801601488e+00
9.754297868854070e-01 2.889692099418022e+00
9.819286972627067e-01 3.401945353875789e+00
9.874388886763944e-01 4.139112897756552e+00
9.919548128307953e-01 5.233802114235860e+00
9.954719225730846e-01 7.060821155983696e+00
9.979866764718844e-01 1.069885647210561e+01
9.994965423831851e-01 2.171032003360644e+01
1.000000000000000e+00 1.053900723744880e+01
