-1.000000000000000e+00 2.914644275054985e-03
-9.805000000000000e-01 2.927948875911639e-03
-9.610000000000000e-01 2.941437985651010e-03
-9.415000000000000e-01 2.955115636668793e-03
-9.219999999999999e-01 2.968987690003511e-03
-9.025000000000000e-01 2.983057084296928e-03
-8.830000000000000e-01 2.997330586295880e-03
-8.634999999999999e-01 3.011811560142142e-03
-8.440000000000000e-01 3.026505957208242e-03
-8.245000000000000e-01 3.041419236395982e-03
-8.050000000000000e-01 3.056557105455809e-03
-7.855000000000000e-01 3.071925308487801e-03
-7.660000000000000e-01 3.087529999304249e-03
-7.464999999999997e-01 3.103377464791023e-03
-7.270000000000000e-01 3.119474268184973e-03
-7.075000000000001e-01 3.135827197462268e-03
-6.879999999999998e-01 3.152443363827361e-03
-6.685000000000001e-01 3.169330049199760e-03
-6.490000000000000e-01 3.186494880953746e-03
-6.295000000000002e-01 3.203945511468172e-03
-6.100000000000001e-01 3.221691561890284e-03
-5.904999999999999e-01 3.239740122020370e-03
-5.709999999999998e-01 3.258100812858812e-03
-5.515000000000001e-01 3.276782838686777e-03
-5.320000000000001e-01 3.295796146479786e-03
-5.125000000000001e-01 3.315150882307004e-03
-4.930000000000001e-01 3.334857716099788e-03
-4.735000000000001e-01 3.354927794922249e-03
-4.540000000000000e-01 3.375372556330555e-03
-4.345000000000002e-01 3.396204662738251e-03
-4.150000000000000e-01 3.417436576548801e-03
-3.955000000000000e-01 3.439081569068706e-03
-3.759999999999999e-01 3.461153906025367e-03
-3.564999999999999e-01 3.483668158964873e-03
-3.370000000000000e-01 3.506639638623380e-03
-3.174999999999999e-01 3.530084698427306e-03
-2.979999999999999e-01 3.554020272207291e-03
-2.785000000000000e-01 3.578464340505245e-03
-2.589999999999999e-01 3.603435646502888e-03
-2.394999999999999e-01 3.628954161004040e-03
-2.199999999999999e-01 3.655040790288009e-03
-2.004999999999999e-01 3.681717640796474e-03
-1.809999999999999e-01 3.709007960302781e-03
-1.615000000000001e-01 3.736936634433790e-03
-1.420000000000001e-01 3.765529536370688e-03
-1.225000000000000e-01 3.794814279866271e-03
-1.029999999999999e-01 3.824820577438356e-03
-8.349999999999999e-02 3.855579144624436e-03
-6.400000000000007e-02 3.887123078811366e-03
-4.449999999999989e-02 3.919487596280209e-03
-2.500000000000004e-02 3.952710074522055e-03
-5.499999999999857e-03 3.986830430091830e-03
1.400000000000017e-02 4.021891320102797e-03
3.349999999999984e-02 4.057938106713041e-03
5.299999999999994e-02 4.095019672758647e-03
7.250000000000016e-02 4.133187808444228e-03
9.200000000000018e-02 4.172499404737160e-03
1.114999999999999e-01 4.213013073563162e-03
1.310000000000002e-01 4.254794868661198e-03
1.505000000000001e-01 4.297914475382350e-03
1.700000000000000e-01 4.342447016468993e-03
1.895000000000001e-01 4.388474236249182e-03
2.090000000000000e-01 4.436084593671812e-03
2.285000000000000e-01 4.485374809378663e-03
2.480000000000000e-01 4.536448290800710e-03
2.675000000000001e-01 4.589419731201020e-03
2.869999999999999e-01 4.644413585685673e-03
3.065000000000000e-01 4.701567135396164e-03
3.260000000000000e-01 4.761029937869978e-03
3.454999999999999e-01 4.822967608546030e-03
3.650000000000002e-01 4.887562781727280e-03
3.844999999999998e-01 4.955017982828983e-03
4.040000000000002e-01 5.025558124538432e-03
4.234999999999999e-01 5.099434474247716e-03
4.429999999999998e-01 5.176928145054724e-03
4.625000000000000e-01 5.258353689006479e-03
4.819999999999999e-01 5.344068490705357e-03
5.014999999999999e-01 5.434475955394534e-03
5.209999999999999e-01 5.530035798414516e-03
5.404999999999998e-01 5.631274409553745e-03
5.600000000000001e-01 5.738797577041246e-03
5.794999999999999e-01 5.853306816083472e-03
5.990000000000000e-01 5.975620145999874e-03
6.185000000000000e-01 6.106697574985448e-03
6.379999999999999e-01 6.247675867294037e-03
6.575000000000000e-01 6.399911843301431e-03
6.769999999999998e-01 6.565041275354390e-03
6.965000000000001e-01 6.745057467048377e-03
7.160000000000000e-01 6.942419401376273e-03
7.354999999999998e-01 7.160201920621931e-03
7.549999999999999e-01 7.402311122673411e-03
7.745000000000000e-01 7.673799568731553e-03
7.940000000000000e-01 7.981337007883980e-03
8.134999999999999e-01 8.333957288358011e-03
8.329999999999997e-01 8.744250942546515e-03
8.525000000000000e-01 9.230412784612589e-03
8.719999999999999e-01 9.819936045245449e-03
8.915000000000000e-01 1.055680791679206e-02
9.110000000000000e-01 1.151696256588778e-02
9.304999999999999e-01 1.284620475594883e-02
9.500000000000000e-01 1.487346626720046e-02
9.504999999999999e-01 1.494044223288684e-02
9.510000000000000e-01 1.500842374374813e-02
9.514999999999999e-01 1.507743648592473e-02
9.520000000000000e-01 1.514750711581628e-02
9.524999999999999e-01 1.521866328131480e-02
9.530000000000000e-01 1.529093359925537e-02
9.534999999999999e-01 1.536434695292149e-02
9.540000000000000e-01 1.543893672748279e-02
9.544999999999999e-01 1.551473239889426e-02
9.550000000000000e-01 1.559176760144612e-02
9.554999999999999e-01 1.567007840404105e-02
9.560000000000000e-01 1.574969921437622e-02
9.564999999999999e-01 1.583066790951541e-02
9.570000000000000e-01 1.591302339988882e-02
9.574999999999999e-01 1.599680579254797e-02
9.580000000000000e-01 1.608205828554589e-02
9.584999999999999e-01 1.616882377918485e-02
9.590000000000000e-01 1.625714838011961e-02
9.594999999999999e-01 1.634707980255344e-02
9.600000000000000e-01 1.643866669070212e-02
9.604999999999999e-01 1.653196494132408e-02
9.610000000000000e-01 1.662702493433011e-02
9.614999999999999e-01 1.672390482388198e-02
9.620000000000000e-01 1.682266479643535e-02
9.624999999999999e-01 1.692336572765414e-02
9.630000000000000e-01 1.702607331171166e-02
9.634999999999999e-01 1.713085571020986e-02
9.640000000000000e-01 1.723778446016996e-02
9.644999999999999e-01 1.734475623542677e-02
9.650000000000000e-01 1.745757760696666e-02
9.654999999999999e-01 1.757221769683734e-02
9.660000000000000e-01 1.768852042897931e-02
9.664999999999999e-01 1.780738391384689e-02
9.670000000000000e-01 1.792890538094572e-02
9.674999999999999e-01 1.805318623676993e-02
9.680000000000000e-01 1.818033241874946e-02
9.684999999999999e-01 1.831045693325318e-02
9.690000000000000e-01 1.844368056038679e-02
9.694999999999999e-01 1.858012745419284e-02
9.700000000000000e-01 1.871993184660148e-02
9.704999999999999e-01 1.886323469344724e-02
9.710000000000000e-01 1.901018561290599e-02
9.714999999999999e-01 1.916094133063500e-02
9.720000000000000e-01 1.931567680706440e-02
9.724999999999999e-01 1.947456504670089e-02
9.730000000000000e-01 1.963779899917806e-02
9.734999999999999e-01 1.980558211528549e-02
9.740000000000000e-01 1.997813135458535e-02
9.744999999999999e-01 2.015567612580837e-02
9.750000000000000e-01 2.033847155744320e-02
9.754999999999999e-01 2.052677596940983e-02
9.760000000000000e-01 2.072087605226909e-02
9.764999999999999e-01 2.092107734724715e-02
9.770000000000000e-01 2.112771245396500e-02
9.774999999999999e-01 2.134113112879524e-02
9.780000000000000e-01 2.156171738739131e-02
9.784999999999999e-01 2.178988524714000e-02
9.790000000000000e-01 2.202608001325676e-02
9.794999999999999e-01 2.227078916953379e-02
9.800000000000000e-01 2.252453956523979e-02
9.804999999999999e-01 2.278790542576405e-02
9.810000000000000e-01 2.306151471972041e-02
9.814999999999999e-01 2.334605221815483e-02
9.820000000000000e-01 2.413186172750888e-02
9.824999999999999e-01 2.436136867033400e-02
9.830000000000000e-01 2.462808238075072e-02
9.834999999999999e-01 2.492265241517902e-02
9.840000000000000e-01 2.523637349546502e-02
9.844999999999999e-01 2.557560873259460e-02
9.850000000000000e-01 2.593312183674252e-02
9.854999999999999e-01 2.631456377575705e-02
9.860000000000000e-01 2.671783482003744e-02
9.864999999999999e-01 2.714791640960059e-02
9.870000000000000e-01 2.760595890281980e-02
9.874999999999999e-01 2.809142565867261e-02
9.880000000000000e-01 2.860896500733669e-02
9.884999999999999e-01 2.916063209005538e-02
9.890000000000000e-01 2.975402562558076e-02
9.894999999999999e-01 3.038691353158100e-02
9.900000000000000e-01 3.106968000273279e-02
9.904999999999999e-01 3.180806904465253e-02
9.910000000000000e-01 3.260838226373697e-02
9.914999999999999e-01 3.347769157724836e-02
9.920000000000000e-01 3.442944614880059e-02
9.924999999999999e-01 3.547525425003246e-02
9.930000000000000e-01 3.663356216630015e-02
9.934999999999999e-01 3.792487580687921e-02
9.940000000000000e-01 3.937492180574804e-02
9.944999999999999e-01 4.101975031106576e-02
9.950000000000000e-01 4.290701891730345e-02
9.954999999999999e-01 4.510139731742728e-02
9.960000000000000e-01 4.769870820501869e-02
9.964999999999999e-01 5.083494092811053e-02
9.970000000000000e-01 5.472815831893370e-02
9.974999999999999e-01 5.974102067119570e-02
9.980000000000000e-01 6.653396864988789e-02
9.984999999999999e-01 7.649268074920615e-02
9.990000000000000e-01 9.320481024940142e-02
9.994999999999999e-01 1.309411500645054e-01
