-1.000000000000000e+00 2.967806657257194e-04
-9.805000000000000e-01 2.984909595122519e-04
-9.610000000000000e-01 3.001969426486383e-04
-9.415000000000000e-01 3.019250910487278e-04
-9.219999999999999e-01 3.036965083922836e-04
-9.025000000000000e-01 3.055169212956039e-04
-8.830000000000000e-01 3.073440121400298e-04
-8.634999999999999e-01 3.092003492033335e-04
-8.440000000000000e-01 3.110914634144667e-04
-8.245000000000000e-01 3.130087728047991e-04
-8.050000000000000e-01 3.149414709706256e-04
-7.855000000000000e-01 3.169482451968911e-04
-7.660000000000000e-01 3.189694275869478e-04
-7.464999999999997e-01 3.210238175780634e-04
-7.270000000000000e-01 3.230886770496501e-04
-7.075000000000001e-01 3.252435947744868e-04
-6.879999999999998e-01 3.273839296554217e-04
-6.685000000000001e-01 3.295887938919212e-04
-6.490000000000000e-01 3.318374452575713e-04
-6.295000000000002e-01 3.341241817990714e-04
-6.100000000000001e-01 3.364532428996623e-04
-5.904999999999999e-01 3.388287358088509e-04
-5.709999999999998e-01 3.412774755935056e-04
-5.515000000000001e-01 3.437168573395095e-04
-5.320000000000001e-01 3.462647058378673e-04
-5.125000000000001e-01 3.487996716523677e-04
-4.930000000000001e-01 3.514178222623659e-04
-4.735000000000001e-01 3.540886753861391e-04
-4.540000000000000e-01 3.568142185932275e-04
-4.345000000000002e-01 3.596309996712178e-04
-4.150000000000000e-01 3.624717844569720e-04
-3.955000000000000e-01 3.653408607604704e-04
-3.759999999999999e-01 3.683065029181711e-04
-3.564999999999999e-01 3.713701361777286e-04
-3.370000000000000e-01 3.744678228354769e-04
-3.174999999999999e-01 3.776008946710668e-04
-2.979999999999999e-01 3.808377601514222e-04
-2.785000000000000e-01 3.841505477653004e-04
-2.589999999999999e-01 3.875823379804701e-04
-2.394999999999999e-01 3.910504420724261e-04
-2.199999999999999e-01 3.946018196728286e-04
-2.004999999999999e-01 3.982049786613058e-04
-1.809999999999999e-01 4.019339370835325e-04
-1.615000000000001e-01 4.057951491023368e-04
-1.420000000000001e-01 4.096754675649540e-04
-1.225000000000000e-01 4.137318778537916e-04
-1.029999999999999e-01 4.178212113432726e-04
-8.349999999999999e-02 4.220601486280113e-04
-6.400000000000007e-02 4.263926874261436e-04
-4.449999999999989e-02 4.308804976042452e-04
-2.500000000000004e-02 4.355172074549468e-04
-5.499999999999857e-03 4.402500673637327e-04
1.400000000000017e-02 4.450929830946817e-04
3.349999999999984e-02 4.500884778894575e-04
5.299999999999994e-02 4.552944354591447e-04
7.250000000000016e-02 4.605841665438492e-04
9.200000000000018e-02 4.661213279993507e-04
1.114999999999999e-01 4.717992927265472e-04
1.310000000000002e-01 4.776313721921042e-04
1.505000000000001e-01 4.837036307760781e-04
1.700000000000000e-01 4.899875778185043e-04
1.895000000000001e-01 4.965378282055799e-04
2.090000000000000e-01 5.032588662814933e-04
2.285000000000000e-01 5.102740650775766e-04
2.480000000000000e-01 5.175604219762043e-04
2.675000000000001e-01 5.251455468701336e-04
2.869999999999999e-01 5.330756703773765e-04
3.065000000000000e-01 5.412824590918967e-04
3.260000000000000e-01 5.498858340610822e-04
3.454999999999999e-01 5.589126295225343e-04
3.650000000000002e-01 5.682956847836722e-04
3.844999999999998e-01 5.781747302083858e-04
4.040000000000002e-01 5.884950954686246e-04
4.234999999999999e-01 5.994475461290380e-04
4.429999999999998e-01 6.109676668439464e-04
4.625000000000000e-01 6.230696396256038e-04
4.819999999999999e-01 6.359019082288455e-04
5.014999999999999e-01 6.495027525186251e-04
5.209999999999999e-01 6.639875079866929e-04
5.404999999999998e-01 6.793515151343854e-04
5.600000000000001e-01 6.957909818016290e-04
5.794999999999999e-01 7.133979055688527e-04
5.990000000000000e-01 7.323375022238954e-04
6.185000000000000e-01 7.527300164139325e-04
6.379999999999999e-01 7.747705541818338e-04
6.575000000000000e-01 7.987526920889019e-04
6.769999999999998e-01 8.249338963512311e-04
6.965000000000001e-01 8.536998690559774e-04
7.160000000000000e-01 8.854313463468447e-04
7.354999999999998e-01 9.206703195564073e-04
7.549999999999999e-01 9.601728587200269e-04
7.745000000000000e-01 1.004832362692411e-03
7.940000000000000e-01 1.055791625806061e-03
8.134999999999999e-01 1.114755109243432e-03
8.329999999999997e-01 1.183922495702844e-03
8.525000000000000e-01 1.266664467425148e-03
8.719999999999999e-01 1.367967766945191e-03
8.915000000000000e-01 1.495888935426359e-03
9.110000000000000e-01 1.664389374400816e-03
9.304999999999999e-01 1.900382099605739e-03
9.500000000000000e-01 2.264873961656373e-03
9.504999999999999e-01 2.276989184619749e-03
9.510000000000000e-01 2.289272817581242e-03
9.514999999999999e-01 2.301785265011838e-03
9.520000000000000e-01 2.314455263873800e-03
9.524999999999999e-01 2.327345825644355e-03
9.530000000000000e-01 2.340443394390537e-03
9.534999999999999e-01 2.353752685945073e-03
9.540000000000000e-01 2.367277853736178e-03
9.544999999999999e-01 2.381049456962076e-03
9.550000000000000e-01 2.395029778277294e-03
9.554999999999999e-01 2.409226229768263e-03
9.560000000000000e-01 2.423686028805233e-03
9.564999999999999e-01 2.438396059057198e-03
9.570000000000000e-01 2.453363412408044e-03
9.574999999999999e-01 2.468596467280987e-03
9.580000000000000e-01 2.484101315383075e-03
9.584999999999999e-01 2.499906926601365e-03
9.590000000000000e-01 2.515957545229525e-03
9.594999999999999e-01 2.532355452346564e-03
9.600000000000000e-01 2.549017960081835e-03
9.604999999999999e-01 2.566022530403760e-03
9.610000000000000e-01 2.583345396915032e-03
9.614999999999999e-01 2.601008085676672e-03
9.620000000000000e-01 2.619034747150174e-03
9.624999999999999e-01 2.637398207368952e-03
9.630000000000000e-01 2.656146732841767e-03
9.634999999999999e-01 2.675282183681089e-03
9.640000000000000e-01 2.694833980937459e-03
9.644999999999999e-01 2.714781444050475e-03
9.650000000000000e-01 2.735139511735905e-03
9.654999999999999e-01 2.755956890400557e-03
9.660000000000000e-01 2.777233533839744e-03
9.664999999999999e-01 2.799005523856168e-03
9.670000000000000e-01 2.821239107401952e-03
9.674999999999999e-01 2.844001127831231e-03
9.680000000000000e-01 2.867302366479890e-03
9.684999999999999e-01 2.891153761132856e-03
9.690000000000000e-01 2.915602307546774e-03
9.694999999999999e-01 2.940612808148245e-03
9.700000000000000e-01 2.966270133775424e-03
9.704999999999999e-01 2.992577310015541e-03
9.710000000000000e-01 3.019569221403921e-03
9.714999999999999e-01 3.047288066167624e-03
9.720000000000000e-01 3.075709017200914e-03
9.724999999999999e-01 3.104923827676475e-03
9.730000000000000e-01 3.134947187554338e-03
9.734999999999999e-01 3.165845245859722e-03
9.740000000000000e-01 3.197615804034741e-03
9.744999999999999e-01 3.230301951533453e-03
9.750000000000000e-01 3.263977608970130e-03
9.754999999999999e-01 3.298685113175482e-03
9.760000000000000e-01 3.334500712124642e-03
9.764999999999999e-01 3.371450445391215e-03
9.770000000000000e-01 3.409545930943807e-03
9.774999999999999e-01 3.448968026266892e-03
9.780000000000000e-01 3.489693606430117e-03
9.784999999999999e-01 3.531868509975445e-03
9.790000000000000e-01 3.575514867004994e-03
9.794999999999999e-01 3.620771141732834e-03
9.800000000000000e-01 3.667737070919395e-03
9.804999999999999e-01 3.716466102895538e-03
9.810000000000000e-01 3.767153924336016e-03
9.814999999999999e-01 3.819841961370264e-03
9.820000000000000e-01 3.874759436254021e-03
9.824999999999999e-01 3.931977729248259e-03
9.830000000000000e-01 3.991755534003944e-03
9.834999999999999e-01 4.054210934897530e-03
9.840000000000000e-01 4.119562040235368e-03
9.844999999999999e-01 4.188105577012211e-03
9.850000000000000e-01 4.259999685940857e-03
9.854999999999999e-01 4.335643824764288e-03
9.860000000000000e-01 4.415263113231899e-03
9.864999999999999e-01 4.499301183023923e-03
9.870000000000000e-01 4.588153478704236e-03
9.874999999999999e-01 4.682295812822364e-03
9.880000000000000e-01 4.782288615408702e-03
9.884999999999999e-01 4.888732766724795e-03
9.890000000000000e-01 5.002346228011422e-03
9.894999999999999e-01 5.124031944515273e-03
9.900000000000000e-01 5.254709407009817e-03
9.904999999999999e-01 5.395612553510004e-03
9.910000000000000e-01 5.548117740838440e-03
9.914999999999999e-01 5.713926010334137e-03
9.920000000000000e-01 5.895135535085061e-03
9.924999999999999e-01 6.093995529350318e-03
9.930000000000000e-01 6.313953669463320e-03
9.934999999999999e-01 6.558853668434642e-03
9.940000000000000e-01 6.833761674335829e-03
9.944999999999999e-01 7.145442479683147e-03
9.950000000000000e-01 7.502771276349835e-03
9.954999999999999e-01 7.918206036856681e-03
9.960000000000000e-01 8.409299145020322e-03
9.964999999999999e-01 9.002299500024982e-03
9.970000000000000e-01 9.738028367887416e-03
9.974999999999999e-01 1.068477264337806e-02
9.980000000000000e-01 1.196753548228045e-02
9.984999999999999e-01 1.384741563030362e-02
9.990000000000000e-01 1.700135991661282e-02
9.994999999999999e-01 2.412176435971843e-02
