-1.000000000000000e+00 4.350670670809557e+00
-9.805000000000000e-01 4.351622711436391e+00
-9.610000000000000e-01 4.352575522156815e+00
-9.415000000000000e-01 4.353529104435750e+00
-9.219999999999999e-01 4.354483459743192e+00
-9.025000000000000e-01 4.355438589554237e+00
-8.830000000000000e-01 4.356394495349106e+00
-8.634999999999999e-01 4.357351178613182e+00
-8.440000000000000e-01 4.358308640837026e+00
-8.245000000000000e-01 4.359266883516418e+00
-8.050000000000000e-01 4.360225908152375e+00
-7.855000000000000e-01 4.361185716251185e+00
-7.660000000000000e-01 4.362146309324438e+00
-7.464999999999997e-01 4.363107688889053e+00
-7.270000000000000e-01 4.364069856467304e+00
-7.075000000000001e-01 4.365032813586860e+00
-6.879999999999998e-01 4.365996561780803e+00
-6.685000000000001e-01 4.366961102587670e+00
-6.490000000000000e-01 4.367926437551469e+00
-6.295000000000002e-01 4.368892568221729e+00
-6.100000000000001e-01 4.369859496153514e+00
-5.904999999999999e-01 4.370827222907463e+00
-5.709999999999998e-01 4.371795750049821e+00
-5.515000000000001e-01 4.372765079152469e+00
-5.320000000000001e-01 4.373735211792956e+00
-5.125000000000001e-01 4.374706149554535e+00
-4.930000000000001e-01 4.375677894026188e+00
-4.735000000000001e-01 4.376650446802668e+00
-4.540000000000000e-01 4.377623809484529e+00
-4.345000000000002e-01 4.378597983678155e+00
-4.150000000000000e-01 4.379572970995800e+00
-3.955000000000000e-01 4.380548773055618e+00
-3.759999999999999e-01 4.381525391481702e+00
-3.564999999999999e-01 4.382502827904112e+00
-3.370000000000000e-01 4.383481083958915e+00
-3.174999999999999e-01 4.384460161288218e+00
-2.979999999999999e-01 4.385440061540208e+00
-2.785000000000000e-01 4.386420786369179e+00
-2.589999999999999e-01 4.387402337435576e+00
-2.394999999999999e-01 4.388384716406028e+00
-2.199999999999999e-01 4.389367924953387e+00
-2.004999999999999e-01 4.390351964756762e+00
-1.809999999999999e-01 4.391336837501560e+00
-1.615000000000001e-01 4.392322544879519e+00
-1.420000000000001e-01 4.393309088588753e+00
-1.225000000000000e-01 4.394296470333783e+00
-1.029999999999999e-01 4.395284691825580e+00
-8.349999999999999e-02 4.396273754781604e+00
-6.400000000000007e-02 4.397263660925843e+00
-4.449999999999989e-02 4.398254411988851e+00
-2.500000000000004e-02 4.399246009707791e+00
-5.499999999999857e-03 4.400238455826472e+00
1.400000000000017e-02 4.401231752095395e+00
3.349999999999984e-02 4.402225900271791e+00
5.299999999999994e-02 4.403220902119660e+00
7.250000000000016e-02 4.404216759409819e+00
9.200000000000018e-02 4.405213473919940e+00
1.114999999999999e-01 4.406211047434595e+00
1.310000000000002e-01 4.407209481745297e+00
1.505000000000001e-01 4.408208778650545e+00
1.700000000000000e-01 4.409208939955867e+00
1.895000000000001e-01 4.410209967473869e+00
2.090000000000000e-01 4.411211863024271e+00
2.285000000000000e-01 4.412214628433961e+00
2.480000000000000e-01 4.413218265537034e+00
2.675000000000001e-01 4.414222776174843e+00
2.869999999999999e-01 4.415228162196039e+00
3.065000000000000e-01 4.416234425456630e+00
3.260000000000000e-01 4.417241567820013e+00
3.454999999999999e-01 4.418249591157032e+00
3.650000000000002e-01 4.419258497346027e+00
3.844999999999998e-01 4.420268288272875e+00
4.040000000000002e-01 4.421278965831045e+00
4.234999999999999e-01 4.422290531921648e+00
4.429999999999998e-01 4.423302988453484e+00
4.625000000000000e-01 4.424316337343094e+00
4.819999999999999e-01 4.425330580514812e+00
5.014999999999999e-01 4.426345719900818e+00
5.209999999999999e-01 4.427361757441183e+00
5.404999999999998e-01 4.428378695083936e+00
5.600000000000001e-01 4.429396534785098e+00
5.794999999999999e-01 4.430415278508751e+00
5.990000000000000e-01 4.431434928227088e+00
6.185000000000000e-01 4.432455485920467e+00
6.379999999999999e-01 4.433476953577466e+00
6.575000000000000e-01 4.434499333194934e+00
6.769999999999998e-01 4.435522626778066e+00
6.965000000000001e-01 4.436546836340432e+00
7.160000000000000e-01 4.437571963904063e+00
7.354999999999998e-01 4.438598011499487e+00
7.549999999999999e-01 4.439624981165800e+00
7.745000000000000e-01 4.440652874950723e+00
7.940000000000000e-01 4.441681694910663e+00
8.134999999999999e-01 4.442711443110772e+00
8.329999999999997e-01 4.443742121625003e+00
8.525000000000000e-01 4.444773732536187e+00
8.719999999999999e-01 4.445806277936087e+00
8.915000000000000e-01 4.446839759925438e+00
9.110000000000000e-01 4.447874180614073e+00
9.304999999999999e-01 4.448909542120920e+00
9.500000000000000e-01 4.449945846574121e+00
9.504999999999999e-01 4.449972430901164e+00
9.510000000000000e-01 4.449999015849602e+00
9.514999999999999e-01 4.450025601419465e+00
9.520000000000000e-01 4.450052187610797e+00
9.524999999999999e-01 4.450078774423627e+00
9.530000000000000e-01 4.450105361857995e+00
9.534999999999999e-01 4.450131949913934e+00
9.540000000000000e-01 4.450158538591483e+00
9.544999999999999e-01 4.450185127890679e+00
9.550000000000000e-01 4.450211717811556e+00
9.554999999999999e-01 4.450238308354151e+00
9.560000000000000e-01 4.450264899518498e+00
9.564999999999999e-01 4.450291491304635e+00
9.570000000000000e-01 4.450318083712600e+00
9.574999999999999e-01 4.450344676742426e+00
9.580000000000000e-01 4.450371270394150e+00
9.584999999999999e-01 4.450397864667809e+00
9.590000000000000e-01 4.450424459563441e+00
9.594999999999999e-01 4.450451055081076e+00
9.600000000000000e-01 4.450477651220756e+00
9.604999999999999e-01 4.450504247982515e+00
9.610000000000000e-01 4.450530845366390e+00
9.614999999999999e-01 4.450557443372403e+00
9.620000000000000e-01 4.450584042000618e+00
9.624999999999999e-01 4.450610641251056e+00
9.630000000000000e-01 4.450637241123755e+00
9.634999999999999e-01 4.450663841618749e+00
9.640000000000000e-01 4.450690442736078e+00
9.644999999999999e-01 4.450717044475775e+00
9.650000000000000e-01 4.450743646837878e+00
9.654999999999999e-01 4.450770249822422e+00
9.660000000000000e-01 4.450796853429443e+00
9.664999999999999e-01 4.450823457658978e+00
9.670000000000000e-01 4.450850062511063e+00
9.674999999999999e-01 4.450876667985735e+00
9.680000000000000e-01 4.450903274083030e+00
9.684999999999999e-01 4.450929880802983e+00
9.690000000000000e-01 4.450956488145634e+00
9.694999999999999e-01 4.450983096111012e+00
9.700000000000000e-01 4.451009704699160e+00
9.704999999999999e-01 4.451036313910111e+00
9.710000000000000e-01 4.451062923743904e+00
9.714999999999999e-01 4.451089534200571e+00
9.720000000000000e-01 4.451116145280153e+00
9.724999999999999e-01 4.451142756982684e+00
9.730000000000000e-01 4.451169369308198e+00
9.734999999999999e-01 4.451195982256737e+00
9.740000000000000e-01 4.451222595828331e+00
9.744999999999999e-01 4.451249210023020e+00
9.750000000000000e-01 4.451275824840842e+00
9.754999999999999e-01 4.451302440281828e+00
9.760000000000000e-01 4.451329056346018e+00
9.764999999999999e-01 4.451355673033447e+00
9.770000000000000e-01 4.451382290344154e+00
9.774999999999999e-01 4.451408908278171e+00
9.780000000000000e-01 4.451435526835537e+00
9.784999999999999e-01 4.451462146016287e+00
9.790000000000000e-01 4.451488765820459e+00
9.794999999999999e-01 4.451515386248088e+00
9.800000000000000e-01 4.451542007299213e+00
9.804999999999999e-01 4.451568628973867e+00
9.810000000000000e-01 4.451595251272087e+00
9.814999999999999e-01 4.451621874193909e+00
9.820000000000000e-01 4.451648497739372e+00
9.824999999999999e-01 4.451675121908510e+00
9.830000000000000e-01 4.451701746701360e+00
9.834999999999999e-01 4.451728372117959e+00
9.840000000000000e-01 4.451754998158342e+00
9.844999999999999e-01 4.451781624822546e+00
9.850000000000000e-01 4.451808252110608e+00
9.854999999999999e-01 4.451834880022564e+00
9.860000000000000e-01 4.451861508558450e+00
9.864999999999999e-01 4.451888137718303e+00
9.870000000000000e-01 4.451914767502160e+00
9.874999999999999e-01 4.451941397910055e+00
9.880000000000000e-01 4.451968028942026e+00
9.884999999999999e-01 4.451994660598111e+00
9.890000000000000e-01 4.452021292878343e+00
9.894999999999999e-01 4.452047925782763e+00
9.900000000000000e-01 4.452074559311402e+00
9.904999999999999e-01 4.452101193464299e+00
9.910000000000000e-01 4.452127828241491e+00
9.914999999999999e-01 4.452154463643014e+00
9.920000000000000e-01 4.452181099668906e+00
9.924999999999999e-01 4.452207736319200e+00
9.930000000000000e-01 4.452234373593935e+00
9.934999999999999e-01 4.452261011493145e+00
9.940000000000000e-01 4.452287650016871e+00
9.944999999999999e-01 4.452314289165146e+00
9.950000000000000e-01 4.452340928938007e+00
9.954999999999999e-01 4.452367569335489e+00
9.960000000000000e-01 4.452394210357633e+00
9.964999999999999e-01 4.452420852004471e+00
9.970000000000000e-01 4.452447494276041e+00
9.974999999999999e-01 4.452474137172380e+00
9.980000000000000e-01 4.452500780693526e+00
9.984999999999999e-01 4.452527424839509e+00
9.990000000000000e-01 4.452554069610373e+00
9.994999999999999e-01 4.452580715006150e+00
