-1.000000000000000e+00 7.438289353794369e-05
-9.805000000000000e-01 7.482494244531076e-05
-9.610000000000000e-01 7.529491136015188e-05
-9.415000000000000e-01 7.577931337221923e-05
-9.219999999999999e-01 7.626540682942058e-05
-9.025000000000000e-01 7.676157572886189e-05
-8.830000000000000e-01 7.725206136749510e-05
-8.634999999999999e-01 7.777972037629139e-05
-8.440000000000000e-01 7.829581009321296e-05
-8.245000000000000e-01 7.883350513956106e-05
-8.050000000000000e-01 7.936289237420420e-05
-7.855000000000000e-01 7.991237704370682e-05
-7.660000000000000e-01 8.044143057605446e-05
-7.464999999999997e-01 8.103629400221647e-05
-7.270000000000000e-01 8.160648460011560e-05
-7.075000000000001e-01 8.216884778778391e-05
-6.879999999999998e-01 8.280198913056994e-05
-6.685000000000001e-01 8.341211659829629e-05
-6.490000000000000e-01 8.403941608190272e-05
-6.295000000000002e-01 8.466653212099022e-05
-6.100000000000001e-01 8.530684679392735e-05
-5.904999999999999e-01 8.596989302377066e-05
-5.709999999999998e-01 8.663984142244227e-05
-5.515000000000001e-01 8.732146283546833e-05
-5.320000000000001e-01 8.801955431460414e-05
-5.125000000000001e-01 8.873219276037192e-05
-4.930000000000001e-01 8.946088699429774e-05
-4.735000000000001e-01 9.020256993793269e-05
-4.540000000000000e-01 9.098052565086393e-05
-4.345000000000002e-01 9.173400941622453e-05
-4.150000000000000e-01 9.252613848610359e-05
-3.955000000000000e-01 9.333373522520192e-05
-3.759999999999999e-01 9.415820384898708e-05
-3.564999999999999e-01 9.500500806606035e-05
-3.370000000000000e-01 9.586069467626675e-05
-3.174999999999999e-01 9.670839503731594e-05
-2.979999999999999e-01 9.765901991912370e-05
-2.785000000000000e-01 9.858843240258982e-05
-2.589999999999999e-01 9.953597781693220e-05
-2.394999999999999e-01 1.005122245815396e-04
-2.199999999999999e-01 1.015083417975963e-04
-2.004999999999999e-01 1.025351948194818e-04
-1.809999999999999e-01 1.035869700082213e-04
-1.615000000000001e-01 1.046639043060492e-04
-1.420000000000001e-01 1.057531998661632e-04
-1.225000000000000e-01 1.069080352832448e-04
-1.029999999999999e-01 1.080769882922981e-04
-8.349999999999999e-02 1.092795011721824e-04
-6.400000000000007e-02 1.103393381725752e-04
-4.449999999999989e-02 1.117930545775312e-04
-2.500000000000004e-02 1.130979025317322e-04
-5.499999999999857e-03 1.144494836121374e-04
1.400000000000017e-02 1.158385877064781e-04
3.349999999999984e-02 1.172777277881219e-04
5.299999999999994e-02 1.187603659062824e-04
7.250000000000016e-02 1.202901652452705e-04
9.200000000000018e-02 1.218726882481645e-04
1.114999999999999e-01 1.235104828071019e-04
1.310000000000002e-01 1.252057289498123e-04
1.505000000000001e-01 1.269579513050719e-04
1.700000000000000e-01 1.287779325831309e-04
1.895000000000001e-01 1.306628427471362e-04
2.090000000000000e-01 1.326222840234228e-04
2.285000000000000e-01 1.346646532675216e-04
2.480000000000000e-01 1.367786188689907e-04
2.675000000000001e-01 1.389866715227973e-04
2.869999999999999e-01 1.412867653266423e-04
3.065000000000000e-01 1.436846216074352e-04
3.260000000000000e-01 1.461938826827992e-04
3.454999999999999e-01 1.488153598509404e-04
3.650000000000002e-01 1.515615517414650e-04
3.844999999999998e-01 1.543924150257795e-04
4.040000000000002e-01 1.574733888617074e-04
4.234999999999999e-01 1.606586110154389e-04
4.429999999999998e-01 1.640125482885694e-04
4.625000000000000e-01 1.675647795068076e-04
4.819999999999999e-01 1.713156268229624e-04
5.014999999999999e-01 1.752967249349338e-04
5.209999999999999e-01 1.795131411562231e-04
5.404999999999998e-01 1.840162319881109e-04
5.600000000000001e-01 1.888195135282387e-04
5.794999999999999e-01 1.939130780137631e-04
5.990000000000000e-01 1.994959578101798e-04
6.185000000000000e-01 2.054531777648764e-04
6.379999999999999e-01 2.119003345231346e-04
6.575000000000000e-01 2.189183809451330e-04
6.769999999999998e-01 2.265555496838573e-04
6.965000000000001e-01 2.349456137273907e-04
7.160000000000000e-01 2.442026424877107e-04
7.354999999999998e-01 2.545052103863132e-04
7.549999999999999e-01 2.659595018131421e-04
7.745000000000000e-01 2.790534307434613e-04
7.940000000000000e-01 2.939026738499537e-04
8.134999999999999e-01 3.111032117945097e-04
8.329999999999997e-01 3.312753249046282e-04
8.525000000000000e-01 3.553778131745210e-04
8.719999999999999e-01 3.848975885264440e-04
8.915000000000000e-01 4.221517874563655e-04
9.110000000000000e-01 4.712120365130340e-04
9.304999999999999e-01 5.398934550395859e-04
9.500000000000000e-01 6.459403571583982e-04
9.504999999999999e-01 6.494635045605425e-04
9.510000000000000e-01 6.530453878441486e-04
9.514999999999999e-01 6.566804477958908e-04
9.520000000000000e-01 6.603942631947657e-04
9.524999999999999e-01 6.641409024446717e-04
9.530000000000000e-01 6.679512866196582e-04
9.534999999999999e-01 6.718199751846279e-04
9.540000000000000e-01 6.757521273810028e-04
9.544999999999999e-01 6.797487416714024e-04
9.550000000000000e-01 6.838124715884082e-04
9.554999999999999e-01 6.879452988029817e-04
9.560000000000000e-01 6.921490322010479e-04
9.564999999999999e-01 6.964255811103798e-04
9.570000000000000e-01 7.007770549012476e-04
9.574999999999999e-01 7.052055604778073e-04
9.580000000000000e-01 7.097137619525221e-04
9.584999999999999e-01 7.143030865731226e-04
9.590000000000000e-01 7.189775661715008e-04
9.594999999999999e-01 7.237508253895235e-04
9.600000000000000e-01 7.286026193418345e-04
9.604999999999999e-01 7.335471426246593e-04
9.610000000000000e-01 7.385878939201062e-04
9.614999999999999e-01 7.437254634545185e-04
9.620000000000000e-01 7.489516948519504e-04
9.624999999999999e-01 7.543091416888588e-04
9.630000000000000e-01 7.597613123568683e-04
9.634999999999999e-01 7.653255403666173e-04
9.640000000000000e-01 7.710092967679219e-04
9.644999999999999e-01 7.768082187935249e-04
9.650000000000000e-01 7.827341402132342e-04
9.654999999999999e-01 7.887710837009607e-04
9.660000000000000e-01 7.949778714278360e-04
9.664999999999999e-01 8.013047204433308e-04
9.670000000000000e-01 8.077532692239303e-04
9.674999999999999e-01 8.144005882130694e-04
9.680000000000000e-01 8.211760370326661e-04
9.684999999999999e-01 8.281105270592661e-04
9.690000000000000e-01 8.352118484653518e-04
9.694999999999999e-01 8.424954854333385e-04
9.700000000000000e-01 8.499564707147334e-04
9.704999999999999e-01 8.576067645490753e-04
9.710000000000000e-01 8.654566235694641e-04
9.714999999999999e-01 8.735182877219812e-04
9.720000000000000e-01 8.817872743700707e-04
9.724999999999999e-01 8.902809225605399e-04
9.730000000000000e-01 8.990139583383183e-04
9.734999999999999e-01 9.079878465324266e-04
9.740000000000000e-01 9.172204500714096e-04
9.744999999999999e-01 9.267326573423984e-04
9.750000000000000e-01 9.365227848730287e-04
9.754999999999999e-01 9.466224784559320e-04
9.760000000000000e-01 9.570333460614225e-04
9.764999999999999e-01 9.677721704278181e-04
9.770000000000000e-01 9.788622658063761e-04
9.774999999999999e-01 9.903194015687298e-04
9.780000000000000e-01 1.002167038008160e-03
9.784999999999999e-01 1.014426304598786e-03
9.790000000000000e-01 1.027121964866936e-03
9.794999999999999e-01 1.040281919568678e-03
9.800000000000000e-01 1.053932365237299e-03
9.804999999999999e-01 1.068105816904302e-03
9.810000000000000e-01 1.082836458549901e-03
9.814999999999999e-01 1.098164369061338e-03
9.820000000000000e-01 1.114123381253984e-03
9.824999999999999e-01 1.130767332214064e-03
9.830000000000000e-01 1.148141143437831e-03
9.834999999999999e-01 1.166303739480836e-03
9.840000000000000e-01 1.185306518396859e-03
9.844999999999999e-01 1.204924895255021e-03
9.850000000000000e-01 1.226141527103574e-03
9.854999999999999e-01 1.248129497810526e-03
9.860000000000000e-01 1.271282209108357e-03
9.864999999999999e-01 1.295712017034832e-03
9.870000000000000e-01 1.321548816158107e-03
9.874999999999999e-01 1.348918144710920e-03
9.880000000000000e-01 1.377981964123388e-03
9.884999999999999e-01 1.408929400438212e-03
9.890000000000000e-01 1.441964078140203e-03
9.894999999999999e-01 1.477336270213512e-03
9.900000000000000e-01 1.515333501525739e-03
9.904999999999999e-01 1.556295491142751e-03
9.910000000000000e-01 1.600627924364105e-03
9.914999999999999e-01 1.648825401179189e-03
9.920000000000000e-01 1.701473777897929e-03
9.924999999999999e-01 1.759320843242316e-03
9.930000000000000e-01 1.823260643956846e-03
9.934999999999999e-01 1.894450544195997e-03
9.940000000000000e-01 1.974374186976478e-03
9.944999999999999e-01 2.064968508979980e-03
9.950000000000000e-01 2.168849833128600e-03
9.954999999999999e-01 2.289607201375183e-03
9.960000000000000e-01 2.432366908818817e-03
9.964999999999999e-01 2.604738193258726e-03
9.970000000000000e-01 2.818600643081634e-03
9.974999999999999e-01 3.093817260605041e-03
9.980000000000000e-01 3.466678390935866e-03
9.984999999999999e-01 4.013121682926138e-03
9.990000000000000e-01 4.929889549454610e-03
9.994999999999999e-01 6.999548577141134e-03
