-1.000000000000000e+00 3.776043759881641e-08
-9.805000000000000e-01 4.039140161598634e-08
-9.610000000000000e-01 4.609522570201721e-08
-9.415000000000000e-01 3.655995419020116e-08
-9.219999999999999e-01 3.433442615071528e-08
-9.025000000000000e-01 3.815033470579292e-08
-8.830000000000000e-01 3.806904903396795e-08
-8.634999999999999e-01 4.587092267297906e-08
-8.440000000000000e-01 3.700130062026364e-08
-8.245000000000000e-01 3.988070550261769e-08
-8.050000000000000e-01 3.531970791105598e-08
-7.855000000000000e-01 3.790895518430071e-08
-7.660000000000000e-01 3.735320781909884e-08
-7.464999999999997e-01 4.035978692387598e-08
-7.270000000000000e-01 3.457696913406374e-08
-7.075000000000001e-01 4.393865361955453e-08
-6.879999999999998e-01 4.158717334397168e-08
-6.685000000000001e-01 4.050341355544375e-08
-6.490000000000000e-01 4.271303676655849e-08
-6.295000000000002e-01 5.367730723922642e-08
-6.100000000000001e-01 4.430901201232296e-08
-5.904999999999999e-01 4.451809732175109e-08
-5.709999999999998e-01 4.379317498299474e-08
-5.515000000000001e-01 4.414689965260130e-08
-5.320000000000001e-01 4.903501203575955e-08
-5.125000000000001e-01 4.418846693280001e-08
-4.930000000000001e-01 5.161510921746577e-08
-4.735000000000001e-01 4.415460488877887e-08
-4.540000000000000e-01 5.344590622481812e-08
-4.345000000000002e-01 5.333542426459384e-08
-4.150000000000000e-01 4.675287046185579e-08
-3.955000000000000e-01 4.397241093108013e-08
-3.759999999999999e-01 3.703673960847016e-08
-3.564999999999999e-01 5.430035217172548e-08
-3.370000000000000e-01 4.973815972616978e-08
-3.174999999999999e-01 5.975601563756703e-08
-2.979999999999999e-01 6.000932359891655e-08
-2.785000000000000e-01 5.582254574652543e-08
-2.589999999999999e-01 5.321017448864721e-08
-2.394999999999999e-01 5.327841975940009e-08
-2.199999999999999e-01 5.315893953034928e-08
-2.004999999999999e-01 5.282227551091464e-08
-1.809999999999999e-01 5.859591001489317e-08
-1.615000000000001e-01 5.638502183083540e-08
-1.420000000000001e-01 5.922838168589645e-08
-1.225000000000000e-01 6.109722803920798e-08
-1.029999999999999e-01 5.598774340066807e-08
-8.349999999999999e-02 6.244654274432055e-08
-6.400000000000007e-02 5.585974984246417e-08
-4.449999999999989e-02 6.158623505533751e-08
-2.500000000000004e-02 5.875060260370146e-08
-5.499999999999857e-03 6.708701333758237e-08
1.400000000000017e-02 5.714549539950964e-08
3.349999999999984e-02 6.421613572371276e-08
5.299999999999994e-02 6.724968117254817e-08
7.250000000000016e-02 6.443207037416597e-08
9.200000000000018e-02 6.742875194833775e-08
1.114999999999999e-01 6.656538330817158e-08
1.310000000000002e-01 6.819599670814368e-08
1.505000000000001e-01 6.896203849500906e-08
1.700000000000000e-01 6.878242973377284e-08
1.895000000000001e-01 6.814088767585209e-08
2.090000000000000e-01 7.734221125174344e-08
2.285000000000000e-01 7.241260173621865e-08
2.480000000000000e-01 7.822449523598119e-08
2.675000000000001e-01 8.049398907884494e-08
2.869999999999999e-01 6.280960538637093e-08
3.065000000000000e-01 8.060193829697102e-08
3.260000000000000e-01 8.132049966169400e-08
3.454999999999999e-01 8.146892066973005e-08
3.650000000000002e-01 8.149930094108698e-08
3.844999999999998e-01 8.853888590395037e-08
4.040000000000002e-01 9.061466015997351e-08
4.234999999999999e-01 9.201470030058948e-08
4.429999999999998e-01 9.338666595219413e-08
4.625000000000000e-01 9.601000060267207e-08
4.819999999999999e-01 1.003158778110791e-07
5.014999999999999e-01 1.003393444439213e-07
5.209999999999999e-01 1.065228333179924e-07
5.404999999999998e-01 1.070932924502907e-07
5.600000000000001e-01 1.099513262259524e-07
5.794999999999999e-01 1.128848022089307e-07
5.990000000000000e-01 1.166561775268818e-07
6.185000000000000e-01 1.189089599332735e-07
6.379999999999999e-01 1.220481386755094e-07
6.575000000000000e-01 1.275433747414999e-07
6.769999999999998e-01 1.223895542588868e-07
6.965000000000001e-01 1.317524356434019e-07
7.160000000000000e-01 1.398633369579651e-07
7.354999999999998e-01 1.461984370548606e-07
7.549999999999999e-01 1.495401368081800e-07
7.745000000000000e-01 1.578820725922111e-07
7.940000000000000e-01 1.738848587304845e-07
8.134999999999999e-01 1.839700506068030e-07
8.329999999999997e-01 1.968592846845973e-07
8.525000000000000e-01 2.093810278736042e-07
8.719999999999999e-01 2.271319255423792e-07
8.915000000000000e-01 2.501168254998507e-07
9.110000000000000e-01 2.810254664366427e-07
9.304999999999999e-01 3.179520028567721e-07
9.500000000000000e-01 3.816206183166358e-07
9.504999999999999e-01 3.837075634214916e-07
9.510000000000000e-01 3.850304740264693e-07
9.514999999999999e-01 3.875471415731097e-07
9.520000000000000e-01 3.896995793445444e-07
9.524999999999999e-01 3.918680602835893e-07
9.530000000000000e-01 3.950310404050325e-07
9.534999999999999e-01 3.972403180328074e-07
9.540000000000000e-01 4.001005717958613e-07
9.544999999999999e-01 4.024799136729519e-07
9.550000000000000e-01 4.034760285007543e-07
9.554999999999999e-01 4.047232880184734e-07
9.560000000000000e-01 4.077086293738224e-07
9.564999999999999e-01 4.133441462517105e-07
9.570000000000000e-01 4.138296733703035e-07
9.574999999999999e-01 4.165140552513448e-07
9.580000000000000e-01 4.191861760309158e-07
9.584999999999999e-01 4.217734327857142e-07
9.590000000000000e-01 4.260163431493116e-07
9.594999999999999e-01 4.288605645134675e-07
9.600000000000000e-01 4.304307840099877e-07
9.604999999999999e-01 4.330773772774340e-07
9.610000000000000e-01 4.373010963606741e-07
9.614999999999999e-01 4.426538242894828e-07
9.620000000000000e-01 4.435670619332096e-07
9.624999999999999e-01 4.469589700618398e-07
9.630000000000000e-01 4.523281813449003e-07
9.634999999999999e-01 4.556801837840361e-07
9.640000000000000e-01 4.590948267995524e-07
9.644999999999999e-01 4.617608246121861e-07
9.650000000000000e-01 4.660457421022977e-07
9.654999999999999e-01 4.695847165429546e-07
9.660000000000000e-01 4.667032755966166e-07
9.664999999999999e-01 4.720288316798489e-07
9.670000000000000e-01 4.759378094880680e-07
9.674999999999999e-01 4.799035499504391e-07
9.680000000000000e-01 4.854162746720952e-07
9.684999999999999e-01 4.904808881709147e-07
9.690000000000000e-01 4.928464309981148e-07
9.694999999999999e-01 4.968669856191856e-07
9.700000000000000e-01 5.013951643038700e-07
9.704999999999999e-01 5.054869319525534e-07
9.710000000000000e-01 5.102347722302316e-07
9.714999999999999e-01 5.150197500002500e-07
9.720000000000000e-01 5.189611937776798e-07
9.724999999999999e-01 5.241697648678590e-07
9.730000000000000e-01 5.305289375270240e-07
9.734999999999999e-01 5.356953577262942e-07
9.740000000000000e-01 5.417413909272576e-07
9.744999999999999e-01 5.470777826830015e-07
9.750000000000000e-01 5.527172375617054e-07
9.754999999999999e-01 5.591219419688916e-07
9.760000000000000e-01 5.669400277930475e-07
9.764999999999999e-01 5.739010116921285e-07
9.770000000000000e-01 5.771628076117368e-07
9.774999999999999e-01 5.846850069634364e-07
9.780000000000000e-01 5.943423858361399e-07
9.784999999999999e-01 5.998168257513316e-07
9.790000000000000e-01 6.082590175654348e-07
9.794999999999999e-01 6.164149806917988e-07
9.800000000000000e-01 6.241861536112293e-07
9.804999999999999e-01 6.312350843024650e-07
9.810000000000000e-01 6.404649190345955e-07
9.814999999999999e-01 6.502685396120950e-07
9.820000000000000e-01 6.587967095799983e-07
9.824999999999999e-01 6.687417710359514e-07
9.830000000000000e-01 6.797068070902596e-07
9.834999999999999e-01 6.895409311064374e-07
9.840000000000000e-01 7.037187238404101e-07
9.844999999999999e-01 7.156458839974837e-07
9.850000000000000e-01 7.279616857350106e-07
9.854999999999999e-01 7.412940344211775e-07
9.860000000000000e-01 7.558510073460014e-07
9.864999999999999e-01 7.683364917232035e-07
9.870000000000000e-01 7.859985540388268e-07
9.874999999999999e-01 8.023856596079959e-07
9.880000000000000e-01 8.203316449837941e-07
9.884999999999999e-01 8.372603662869082e-07
9.890000000000000e-01 8.568362661725680e-07
9.894999999999999e-01 8.787327304714549e-07
9.900000000000000e-01 9.015064348985661e-07
9.904999999999999e-01 9.309853376401228e-07
9.910000000000000e-01 9.549326754917748e-07
9.914999999999999e-01 9.831883214512890e-07
9.920000000000000e-01 1.014792243586527e-06
9.924999999999999e-01 1.049391651112024e-06
9.930000000000000e-01 1.090192256487729e-06
9.934999999999999e-01 1.129759191745772e-06
9.940000000000000e-01 1.178127834462999e-06
9.944999999999999e-01 1.233178631245970e-06
9.950000000000000e-01 1.295593979154251e-06
9.954999999999999e-01 1.368034521000131e-06
9.960000000000000e-01 1.453482926407648e-06
9.964999999999999e-01 1.557072690960498e-06
9.970000000000000e-01 1.685296062699128e-06
9.974999999999999e-01 1.850471188832194e-06
9.980000000000000e-01 2.073721595862088e-06
9.984999999999999e-01 2.402054477919469e-06
9.990000000000000e-01 2.952387011806501e-06
9.994999999999999e-01 4.195402863016990e-06
