-1.000000000000000e+00 3.680341225097189e-01
-9.805000000000000e-01 3.686411079557076e-01
-9.610000000000000e-01 3.692522588303369e-01
-9.415000000000000e-01 3.698676311693143e-01
-9.219999999999999e-01 3.704872864280502e-01
-9.025000000000000e-01 3.711112831249184e-01
-8.830000000000000e-01 3.717396875910870e-01
-8.634999999999999e-01 3.723725637131226e-01
-8.440000000000000e-01 3.730099776465569e-01
-8.245000000000000e-01 3.736519958345083e-01
-8.050000000000000e-01 3.742986891566948e-01
-7.855000000000000e-01 3.749501280224388e-01
-7.660000000000000e-01 3.756063831064387e-01
-7.464999999999997e-01 3.762675301798137e-01
-7.270000000000000e-01 3.769336459649391e-01
-7.075000000000001e-01 3.776048097767332e-01
-6.879999999999998e-01 3.782810976685791e-01
-6.685000000000001e-01 3.789625951340967e-01
-6.490000000000000e-01 3.796493862509077e-01
-6.295000000000002e-01 3.803415560022504e-01
-6.100000000000001e-01 3.810391942712646e-01
-5.904999999999999e-01 3.817423923339621e-01
-5.709999999999998e-01 3.824512435726731e-01
-5.515000000000001e-01 3.831658431013141e-01
-5.320000000000001e-01 3.838862907508561e-01
-5.125000000000001e-01 3.846126874905713e-01
-4.930000000000001e-01 3.853451385331367e-01
-4.735000000000001e-01 3.860837606834962e-01
-4.540000000000000e-01 3.868286362386747e-01
-4.345000000000002e-01 3.875799065235260e-01
-4.150000000000000e-01 3.883376795177614e-01
-3.955000000000000e-01 3.891020751923428e-01
-3.759999999999999e-01 3.898732184654832e-01
-3.564999999999999e-01 3.906512375021522e-01
-3.370000000000000e-01 3.914362638235989e-01
-3.174999999999999e-01 3.922284357027345e-01
-2.979999999999999e-01 3.930278917775005e-01
-2.785000000000000e-01 3.938347763155356e-01
-2.589999999999999e-01 3.946492404184556e-01
-2.394999999999999e-01 3.954714391679974e-01
-2.199999999999999e-01 3.963015331674685e-01
-2.004999999999999e-01 3.971396871344567e-01
-1.809999999999999e-01 3.979860720013532e-01
-1.615000000000001e-01 3.988408651830117e-01
-1.420000000000001e-01 3.997042521551829e-01
-1.225000000000000e-01 4.005764208740366e-01
-1.029999999999999e-01 4.014575694241949e-01
-8.349999999999999e-02 4.023479038998012e-01
-6.400000000000007e-02 4.032476359489783e-01
-4.449999999999989e-02 4.041569862791880e-01
-2.500000000000004e-02 4.050761844997887e-01
-5.499999999999857e-03 4.060054689980318e-01
1.400000000000017e-02 4.069450890522344e-01
3.349999999999984e-02 4.078953025431450e-01
5.299999999999994e-02 4.088563799974625e-01
7.250000000000016e-02 4.098286021551371e-01
9.200000000000018e-02 4.108122626441469e-01
1.114999999999999e-01 4.118076686774742e-01
1.310000000000002e-01 4.128151659423451e-01
1.505000000000001e-01 4.138350136334311e-01
1.700000000000000e-01 4.148676410132954e-01
1.895000000000001e-01 4.159134266105418e-01
2.090000000000000e-01 4.169727301819424e-01
2.285000000000000e-01 4.180458966390223e-01
2.480000000000000e-01 4.191334413158749e-01
2.675000000000001e-01 4.202357233347906e-01
2.869999999999999e-01 4.213533268795305e-01
3.065000000000000e-01 4.224866702118039e-01
3.260000000000000e-01 4.236363364248325e-01
3.454999999999999e-01 4.248028499264503e-01
3.650000000000002e-01 4.259868363445332e-01
3.844999999999998e-01 4.271889107022046e-01
4.040000000000002e-01 4.284097683135671e-01
4.234999999999999e-01 4.296500936691944e-01
4.429999999999998e-01 4.309106216589919e-01
4.625000000000000e-01 4.321923365468221e-01
4.819999999999999e-01 4.334959535125641e-01
5.014999999999999e-01 4.348225084452308e-01
5.209999999999999e-01 4.361729234184800e-01
5.404999999999998e-01 4.375484407232265e-01
5.600000000000001e-01 4.389501709338045e-01
5.794999999999999e-01 4.403794666464528e-01
5.990000000000000e-01 4.418377216435274e-01
6.185000000000000e-01 4.433265232728399e-01
6.379999999999999e-01 4.448476120480777e-01
6.575000000000000e-01 4.464028980516529e-01
6.769999999999998e-01 4.479944688707396e-01
6.965000000000001e-01 4.496247583439552e-01
7.160000000000000e-01 4.512964662260192e-01
7.354999999999998e-01 4.530126606049219e-01
7.549999999999999e-01 4.547768498369779e-01
7.745000000000000e-01 4.565931355722416e-01
7.940000000000000e-01 4.584663260754348e-01
8.134999999999999e-01 4.604021681240527e-01
8.329999999999997e-01 4.624076216762680e-01
8.525000000000000e-01 4.644913615737526e-01
8.719999999999999e-01 4.666644719524970e-01
8.915000000000000e-01 4.689416771652127e-01
9.110000000000000e-01 4.713434970922731e-01
9.304999999999999e-01 4.739005247621378e-01
9.500000000000000e-01 4.766596930285578e-01
9.504999999999999e-01 4.767337368991382e-01
9.510000000000000e-01 4.768079450342020e-01
9.514999999999999e-01 4.768823039145733e-01
9.520000000000000e-01 4.769569815199011e-01
9.524999999999999e-01 4.770317826132167e-01
9.530000000000000e-01 4.771067841518019e-01
9.534999999999999e-01 4.771819699137013e-01
9.540000000000000e-01 4.772573835815153e-01
9.544999999999999e-01 4.773329906218867e-01
9.550000000000000e-01 4.774088046685043e-01
9.554999999999999e-01 4.774848260195342e-01
9.560000000000000e-01 4.775610686807078e-01
9.564999999999999e-01 4.776375312835998e-01
9.570000000000000e-01 4.777142069862955e-01
9.574999999999999e-01 4.777911192361717e-01
9.580000000000000e-01 4.778682414025067e-01
9.584999999999999e-01 4.779455970958250e-01
9.590000000000000e-01 4.780231970771430e-01
9.594999999999999e-01 4.781010384516647e-01
9.600000000000000e-01 4.781791193616609e-01
9.604999999999999e-01 4.782574401272879e-01
9.610000000000000e-01 4.783360217674380e-01
9.614999999999999e-01 4.784148521390743e-01
9.620000000000000e-01 4.784939482705653e-01
9.624999999999999e-01 4.785733123715384e-01
9.630000000000000e-01 4.786529441545413e-01
9.634999999999999e-01 4.787328601411988e-01
9.640000000000000e-01 4.788130590535792e-01
9.644999999999999e-01 4.788935378928709e-01
9.650000000000000e-01 4.789743194389687e-01
9.654999999999999e-01 4.790553988532721e-01
9.660000000000000e-01 4.791367872161851e-01
9.664999999999999e-01 4.792184794268006e-01
9.670000000000000e-01 4.793005114585689e-01
9.674999999999999e-01 4.793828662391655e-01
9.680000000000000e-01 4.794655627668060e-01
9.684999999999999e-01 4.795486020908368e-01
9.690000000000000e-01 4.796320137630242e-01
9.694999999999999e-01 4.797157677685799e-01
9.700000000000000e-01 4.797999039836199e-01
9.704999999999999e-01 4.798844244059273e-01
9.710000000000000e-01 4.799693410311512e-01
9.714999999999999e-01 4.800546670450178e-01
9.720000000000000e-01 4.801404093108033e-01
9.724999999999999e-01 4.802265301097348e-01
9.730000000000000e-01 4.803131962195897e-01
9.734999999999999e-01 4.804002743308067e-01
9.740000000000000e-01 4.804878085616530e-01
9.744999999999999e-01 4.805758108839404e-01
9.750000000000000e-01 4.806643619428376e-01
9.754999999999999e-01 4.807534113873050e-01
9.760000000000000e-01 4.808429931889516e-01
9.764999999999999e-01 4.809331292792363e-01
9.770000000000000e-01 4.810238463680244e-01
9.774999999999999e-01 4.811151569021524e-01
9.780000000000000e-01 4.812070806859695e-01
9.784999999999999e-01 4.812996488819542e-01
9.790000000000000e-01 4.813928839993652e-01
9.794999999999999e-01 4.814868070460223e-01
9.800000000000000e-01 4.815814629246151e-01
9.804999999999999e-01 4.816768556467271e-01
9.810000000000000e-01 4.817730361372649e-01
9.814999999999999e-01 4.818700393448782e-01
9.820000000000000e-01 4.819679161072110e-01
9.824999999999999e-01 4.820666832278780e-01
9.830000000000000e-01 4.821663787741107e-01
9.834999999999999e-01 4.822670756257793e-01
9.840000000000000e-01 4.823687835287486e-01
9.844999999999999e-01 4.824716406087178e-01
9.850000000000000e-01 4.825756271268167e-01
9.854999999999999e-01 4.826808383467738e-01
9.860000000000000e-01 4.827873490942446e-01
9.864999999999999e-01 4.828952363065646e-01
9.870000000000000e-01 4.830045893090247e-01
9.874999999999999e-01 4.831155125034229e-01
9.880000000000000e-01 4.832281077816930e-01
9.884999999999999e-01 4.833425118903543e-01
9.890000000000000e-01 4.834588338862721e-01
9.894999999999999e-01 4.835772641710911e-01
9.900000000000000e-01 4.836979756567814e-01
9.904999999999999e-01 4.838211670227249e-01
9.910000000000000e-01 4.839470844342320e-01
9.914999999999999e-01 4.840759944787676e-01
9.920000000000000e-01 4.842082436002626e-01
9.924999999999999e-01 4.843442178150704e-01
9.930000000000000e-01 4.844843646453360e-01
9.934999999999999e-01 4.846293155609987e-01
9.940000000000000e-01 4.847797336095639e-01
9.944999999999999e-01 4.849365149064208e-01
9.950000000000000e-01 4.851009105654367e-01
9.954999999999999e-01 4.852743744526080e-01
9.960000000000000e-01 4.854590239740772e-01
9.964999999999999e-01 4.856578610968345e-01
9.970000000000000e-01 4.858752945991714e-01
9.974999999999999e-01 4.861183168827463e-01
9.980000000000000e-01 4.863989516296212e-01
9.984999999999999e-01 4.867406341053749e-01
9.990000000000000e-01 4.871992508564318e-01
9.994999999999999e-01 4.879742578566802e-01
