-1.000000000000000e+00 8.337009154134487e-06
-9.805000000000000e-01 8.380839263896855e-06
-9.610000000000000e-01 8.425296002317204e-06
-9.415000000000000e-01 8.470198681350376e-06
-9.219999999999999e-01 8.515562308399761e-06
-9.025000000000000e-01 8.561631799044087e-06
-8.830000000000000e-01 8.608134575353661e-06
-8.634999999999999e-01 8.655269540987289e-06
-8.440000000000000e-01 8.702940589300163e-06
-8.245000000000000e-01 8.751227706535437e-06
-8.050000000000000e-01 8.800159777648860e-06
-7.855000000000000e-01 8.849664485659379e-06
-7.660000000000000e-01 8.899795981447756e-06
-7.464999999999997e-01 8.950630962584832e-06
-7.270000000000000e-01 9.002024919957017e-06
-7.075000000000001e-01 9.054238258337147e-06
-6.879999999999998e-01 9.107045624198575e-06
-6.685000000000001e-01 9.160550006261562e-06
-6.490000000000000e-01 9.214845400318488e-06
-6.295000000000002e-01 9.269812488968363e-06
-6.100000000000001e-01 9.325527238473264e-06
-5.904999999999999e-01 9.382099181542481e-06
-5.709999999999998e-01 9.439380656435752e-06
-5.515000000000001e-01 9.497570156392206e-06
-5.320000000000001e-01 9.556492791047417e-06
-5.125000000000001e-01 9.616290463255040e-06
-4.930000000000001e-01 9.677025178192336e-06
-4.735000000000001e-01 9.738573419204467e-06
-4.540000000000000e-01 9.801095338887860e-06
-4.345000000000002e-01 9.864480009504252e-06
-4.150000000000000e-01 9.928888685006464e-06
-3.955000000000000e-01 9.994365276876503e-06
-3.759999999999999e-01 1.006067510048226e-05
-3.564999999999999e-01 1.012821876851036e-05
-3.370000000000000e-01 1.019667440627717e-05
-3.174999999999999e-01 1.026629013472118e-05
-2.979999999999999e-01 1.033706769584913e-05
-2.785000000000000e-01 1.040905805101385e-05
-2.589999999999999e-01 1.048217389273717e-05
-2.394999999999999e-01 1.055648460019626e-05
-2.199999999999999e-01 1.063215224894134e-05
-2.004999999999999e-01 1.070911896813187e-05
-1.809999999999999e-01 1.078732372836591e-05
-1.615000000000001e-01 1.086704530369017e-05
-1.420000000000001e-01 1.094811220183312e-05
-1.225000000000000e-01 1.103073522703196e-05
-1.029999999999999e-01 1.111482468506020e-05
-8.349999999999999e-02 1.120049413256853e-05
-6.400000000000007e-02 1.128773913668837e-05
-4.449999999999989e-02 1.137672509649701e-05
-2.500000000000004e-02 1.146759820674631e-05
-5.499999999999857e-03 1.156013755998112e-05
1.400000000000017e-02 1.165480923088357e-05
3.349999999999984e-02 1.175180257832023e-05
5.299999999999994e-02 1.185080153925366e-05
7.250000000000016e-02 1.195164791976410e-05
9.200000000000018e-02 1.205448433009213e-05
1.114999999999999e-01 1.215963792984071e-05
1.310000000000002e-01 1.226705030861632e-05
1.505000000000001e-01 1.237687596176028e-05
1.700000000000000e-01 1.248909140841970e-05
1.895000000000001e-01 1.260399573357446e-05
2.090000000000000e-01 1.272146867090091e-05
2.285000000000000e-01 1.284188365264500e-05
2.480000000000000e-01 1.296556836647885e-05
2.675000000000001e-01 1.309248049972647e-05
2.869999999999999e-01 1.322298646779585e-05
3.065000000000000e-01 1.335715107100298e-05
3.260000000000000e-01 1.349453241207761e-05
3.454999999999999e-01 1.363607236494824e-05
3.650000000000002e-01 1.378123134999336e-05
3.844999999999998e-01 1.393087600984562e-05
4.040000000000002e-01 1.408674300951713e-05
4.234999999999999e-01 1.424647036502928e-05
4.429999999999998e-01 1.441082133588974e-05
4.625000000000000e-01 1.458036692469038e-05
4.819999999999999e-01 1.475543366121126e-05
5.014999999999999e-01 1.493628187528287e-05
5.209999999999999e-01 1.512326835317028e-05
5.404999999999998e-01 1.531721992634589e-05
5.600000000000001e-01 1.551843307874883e-05
5.794999999999999e-01 1.572727677713238e-05
5.990000000000000e-01 1.594456126868539e-05
6.185000000000000e-01 1.617040329250397e-05
6.379999999999999e-01 1.640620536247470e-05
6.575000000000000e-01 1.665228481675327e-05
6.769999999999998e-01 1.690989151661608e-05
6.965000000000001e-01 1.718012043801209e-05
7.160000000000000e-01 1.746428769261138e-05
7.354999999999998e-01 1.776468421384302e-05
7.549999999999999e-01 1.808315915544536e-05
7.745000000000000e-01 1.842331117545334e-05
7.940000000000000e-01 1.878900880300305e-05
8.134999999999999e-01 1.918593395313428e-05
8.329999999999997e-01 1.962185163851730e-05
8.525000000000000e-01 2.010658146147297e-05
8.719999999999999e-01 2.065509049337066e-05
8.915000000000000e-01 2.128906320818090e-05
9.110000000000000e-01 2.204165482534074e-05
9.304999999999999e-01 2.296922533757360e-05
9.500000000000000e-01 2.418301280099735e-05
9.504999999999999e-01 2.421964145397445e-05
9.510000000000000e-01 2.425661724313445e-05
9.514999999999999e-01 2.429394728293009e-05
9.520000000000000e-01 2.433163857145057e-05
9.524999999999999e-01 2.436969813872838e-05
9.530000000000000e-01 2.440813411602281e-05
9.534999999999999e-01 2.444695418305659e-05
9.540000000000000e-01 2.448616618404090e-05
9.544999999999999e-01 2.452577852744323e-05
9.550000000000000e-01 2.456580026189025e-05
9.554999999999999e-01 2.460623910974027e-05
9.560000000000000e-01 2.464710577013436e-05
9.564999999999999e-01 2.468842101825334e-05
9.570000000000000e-01 2.473017074652874e-05
9.574999999999999e-01 2.477237697105771e-05
9.580000000000000e-01 2.481504944598828e-05
9.584999999999999e-01 2.485820409564296e-05
9.590000000000000e-01 2.490184793490930e-05
9.594999999999999e-01 2.494599073134300e-05
9.600000000000000e-01 2.499064747760418e-05
9.604999999999999e-01 2.503582858100926e-05
9.610000000000000e-01 2.508155748620473e-05
9.614999999999999e-01 2.512802455897650e-05
9.620000000000000e-01 2.517466486818534e-05
9.624999999999999e-01 2.522208896451550e-05
9.630000000000000e-01 2.527011016749552e-05
9.634999999999999e-01 2.531874634602285e-05
9.640000000000000e-01 2.536801057759306e-05
9.644999999999999e-01 2.541792361078397e-05
9.650000000000000e-01 2.546850273983712e-05
9.654999999999999e-01 2.551976733404452e-05
9.660000000000000e-01 2.557173606231650e-05
9.664999999999999e-01 2.562442977973041e-05
9.670000000000000e-01 2.567791316311137e-05
9.674999999999999e-01 2.573208402274806e-05
9.680000000000000e-01 2.578708920165997e-05
9.684999999999999e-01 2.584291468102264e-05
9.690000000000000e-01 2.589958287346274e-05
9.694999999999999e-01 2.595712520518703e-05
9.700000000000000e-01 2.601556784264936e-05
9.704999999999999e-01 2.607494359295473e-05
9.710000000000000e-01 2.613528266946862e-05
9.714999999999999e-01 2.619661910221472e-05
9.720000000000000e-01 2.625899550606018e-05
9.724999999999999e-01 2.632242969045020e-05
9.730000000000000e-01 2.638697956039334e-05
9.734999999999999e-01 2.645268260582149e-05
9.740000000000000e-01 2.651958349552111e-05
9.744999999999999e-01 2.658772891008046e-05
9.750000000000000e-01 2.665716553559404e-05
9.754999999999999e-01 2.672795071027606e-05
9.760000000000000e-01 2.680013955121370e-05
9.764999999999999e-01 2.687379517335284e-05
9.770000000000000e-01 2.694898143773667e-05
9.774999999999999e-01 2.702581113464084e-05
9.780000000000000e-01 2.710420939133912e-05
9.784999999999999e-01 2.718440783028311e-05
9.790000000000000e-01 2.726644079964115e-05
9.794999999999999e-01 2.735039993924188e-05
9.800000000000000e-01 2.743638307370045e-05
9.804999999999999e-01 2.752450263469824e-05
9.810000000000000e-01 2.761485204302103e-05
9.814999999999999e-01 2.770757737759268e-05
9.820000000000000e-01 2.780281692419810e-05
9.824999999999999e-01 2.790068508087299e-05
9.830000000000000e-01 2.800137788945804e-05
9.834999999999999e-01 2.810505149232562e-05
9.840000000000000e-01 2.821190608030287e-05
9.844999999999999e-01 2.832215306219474e-05
9.850000000000000e-01 2.843602537472468e-05
9.854999999999999e-01 2.855381825917723e-05
9.860000000000000e-01 2.867571031570117e-05
9.864999999999999e-01 2.880213409266729e-05
9.870000000000000e-01 2.893341076267106e-05
9.874999999999999e-01 2.906994975205918e-05
9.880000000000000e-01 2.921220675884990e-05
9.884999999999999e-01 2.936070470909466e-05
9.890000000000000e-01 2.951603898090873e-05
9.894999999999999e-01 2.967890304756619e-05
9.900000000000000e-01 2.985006244500856e-05
9.904999999999999e-01 3.003046931283193e-05
9.910000000000000e-01 3.022121423617146e-05
9.914999999999999e-01 3.042355669580446e-05
9.920000000000000e-01 3.063904417925410e-05
9.924999999999999e-01 3.086957841865559e-05
9.930000000000000e-01 3.111740067179339e-05
9.934999999999999e-01 3.138539855601202e-05
9.940000000000000e-01 3.167719520949997e-05
9.944999999999999e-01 3.199722747670743e-05
9.950000000000000e-01 3.235180141819817e-05
9.954999999999999e-01 3.274912747982655e-05
9.960000000000000e-01 3.320061578714318e-05
9.964999999999999e-01 3.372302028392352e-05
9.970000000000000e-01 3.434178307266208e-05
9.974999999999999e-01 3.509835451837745e-05
9.980000000000000e-01 3.606651265260790e-05
9.984999999999999e-01 3.739585700659424e-05
9.990000000000000e-01 3.946099222346929e-05
9.994999999999999e-01 4.369124864569593e-05
