-1.000000000000000e+00 4.857544867288642e-01
-9.994965423831851e-01 4.857610980259546e-01
-9.979866764718843e-01 4.857809274571424e-01
-9.954719225730846e-01 4.858139616406266e-01
-9.919548128307953e-01 4.858601782682356e-01
-9.874388886763943e-01 4.859195460977104e-01
-9.819286972627066e-01 4.859920249419584e-01
-9.754297868854070e-01 4.860775656553563e-01
-9.679487013963562e-01 4.861761101171739e-01
-9.594929736144974e-01 4.862875912122318e-01
-9.500711177409453e-01 4.864119328089085e-01
-9.396926207859083e-01 4.865490497346445e-01
-9.283679330160726e-01 4.866988477491017e-01
-9.161084574320695e-01 4.868612235151626e-01
-9.029265382866211e-01 4.870360645679729e-01
-8.888354486549234e-01 4.872232492822497e-01
-8.738493770697849e-01 4.874226468381045e-01
-8.579834132349771e-01 4.876341171856454e-01
-8.412535328311810e-01 4.878575110086528e-01
-8.236765814298327e-01 4.880926696876402e-01
-8.052702575310586e-01 4.883394252626378e-01
-7.860530947427873e-01 4.885976003960626e-01
-7.660444431189779e-01 4.888670083360588e-01
-7.452644496757547e-01 4.891474528807241e-01
-7.237340381050702e-01 4.894387283436565e-01
-7.014748877063210e-01 4.897406195212899e-01
-6.785094115571321e-01 4.900529016625066e-01
-6.548607339452851e-01 4.903753404410496e-01
-6.305526670845222e-01 4.907076919312799e-01
-6.056096871376665e-01 4.910497025878559e-01
-5.800569095711980e-01 4.914011092299382e-01
-5.539200638661103e-01 4.917616390305574e-01
-5.272254676105025e-01 4.921310095118032e-01
-4.999999999999998e-01 4.925089285465322e-01
-4.722710747726826e-01 4.928950943673134e-01
-4.440666126057737e-01 4.932891955833648e-01
-4.154150130018863e-01 4.936909112062600e-01
-3.863451256931285e-01 4.940999106852156e-01
-3.568862215918718e-01 4.945158539527938e-01
-3.270679633174214e-01 4.949383914818857e-01
-2.969203753282748e-01 4.953671643548639e-01
-2.664738136900348e-01 4.958018043458178e-01
-2.357589355094272e-01 4.962419340168082e-01
-2.048066680651905e-01 4.966871668291003e-01
-1.736481776669303e-01 4.971371072703462e-01
-1.423148382732850e-01 4.975913509987134e-01
-1.108381999010110e-01 4.980494850049581e-01
-7.924995685678832e-02 4.985110877934596e-01
-4.758191582374206e-02 4.989757295832309e-01
-1.586596383480781e-02 4.994429725299238e-01
1.586596383480815e-02 4.999123709698424e-01
4.758191582374240e-02 5.003834716869690e-01
7.924995685678866e-02 5.008558142045815e-01
1.108381999010111e-01 5.013289311026765e-01
1.423148382732853e-01 5.018023483513074e-01
1.736481776669304e-01 5.022755856841068e-01
2.048066680651908e-01 5.027481570107555e-01
2.357589355094273e-01 5.032195708109142e-01
2.664738136900351e-01 5.036893306261758e-01
2.969203753282749e-01 5.041569354915491e-01
3.270679633174218e-01 5.046218805013630e-01
3.568862215918719e-01 5.050836573269089e-01
3.863451256931288e-01 5.055417547981097e-01
4.154150130018864e-01 5.059956595108783e-01
4.440666126057742e-01 5.064448564607116e-01
4.722710747726827e-01 5.068888297338415e-01
5.000000000000003e-01 5.073270631770335e-01
5.272254676105026e-01 5.077590411507283e-01
5.539200638661104e-01 5.081842492859280e-01
5.800569095711982e-01 5.086021752756319e-01
6.056096871376669e-01 5.090123096945273e-01
6.305526670845226e-01 5.094141468456340e-01
6.548607339452851e-01 5.098071856323941e-01
6.785094115571322e-01 5.101909304544193e-01
7.014748877063215e-01 5.105648921293993e-01
7.237340381050703e-01 5.109285888115189e-01
7.452644496757548e-01 5.112815469722378e-01
7.660444431189780e-01 5.116233023491993e-01
7.860530947427876e-01 5.119534009287012e-01
8.052702575310586e-01 5.122713999308499e-01
8.236765814298328e-01 5.125768687982848e-01
8.412535328311813e-01 5.128693901845235e-01
8.579834132349772e-01 5.131485609377420e-01
8.738493770697850e-01 5.134139930755753e-01
8.888354486549235e-01 5.136653147463409e-01
9.029265382866214e-01 5.139021711719022e-01
9.161084574320697e-01 5.141242255672787e-01
9.283679330160727e-01 5.143311600319939e-01
9.396926207859083e-01 5.145226764081271e-01
9.500711177409454e-01 5.146984971000070e-01
9.594929736144975e-01 5.148583658505551e-01
9.679487013963562e-01 5.150020484693929e-01
9.754297868854070e-01 5.151293335079189e-01
9.819286972627067e-01 5.152400328769936e-01
9.874388886763944e-01 5.153339824027930e-01
9.919548128307953e-01 5.154110423170857e-01
9.954719225730846e-01 5.154710976783600e-01
9.979866764718844e-01 5.155140587207468e-01
9.994965423831851e-01 5.155398611281606e-01
1.000000000000000e+00 5.155484662316051e-01
