-1.000000000000000e+00 6.309804106898266e-09
-9.805000000000000e-01 6.339888562792323e-09
-9.610000000000000e-01 6.370736532873702e-09
-9.415000000000000e-01 6.402347582799178e-09
-9.219999999999999e-01 6.434722161653543e-09
-9.025000000000000e-01 6.467861576392676e-09
-8.830000000000000e-01 6.501767969482158e-09
-8.634999999999999e-01 6.536444299496998e-09
-8.440000000000000e-01 6.571894324543216e-09
-8.245000000000000e-01 6.608122588328532e-09
-8.050000000000000e-01 6.645134408736739e-09
-7.855000000000000e-01 6.682935868830783e-09
-7.660000000000000e-01 6.721533810115194e-09
-7.464999999999997e-01 6.760935828030500e-09
-7.270000000000000e-01 6.801150269575672e-09
-7.075000000000001e-01 6.842186232988482e-09
-6.879999999999998e-01 6.884053569445739e-09
-6.685000000000001e-01 6.926762886754527e-09
-6.490000000000000e-01 6.970325554971284e-09
-6.295000000000002e-01 7.014753713958662e-09
-6.100000000000001e-01 7.060060282870704e-09
-5.904999999999999e-01 7.106258971522940e-09
-5.709999999999998e-01 7.153364293735471e-09
-5.515000000000001e-01 7.201391582572560e-09
-5.320000000000001e-01 1.080937363329128e-08
-5.125000000000001e-01 1.031966711360421e-08
-4.930000000000001e-01 1.527502487078873e-08
-4.735000000000001e-01 1.122375039099856e-08
-4.540000000000000e-01 7.730480390322147e-09
-4.345000000000002e-01 7.770445793572321e-09
-4.150000000000000e-01 7.812418657783215e-09
-3.955000000000000e-01 7.856340163476532e-09
-3.759999999999999e-01 7.902160921273610e-09
-3.564999999999999e-01 1.194241786311643e-08
-3.370000000000000e-01 1.239684786807787e-08
-3.174999999999999e-01 1.380646591243730e-08
-2.979999999999999e-01 1.664313440842597e-08
-2.785000000000000e-01 1.244118260576656e-08
-2.589999999999999e-01 1.260887148565592e-08
-2.394999999999999e-01 8.277212038917187e-09
-2.199999999999999e-01 7.974062559085196e-09
-2.004999999999999e-01 1.346551894873127e-08
-1.809999999999999e-01 1.380874458761433e-08
-1.615000000000001e-01 1.710280053858651e-08
-1.420000000000001e-01 1.735155037403275e-08
-1.225000000000000e-01 1.395626750871702e-08
-1.029999999999999e-01 1.409713544574406e-08
-8.349999999999999e-02 1.512507260009392e-08
-6.400000000000007e-02 1.535628524255260e-08
-4.449999999999989e-02 1.902363258493415e-08
-2.500000000000004e-02 1.924027130579145e-08
-5.499999999999857e-03 1.949984503641220e-08
1.400000000000017e-02 1.978671128730764e-08
3.349999999999984e-02 2.009425807153237e-08
5.299999999999994e-02 2.041961174609426e-08
7.250000000000016e-02 2.076137924584834e-08
9.200000000000018e-02 2.111910175964686e-08
1.114999999999999e-01 2.149258134463927e-08
1.310000000000002e-01 2.188214987367581e-08
1.505000000000001e-01 2.228835819795874e-08
1.700000000000000e-01 2.142132121257012e-08
1.895000000000001e-01 2.266008859955378e-08
2.090000000000000e-01 2.539920952864576e-08
2.285000000000000e-01 2.601786049512301e-08
2.480000000000000e-01 2.273537721108164e-08
2.675000000000001e-01 2.674476574111675e-08
2.869999999999999e-01 2.176758282476466e-08
3.065000000000000e-01 2.825515742671280e-08
3.260000000000000e-01 2.874588306797817e-08
3.454999999999999e-01 2.921370979107793e-08
3.650000000000002e-01 2.977181062080373e-08
3.844999999999998e-01 3.040360241773437e-08
4.040000000000002e-01 2.588339379186412e-08
4.234999999999999e-01 3.199491499113144e-08
4.429999999999998e-01 3.325940792364284e-08
4.625000000000000e-01 3.399627900601514e-08
4.819999999999999e-01 3.472945340951333e-08
5.014999999999999e-01 3.553562896259974e-08
5.209999999999999e-01 3.556627625445711e-08
5.404999999999998e-01 3.767308918639922e-08
5.600000000000001e-01 3.887049043012360e-08
5.794999999999999e-01 4.020100984036814e-08
5.990000000000000e-01 4.158640799114067e-08
6.185000000000000e-01 4.308889473780071e-08
6.379999999999999e-01 4.472700443784423e-08
6.575000000000000e-01 4.651358006649181e-08
6.769999999999998e-01 4.848261420489386e-08
6.965000000000001e-01 5.065860447868070e-08
7.160000000000000e-01 5.347081412664447e-08
7.354999999999998e-01 5.555915548892344e-08
7.549999999999999e-01 6.121294435929662e-08
7.745000000000000e-01 6.514554170665727e-08
7.940000000000000e-01 6.427566075148937e-08
8.134999999999999e-01 7.185553053520893e-08
8.329999999999997e-01 7.760459391315299e-08
8.525000000000000e-01 8.371099793241292e-08
8.719999999999999e-01 9.213352691727303e-08
8.915000000000000e-01 9.848720616856978e-08
9.110000000000000e-01 1.119719990432408e-07
9.304999999999999e-01 1.316838786533179e-07
9.500000000000000e-01 1.583911321432506e-07
9.504999999999999e-01 1.593142735939860e-07
9.510000000000000e-01 1.602520512751093e-07
9.514999999999999e-01 1.612048129002946e-07
9.520000000000000e-01 1.621729222996292e-07
9.524999999999999e-01 1.644808492370986e-07
9.530000000000000e-01 1.654861164846767e-07
9.534999999999999e-01 1.648658836949246e-07
9.540000000000000e-01 1.659046160760511e-07
9.544999999999999e-01 1.669605670519031e-07
9.550000000000000e-01 1.680342143475925e-07
9.554999999999999e-01 1.691260544359140e-07
9.560000000000000e-01 1.702366034937284e-07
9.564999999999999e-01 1.713663984186289e-07
9.570000000000000e-01 1.725159979104373e-07
9.574999999999999e-01 1.736859836225449e-07
9.580000000000000e-01 1.748769613883952e-07
9.584999999999999e-01 1.760895625290064e-07
9.590000000000000e-01 1.773244452480068e-07
9.594999999999999e-01 1.785822961210737e-07
9.600000000000000e-01 1.798638316875065e-07
9.604999999999999e-01 1.789771895244601e-07
9.610000000000000e-01 1.803125277857103e-07
9.614999999999999e-01 1.838581979850471e-07
9.620000000000000e-01 1.852422991465366e-07
9.624999999999999e-01 1.866541811307625e-07
9.630000000000000e-01 1.880947805641738e-07
9.634999999999999e-01 1.895650788537493e-07
9.640000000000000e-01 1.910661049771211e-07
9.644999999999999e-01 1.925989384881135e-07
9.650000000000000e-01 1.941647127576141e-07
9.654999999999999e-01 1.957646184719574e-07
9.660000000000000e-01 1.973999074132849e-07
9.664999999999999e-01 1.990718965491307e-07
9.670000000000000e-01 2.007819724616374e-07
9.674999999999999e-01 2.025315961501883e-07
9.680000000000000e-01 2.043223082452811e-07
9.684999999999999e-01 2.061557346758610e-07
9.690000000000000e-01 2.080335928375186e-07
9.694999999999999e-01 2.099576983147333e-07
9.700000000000000e-01 2.119299722168478e-07
9.704999999999999e-01 2.139524491952432e-07
9.710000000000000e-01 2.160272862176708e-07
9.714999999999999e-01 2.181567721856942e-07
9.720000000000000e-01 2.203433384928028e-07
9.724999999999999e-01 2.225895706337353e-07
9.730000000000000e-01 2.248982209911297e-07
9.734999999999999e-01 2.272722229431471e-07
9.740000000000000e-01 2.297147064564668e-07
9.744999999999999e-01 2.322290153531023e-07
9.750000000000000e-01 2.348187264675484e-07
9.754999999999999e-01 2.374876709438368e-07
9.760000000000000e-01 2.402399579608248e-07
9.764999999999999e-01 2.430800012198467e-07
9.770000000000000e-01 2.460125485830240e-07
9.774999999999999e-01 2.490427153148694e-07
9.780000000000000e-01 2.521760214567328e-07
9.784999999999999e-01 2.554184339552033e-07
9.790000000000000e-01 2.587764142761127e-07
9.794999999999999e-01 2.622569723687313e-07
9.800000000000000e-01 2.658677280058407e-07
9.804999999999999e-01 2.696169807216026e-07
9.810000000000000e-01 2.735137898085554e-07
9.814999999999999e-01 2.775680661295688e-07
9.820000000000000e-01 2.817906778638656e-07
9.824999999999999e-01 2.861935727573288e-07
9.830000000000000e-01 2.907899200102005e-07
9.834999999999999e-01 2.962273526766512e-07
9.840000000000000e-01 3.012151691090124e-07
9.844999999999999e-01 3.064486631922858e-07
9.850000000000000e-01 3.114260663117570e-07
9.854999999999999e-01 3.177531074630916e-07
9.860000000000000e-01 3.238536071834623e-07
9.864999999999999e-01 3.302934540259668e-07
9.870000000000000e-01 3.371047859244217e-07
9.874999999999999e-01 3.439134701915115e-07
9.880000000000000e-01 3.516051473601494e-07
9.884999999999999e-01 3.597942302272134e-07
9.890000000000000e-01 3.673540083849388e-07
9.894999999999999e-01 3.767161229917536e-07
9.900000000000000e-01 3.867709096481736e-07
9.904999999999999e-01 3.987946670574881e-07
9.910000000000000e-01 4.105285715808405e-07
9.914999999999999e-01 4.232848368605652e-07
9.920000000000000e-01 4.372208814323587e-07
9.924999999999999e-01 4.525302840731428e-07
9.930000000000000e-01 4.694542149986450e-07
9.934999999999999e-01 4.882976185348395e-07
9.940000000000000e-01 5.082700525916398e-07
9.944999999999999e-01 5.322511199809353e-07
9.950000000000000e-01 5.609310815722825e-07
9.954999999999999e-01 5.928967059466261e-07
9.960000000000000e-01 6.306874263145837e-07
9.964999999999999e-01 6.763170536631471e-07
9.970000000000000e-01 7.329315474964212e-07
9.974999999999999e-01 8.057853563312335e-07
9.980000000000000e-01 9.035518680165881e-07
9.984999999999999e-01 1.048082410073591e-06
9.990000000000000e-01 1.292222492191334e-06
9.994999999999999e-01 1.838701949237337e-06
