-1.000000000000000e+00 1.769576296351999e-04
-9.805000000000000e-01 1.770311279534822e-04
-9.610000000000000e-01 1.771046883567328e-04
-9.415000000000000e-01 1.771783109252076e-04
-9.219999999999999e-01 1.772519957393036e-04
-9.025000000000000e-01 1.773257428795606e-04
-8.830000000000000e-01 1.773995524266599e-04
-8.634999999999999e-01 1.774734244614259e-04
-8.440000000000000e-01 1.775473590648263e-04
-8.245000000000000e-01 1.776213563179713e-04
-8.050000000000000e-01 1.776954163021152e-04
-7.855000000000000e-01 1.777695390986562e-04
-7.660000000000000e-01 1.778437247891370e-04
-7.464999999999997e-01 1.779179734552445e-04
-7.270000000000000e-01 1.779922851788108e-04
-7.075000000000001e-01 1.780666600418131e-04
-6.879999999999998e-01 1.781410981263748e-04
-6.685000000000001e-01 1.782155995147640e-04
-6.490000000000000e-01 1.782901642893964e-04
-6.295000000000002e-01 1.783647925328336e-04
-6.100000000000001e-01 1.784394843277844e-04
-5.904999999999999e-01 1.785142397571047e-04
-5.709999999999998e-01 1.785890589037980e-04
-5.515000000000001e-01 1.786639418510159e-04
-5.320000000000001e-01 1.787388886820584e-04
-5.125000000000001e-01 1.788138994803737e-04
-4.930000000000001e-01 1.788889743295596e-04
-4.735000000000001e-01 1.789641133133624e-04
-4.540000000000000e-01 1.790393165156791e-04
-4.345000000000002e-01 1.791145840205559e-04
-4.150000000000000e-01 1.791899159121896e-04
-3.955000000000000e-01 1.792653122749278e-04
-3.759999999999999e-01 1.793407731932687e-04
-3.564999999999999e-01 1.794162987518630e-04
-3.370000000000000e-01 1.794918890355117e-04
-3.174999999999999e-01 1.795675441291689e-04
-2.979999999999999e-01 1.796432641179410e-04
-2.785000000000000e-01 1.797190490870868e-04
-2.589999999999999e-01 1.797948991220185e-04
-2.394999999999999e-01 1.798708143083023e-04
-2.199999999999999e-01 1.799467947316569e-04
-2.004999999999999e-01 1.800228404779571e-04
-1.809999999999999e-01 1.800989516332305e-04
-1.615000000000001e-01 1.801751282836607e-04
-1.420000000000001e-01 1.802513705155863e-04
-1.225000000000000e-01 1.803276784155017e-04
-1.029999999999999e-01 1.804040520700573e-04
-8.349999999999999e-02 1.804804915660591e-04
-6.400000000000007e-02 1.805569969904713e-04
-4.449999999999989e-02 1.806335684304140e-04
-2.500000000000004e-02 1.807102059731653e-04
-5.499999999999857e-03 1.807869097061612e-04
1.400000000000017e-02 1.808636797169955e-04
3.349999999999984e-02 1.809405160934209e-04
5.299999999999994e-02 1.810174189233493e-04
7.250000000000016e-02 1.810943882948512e-04
9.200000000000018e-02 1.811714242961574e-04
1.114999999999999e-01 1.812485270156586e-04
1.310000000000002e-01 1.813256965419059e-04
1.505000000000001e-01 1.814029329636111e-04
1.700000000000000e-01 1.814802363696476e-04
1.895000000000001e-01 1.815576068490498e-04
2.090000000000000e-01 1.816350444910144e-04
2.285000000000000e-01 1.817125493849008e-04
2.480000000000000e-01 1.817901216202303e-04
2.675000000000001e-01 1.818677612866877e-04
2.869999999999999e-01 1.819454684741215e-04
3.065000000000000e-01 1.820232432725435e-04
3.260000000000000e-01 1.821010857721302e-04
3.454999999999999e-01 1.821789960632228e-04
3.650000000000002e-01 1.822569742363274e-04
3.844999999999998e-01 1.823350203821151e-04
4.040000000000002e-01 1.824131345914233e-04
4.234999999999999e-01 1.824913169552554e-04
4.429999999999998e-01 1.825695675647816e-04
4.625000000000000e-01 1.826478865113388e-04
4.819999999999999e-01 1.827262738864314e-04
5.014999999999999e-01 1.828047297817315e-04
5.209999999999999e-01 1.828832542890795e-04
5.404999999999998e-01 1.829618475004843e-04
5.600000000000001e-01 1.830405095081236e-04
5.794999999999999e-01 1.831192404043448e-04
5.990000000000000e-01 1.831980402816648e-04
6.185000000000000e-01 1.832769092327707e-04
6.379999999999999e-01 1.833558473505204e-04
6.575000000000000e-01 1.834348547279423e-04
6.769999999999998e-01 1.835139314582370e-04
6.965000000000001e-01 1.835930776347759e-04
7.160000000000000e-01 1.836722933511032e-04
7.354999999999998e-01 1.837515787009358e-04
7.549999999999999e-01 1.838309337781634e-04
7.745000000000000e-01 1.839103586768490e-04
7.940000000000000e-01 1.839898534912299e-04
8.134999999999999e-01 1.840694183157169e-04
8.329999999999997e-01 1.841490532448964e-04
8.525000000000000e-01 1.842287583735292e-04
8.719999999999999e-01 1.843085337965524e-04
8.915000000000000e-01 1.843883796090779e-04
9.110000000000000e-01 1.844682959063950e-04
9.304999999999999e-01 1.845482827839690e-04
9.500000000000000e-01 1.846283403374431e-04
9.504999999999999e-01 1.846303940254096e-04
9.510000000000000e-01 1.846324477599073e-04
9.514999999999999e-01 1.846345015409380e-04
9.520000000000000e-01 1.846365553685033e-04
9.524999999999999e-01 1.846386092426046e-04
9.530000000000000e-01 1.846406631632438e-04
9.534999999999999e-01 1.846427171304227e-04
9.540000000000000e-01 1.846447711441423e-04
9.544999999999999e-01 1.846468252044048e-04
9.550000000000000e-01 1.846488793112114e-04
9.554999999999999e-01 1.846509334645640e-04
9.560000000000000e-01 1.846529876644640e-04
9.564999999999999e-01 1.846550419109132e-04
9.570000000000000e-01 1.846570962039132e-04
9.574999999999999e-01 1.846591505434654e-04
9.580000000000000e-01 1.846612049295717e-04
9.584999999999999e-01 1.846632593622336e-04
9.590000000000000e-01 1.846653138414528e-04
9.594999999999999e-01 1.846673683672307e-04
9.600000000000000e-01 1.846694229395691e-04
9.604999999999999e-01 1.846714775584694e-04
9.610000000000000e-01 1.846735322239337e-04
9.614999999999999e-01 1.846755869359631e-04
9.620000000000000e-01 1.846776416945596e-04
9.624999999999999e-01 1.846796964997245e-04
9.630000000000000e-01 1.846817513514597e-04
9.634999999999999e-01 1.846838062497665e-04
9.640000000000000e-01 1.846858611946469e-04
9.644999999999999e-01 1.846879161861022e-04
9.650000000000000e-01 1.846899712241342e-04
9.654999999999999e-01 1.846920263087443e-04
9.660000000000000e-01 1.846940814399344e-04
9.664999999999999e-01 1.846961366177060e-04
9.670000000000000e-01 1.846981918420608e-04
9.674999999999999e-01 1.847002471130002e-04
9.680000000000000e-01 1.847023024305262e-04
9.684999999999999e-01 1.847043577946398e-04
9.690000000000000e-01 1.847064132053431e-04
9.694999999999999e-01 1.847084686626377e-04
9.700000000000000e-01 1.847105241665254e-04
9.704999999999999e-01 1.847125797170072e-04
9.710000000000000e-01 1.847146353140851e-04
9.714999999999999e-01 1.847166909577609e-04
9.720000000000000e-01 1.847187466480359e-04
9.724999999999999e-01 1.847208023849118e-04
9.730000000000000e-01 1.847228581683903e-04
9.734999999999999e-01 1.847249139984728e-04
9.740000000000000e-01 1.847269698751613e-04
9.744999999999999e-01 1.847290257984571e-04
9.750000000000000e-01 1.847310817683622e-04
9.754999999999999e-01 1.847331377848777e-04
9.760000000000000e-01 1.847351938480057e-04
9.764999999999999e-01 1.847372499577474e-04
9.770000000000000e-01 1.847393061141047e-04
9.774999999999999e-01 1.847413623170791e-04
9.780000000000000e-01 1.847434185666722e-04
9.784999999999999e-01 1.847454748628857e-04
9.790000000000000e-01 1.847475312057215e-04
9.794999999999999e-01 1.847495875951805e-04
9.800000000000000e-01 1.847516440312650e-04
9.804999999999999e-01 1.847537005139763e-04
9.810000000000000e-01 1.847557570433162e-04
9.814999999999999e-01 1.847578136192861e-04
9.820000000000000e-01 1.847598702418877e-04
9.824999999999999e-01 1.847619269111229e-04
9.830000000000000e-01 1.847639836269930e-04
9.834999999999999e-01 1.847660403894996e-04
9.840000000000000e-01 1.847680971986443e-04
9.844999999999999e-01 1.847701540544289e-04
9.850000000000000e-01 1.847722109568550e-04
9.854999999999999e-01 1.847742679059242e-04
9.860000000000000e-01 1.847763249016383e-04
9.864999999999999e-01 1.847783819439985e-04
9.870000000000000e-01 1.847804390330067e-04
9.874999999999999e-01 1.847824961686646e-04
9.880000000000000e-01 1.847845533509736e-04
9.884999999999999e-01 1.847866105799355e-04
9.890000000000000e-01 1.847886678555517e-04
9.894999999999999e-01 1.847907251778241e-04
9.900000000000000e-01 1.847927825467542e-04
9.904999999999999e-01 1.847948399623434e-04
9.910000000000000e-01 1.847968974245936e-04
9.914999999999999e-01 1.847989549335066e-04
9.920000000000000e-01 1.848010124890837e-04
9.924999999999999e-01 1.848030700913263e-04
9.930000000000000e-01 1.848051277402366e-04
9.934999999999999e-01 1.848071854358159e-04
9.940000000000000e-01 1.848092431780660e-04
9.944999999999999e-01 1.848113009669883e-04
9.950000000000000e-01 1.848133588025845e-04
9.954999999999999e-01 1.848154166848562e-04
9.960000000000000e-01 1.848174746138054e-04
9.964999999999999e-01 1.848195325894329e-04
9.970000000000000e-01 1.848215906117412e-04
9.974999999999999e-01 1.848236486807315e-04
9.980000000000000e-01 1.848257067964053e-04
9.984999999999999e-01 1.848277649587645e-04
9.990000000000000e-01 1.848298231678106e-04
9.994999999999999e-01 1.848318814235453e-04
