-1.000000000000000e+00 2.157691038803725e-01
-9.994965423831851e-01 2.157961229568669e-01
-9.979866764718843e-01 2.158956471416367e-01
-9.954719225730846e-01 2.160722471616953e-01
-9.919548128307953e-01 2.163045989088160e-01
-9.874388886763943e-01 2.166076030343102e-01
-9.819286972627066e-01 2.169687030750006e-01
-9.754297868854070e-01 2.174077393502996e-01
-9.679487013963562e-01 2.179115324220953e-01
-9.594929736144974e-01 2.184917328960660e-01
-9.500711177409453e-01 2.191043371237051e-01
-9.396926207859083e-01 2.198577900871783e-01
-9.283679330160726e-01 2.206476851752949e-01
-9.161084574320695e-01 2.215037607244595e-01
-9.029265382866211e-01 2.224531272124331e-01
-8.888354486549234e-01 2.234592741301776e-01
-8.738493770697849e-01 2.245519486964132e-01
-8.579834132349771e-01 2.257401370927479e-01
-8.412535328311810e-01 2.270008842984877e-01
-8.236765814298327e-01 2.283377763979715e-01
-8.052702575310586e-01 2.297285624370236e-01
-7.860530947427873e-01 2.312670008512360e-01
-7.660444431189779e-01 2.328276376452953e-01
-7.452644496757547e-01 2.345676459080897e-01
-7.237340381050702e-01 2.363449724391787e-01
-7.014748877063210e-01 2.382371539836781e-01
-6.785094115571321e-01 2.402140978086102e-01
-6.548607339452851e-01 2.423146551831137e-01
-6.305526670845222e-01 2.445045549572729e-01
-6.056096871376665e-01 2.468228826588631e-01
-5.800569095711980e-01 2.492521420323900e-01
-5.539200638661103e-01 2.517969517534940e-01
-5.272254676105025e-01 2.544612379250626e-01
-4.999999999999998e-01 2.572710868935451e-01
-4.722710747726826e-01 2.602049232760085e-01
-4.440666126057737e-01 2.632790480218704e-01
-4.154150130018863e-01 2.665045327916188e-01
-3.863451256931285e-01 2.698707054300009e-01
-3.568862215918718e-01 2.734280609693168e-01
-3.270679633174214e-01 2.771437041669670e-01
-2.969203753282748e-01 2.810269188429816e-01
-2.664738136900348e-01 2.850935579770925e-01
-2.357589355094272e-01 2.893603550686300e-01
-2.048066680651905e-01 2.938359985977235e-01
-1.736481776669303e-01 2.985134519552602e-01
-1.423148382732850e-01 3.034393828350632e-01
-1.108381999010110e-01 3.085973887573570e-01
-7.924995685678832e-02 3.140040784216520e-01
-4.758191582374206e-02 3.196771934658564e-01
-1.586596383480781e-02 3.256485315424252e-01
1.586596383480815e-02 3.319168054086168e-01
4.758191582374240e-02 3.385019438477989e-01
7.924995685678866e-02 3.454325185206770e-01
1.108381999010111e-01 3.527281525967981e-01
1.423148382732853e-01 3.604031051251482e-01
1.736481776669304e-01 3.685093200262075e-01
2.048066680651908e-01 3.770590482447518e-01
2.357589355094273e-01 3.860718483858086e-01
2.664738136900351e-01 3.955957236996608e-01
2.969203753282749e-01 4.056854799915484e-01
3.270679633174218e-01 4.163667743764199e-01
3.568862215918719e-01 4.277173374084705e-01
3.863451256931288e-01 4.397261643061775e-01
4.154150130018864e-01 4.522986734083097e-01
4.440666126057742e-01 4.661043318812602e-01
4.722710747726827e-01 4.805995468030705e-01
5.000000000000003e-01 4.960698326025309e-01
5.272254676105026e-01 5.125957714848428e-01
5.539200638661104e-01 5.303137509121223e-01
5.800569095711982e-01 5.493111350107908e-01
6.056096871376669e-01 5.697455989356448e-01
6.305526670845226e-01 5.917505775676737e-01
6.548607339452851e-01 6.155304721236237e-01
6.785094115571322e-01 6.413449944969120e-01
7.014748877063215e-01 6.692208243755090e-01
7.237340381050703e-01 6.996531979950851e-01
7.452644496757548e-01 7.328937549701237e-01
7.660444431189780e-01 7.693399280968469e-01
7.860530947427876e-01 8.094287284095609e-01
8.052702575310586e-01 8.537431802046683e-01
8.236765814298328e-01 9.029339133864858e-01
8.412535328311813e-01 9.578191732370097e-01
8.579834132349772e-01 1.019400325096837e+00
8.738493770697850e-01 1.088978235220401e+00
8.888354486549235e-01 1.168132767849008e+00
9.029265382866214e-01 1.258884287170942e+00
9.161084574320697e-01 1.363979528013045e+00
9.283679330160727e-01 1.486998413876290e+00
9.396926207859083e-01 1.632823917895954e+00
9.500711177409454e-01 1.808319785739115e+00
9.594929736144975e-01 2.023388917810160e+00
9.679487013963562e-01 2.292901707505433e+00
9.754297868854070e-01 2.640183053648406e+00
9.819286972627067e-01 3.104065469346551e+00
9.874388886763944e-01 3.754877886805589e+00
9.919548128307953e-01 4.732450714982844e+00
9.954719225730846e-01 6.363754612564749e+00
9.979866764718844e-01 9.629495459078527e+00
9.994965423831851e-01 1.943319809411975e+01
1.000000000000000e+00 1.379244101762590e+01
