-1.000000000000000e+00 3.089264520286174e-01
-9.994965423831851e-01 3.089599594364426e-01
-9.979866764718843e-01 3.090605059158323e-01
-9.954719225730846e-01 3.092281957244915e-01
-9.919548128307953e-01 3.094632014409432e-01
-9.874388886763943e-01 3.097657578325850e-01
-9.819286972627066e-01 3.101361694464690e-01
-9.754297868854070e-01 3.105748015013776e-01
-9.679487013963562e-01 3.110821100513170e-01
-9.594929736144974e-01 3.116586079264505e-01
-9.500711177409453e-01 3.123048755429507e-01
-9.396926207859083e-01 3.130215959704644e-01
-9.283679330160726e-01 3.138094917331316e-01
-9.161084574320695e-01 3.146694548049604e-01
-9.029265382866211e-01 3.156021445016083e-01
-8.888354486549234e-01 3.166087838541820e-01
-8.738493770697849e-01 3.176903356463690e-01
-8.579834132349771e-01 3.188480116308047e-01
-8.412535328311810e-01 3.200829587386487e-01
-8.236765814298327e-01 3.213965555231253e-01
-8.052702575310586e-01 3.227902310917789e-01
-7.860530947427873e-01 3.242655098319327e-01
-7.660444431189779e-01 3.258240471248703e-01
-7.452644496757547e-01 3.274675795541531e-01
-7.237340381050702e-01 3.291979717046173e-01
-7.014748877063210e-01 3.310172088867560e-01
-6.785094115571321e-01 3.329273992611306e-01
-6.548607339452851e-01 3.349308581525093e-01
-6.305526670845222e-01 3.370297650137746e-01
-6.056096871376665e-01 3.392268544184355e-01
-5.800569095711980e-01 3.415247441511624e-01
-5.539200638661103e-01 3.439262569769349e-01
-5.272254676105025e-01 3.464344700222232e-01
-4.999999999999998e-01 3.490527069735965e-01
-4.722710747726826e-01 3.517840334582222e-01
-4.440666126057737e-01 3.546323731755577e-01
-4.154150130018863e-01 3.576015072492813e-01
-3.863451256931285e-01 3.606955036943566e-01
-3.568862215918718e-01 3.639186987944932e-01
-3.270679633174214e-01 3.672757052474442e-01
-2.969203753282748e-01 3.707714041767125e-01
-2.664738136900348e-01 3.744110618309076e-01
-2.357589355094272e-01 3.782001728207185e-01
-2.048066680651905e-01 3.821447091112370e-01
-1.736481776669303e-01 3.862509086544580e-01
-1.423148382732850e-01 3.905255793214606e-01
-1.108381999010110e-01 3.949759344596197e-01
-7.924995685678832e-02 3.996095382695642e-01
-4.758191582374206e-02 4.044347064228464e-01
-1.586596383480781e-02 4.094602874614195e-01
1.586596383480815e-02 4.146957299059678e-01
4.758191582374240e-02 4.201511533342145e-01
7.924995685678866e-02 4.258375753231218e-01
1.108381999010111e-01 4.317667606499833e-01
1.423148382732853e-01 4.379513438099842e-01
1.736481776669304e-01 4.444050862206939e-01
2.048066680651908e-01 4.511429085510482e-01
2.357589355094273e-01 4.581809216034838e-01
2.664738136900351e-01 4.655366531516165e-01
2.969203753282749e-01 4.732291456167349e-01
3.270679633174218e-01 4.812792538655726e-01
3.568862215918719e-01 4.897097101895891e-01
3.863451256931288e-01 4.985454855510997e-01
4.154150130018864e-01 5.078140327027606e-01
4.440666126057742e-01 5.175455627389740e-01
4.722710747726827e-01 5.277734808531175e-01
5.000000000000003e-01 5.385348276017692e-01
5.272254676105026e-01 5.498707707339289e-01
5.539200638661104e-01 5.618272753939108e-01
5.800569095711982e-01 5.744559169865665e-01
6.056096871376669e-01 5.878145314990627e-01
6.305526670845226e-01 6.019685842560825e-01
6.548607339452851e-01 6.169923009237466e-01
6.785094115571322e-01 6.329703588327621e-01
7.014748877063215e-01 6.499997565185115e-01
7.237340381050703e-01 6.681923932089181e-01
7.452644496757548e-01 6.876780842420817e-01
7.660444431189780e-01 7.086084250446344e-01
7.860530947427876e-01 7.311618255035771e-01
8.052702575310586e-01 7.555499140323820e-01
8.236765814298328e-01 7.820259862400168e-01
8.412535328311813e-01 8.108961584560566e-01
8.579834132349772e-01 8.425344525812408e-01
8.738493770697850e-01 8.774034872665110e-01
8.888354486549235e-01 9.160831168029718e-01
9.029265382866214e-01 9.593114772177346e-01
9.161084574320697e-01 1.008044557967265e+00
9.283679330160727e-01 1.063545430342932e+00
9.396926207859083e-01 1.127521602114232e+00
9.500711177409454e-01 1.202344622833397e+00
9.594929736144975e-01 1.291414331371648e+00
9.679487013963562e-01 1.399796525385927e+00
9.754297868854070e-01 1.535404059732707e+00
9.819286972627067e-01 1.711356551320142e+00
9.874388886763944e-01 1.951092335430363e+00
9.919548128307953e-01 2.301693555863529e+00
9.954719225730846e-01 2.871990491807036e+00
9.979866764718844e-01 3.988629301864647e+00
9.994965423831851e-01 7.256955658911522e+00
1.000000000000000e+00 8.271578713432118e-01
