-1.000000000000000e+00 1.411745872387677e-08
-9.805000000000000e-01 1.416095613127948e-08
-9.610000000000000e-01 1.420472373566386e-08
-9.415000000000000e-01 1.424876407854169e-08
-9.219999999999999e-01 1.429307973362026e-08
-9.025000000000000e-01 1.433767330731594e-08
-8.830000000000000e-01 1.438254743927771e-08
-8.634999999999999e-01 1.442770480292069e-08
-8.440000000000000e-01 1.447314810597001e-08
-8.245000000000000e-01 1.451888009101529e-08
-8.050000000000000e-01 1.456490353607574e-08
-7.855000000000000e-01 1.461122125517651e-08
-7.660000000000000e-01 1.465783609893610e-08
-7.464999999999997e-01 1.470475095516550e-08
-7.270000000000000e-01 1.475196874947899e-08
-7.075000000000001e-01 1.479949244591716e-08
-6.879999999999998e-01 1.484732504758213e-08
-6.685000000000001e-01 1.489546959728558e-08
-6.490000000000000e-01 1.494392917820957e-08
-6.295000000000002e-01 1.499270691458076e-08
-6.100000000000001e-01 1.504180597235810e-08
-5.904999999999999e-01 1.509122955993439e-08
-5.709999999999998e-01 1.514098092885210e-08
-5.515000000000001e-01 1.519106337453377e-08
-5.320000000000001e-01 1.524148023702721e-08
-5.125000000000001e-01 1.529223490176600e-08
-4.930000000000001e-01 1.534333080034569e-08
-4.735000000000001e-01 1.539477141131591e-08
-4.540000000000000e-01 1.544656026098890e-08
-4.345000000000002e-01 1.549870092426488e-08
-4.150000000000000e-01 1.555119702547460e-08
-3.955000000000000e-01 1.560405223923947e-08
-3.759999999999999e-01 1.565727029134986e-08
-3.564999999999999e-01 1.571085495966188e-08
-3.370000000000000e-01 1.576481007501309e-08
-3.174999999999999e-01 1.581913952215780e-08
-2.979999999999999e-01 1.587384724072215e-08
-2.785000000000000e-01 1.592893722617980e-08
-2.589999999999999e-01 1.598441353084853e-08
-2.394999999999999e-01 1.604028026490834e-08
-2.199999999999999e-01 1.609654159744167e-08
-2.004999999999999e-01 1.615320175749623e-08
-1.809999999999999e-01 1.621026503517102e-08
-1.615000000000001e-01 1.626773578272627e-08
-1.420000000000001e-01 1.632561841571776e-08
-1.225000000000000e-01 1.638391741415630e-08
-1.029999999999999e-01 1.644263732369289e-08
-8.349999999999999e-02 1.650178275683046e-08
-6.400000000000007e-02 1.656135839416263e-08
-4.449999999999989e-02 1.662136898564049e-08
-2.500000000000004e-02 1.668181935186793e-08
-5.499999999999857e-03 1.674271438542642e-08
1.400000000000017e-02 1.680405905223006e-08
3.349999999999984e-02 1.686585839291165e-08
5.299999999999994e-02 1.692811752424061e-08
7.250000000000016e-02 1.699084164057389e-08
9.200000000000018e-02 1.705403601534039e-08
1.114999999999999e-01 1.711770600256017e-08
1.310000000000002e-01 1.718185703839928e-08
1.505000000000001e-01 1.724649464276124e-08
1.700000000000000e-01 1.731162442091627e-08
1.895000000000001e-01 1.737725206516917e-08
2.090000000000000e-01 1.744338335656737e-08
2.285000000000000e-01 1.751002416664977e-08
2.480000000000000e-01 1.757718045923808e-08
2.675000000000001e-01 1.764485829227158e-08
2.869999999999999e-01 1.771306381968668e-08
3.065000000000000e-01 1.778180329334271e-08
3.260000000000000e-01 1.785108306499517e-08
3.454999999999999e-01 1.792090958831801e-08
3.650000000000002e-01 1.799128942097627e-08
3.844999999999998e-01 1.806222922675090e-08
4.040000000000002e-01 1.813373577771700e-08
4.234999999999999e-01 1.820581595647740e-08
4.429999999999998e-01 1.827847675845336e-08
4.625000000000000e-01 1.835172529423373e-08
4.819999999999999e-01 1.842556879198512e-08
5.014999999999999e-01 1.850001459992438e-08
5.209999999999999e-01 1.857507018885575e-08
5.404999999999998e-01 1.865074315477468e-08
5.600000000000001e-01 1.872704122154045e-08
5.794999999999999e-01 1.880397224361986e-08
5.990000000000000e-01 1.888154420890437e-08
6.185000000000000e-01 1.895976524160304e-08
6.379999999999999e-01 1.903864360521394e-08
6.575000000000000e-01 1.911818770557656e-08
6.769999999999998e-01 1.919840609400788e-08
6.965000000000001e-01 1.927930747052533e-08
7.160000000000000e-01 1.936090068715912e-08
7.354999999999998e-01 1.944319475135740e-08
7.549999999999999e-01 1.952619882948743e-08
7.745000000000000e-01 1.960992225043596e-08
7.940000000000000e-01 1.969437450931264e-08
8.134999999999999e-01 1.977956527125971e-08
8.329999999999997e-01 1.986550437537236e-08
8.525000000000000e-01 1.995220183873314e-08
8.719999999999999e-01 2.003966786056514e-08
8.915000000000000e-01 2.012791282650794e-08
9.110000000000000e-01 2.021694731302107e-08
9.304999999999999e-01 2.030678209191964e-08
9.500000000000000e-01 2.039742813504725e-08
9.504999999999999e-01 2.039976315885791e-08
9.510000000000000e-01 2.040209872357108e-08
9.514999999999999e-01 2.040443482937708e-08
9.520000000000000e-01 2.040677147646632e-08
9.524999999999999e-01 2.040910866502926e-08
9.530000000000000e-01 2.041144639525647e-08
9.534999999999999e-01 2.041378466733864e-08
9.540000000000000e-01 2.041612348146650e-08
9.544999999999999e-01 2.041846283783090e-08
9.550000000000000e-01 2.042080273662277e-08
9.554999999999999e-01 2.042314317803316e-08
9.560000000000000e-01 2.042548416225318e-08
9.564999999999999e-01 2.042782568947402e-08
9.570000000000000e-01 2.043016775988700e-08
9.574999999999999e-01 2.043251037368352e-08
9.580000000000000e-01 2.043485353105505e-08
9.584999999999999e-01 2.043719723219318e-08
9.590000000000000e-01 2.043954147728956e-08
9.594999999999999e-01 2.044188626653595e-08
9.600000000000000e-01 2.044423160012423e-08
9.604999999999999e-01 2.044657747824631e-08
9.610000000000000e-01 2.044892390109424e-08
9.614999999999999e-01 2.045127086886015e-08
9.620000000000000e-01 2.045361838173625e-08
9.624999999999999e-01 2.045596643991486e-08
9.630000000000000e-01 2.045831504358836e-08
9.634999999999999e-01 2.046066419294926e-08
9.640000000000000e-01 2.046301388819017e-08
9.644999999999999e-01 2.046536412950371e-08
9.650000000000000e-01 2.046771491708271e-08
9.654999999999999e-01 2.047006625112000e-08
9.660000000000000e-01 2.047241813180854e-08
9.664999999999999e-01 2.047477055934139e-08
9.670000000000000e-01 2.047712353391170e-08
9.674999999999999e-01 2.047947705571266e-08
9.680000000000000e-01 2.048183112493764e-08
9.684999999999999e-01 2.048418574178003e-08
9.690000000000000e-01 2.048654090643338e-08
9.694999999999999e-01 2.048889661909123e-08
9.700000000000000e-01 2.049125287994734e-08
9.704999999999999e-01 2.049360968919547e-08
9.710000000000000e-01 2.049596704702950e-08
9.714999999999999e-01 2.049832495364341e-08
9.720000000000000e-01 2.050068340923127e-08
9.724999999999999e-01 2.050304241398725e-08
9.730000000000000e-01 2.050540196810560e-08
9.734999999999999e-01 2.050776207178066e-08
9.740000000000000e-01 2.051012272520688e-08
9.744999999999999e-01 2.051248392857879e-08
9.750000000000000e-01 2.051484568209102e-08
9.754999999999999e-01 2.051720798593830e-08
9.760000000000000e-01 2.051957084031542e-08
9.764999999999999e-01 2.052193424541733e-08
9.770000000000000e-01 2.052429820143899e-08
9.774999999999999e-01 2.052666270857553e-08
9.780000000000000e-01 2.052902776702212e-08
9.784999999999999e-01 2.053139337697405e-08
9.790000000000000e-01 2.053375953862671e-08
9.794999999999999e-01 2.053612625217553e-08
9.800000000000000e-01 2.053849351781612e-08
9.804999999999999e-01 2.054086133574412e-08
9.810000000000000e-01 2.054322970615530e-08
9.814999999999999e-01 2.054559862924548e-08
9.820000000000000e-01 2.054796810521063e-08
9.824999999999999e-01 2.055033813424678e-08
9.830000000000000e-01 2.055270871655004e-08
9.834999999999999e-01 2.055507985231667e-08
9.840000000000000e-01 2.055745154174295e-08
9.844999999999999e-01 2.055982378502532e-08
9.850000000000000e-01 2.056219658236028e-08
9.854999999999999e-01 2.056456993394446e-08
9.860000000000000e-01 2.056694383997452e-08
9.864999999999999e-01 2.056931830064726e-08
9.870000000000000e-01 2.057169331615959e-08
9.874999999999999e-01 2.057406888670847e-08
9.880000000000000e-01 2.057644501249099e-08
9.884999999999999e-01 2.057882169370431e-08
9.890000000000000e-01 2.058119893054572e-08
9.894999999999999e-01 2.058357672321256e-08
9.900000000000000e-01 2.058595507190230e-08
9.904999999999999e-01 2.058833397681248e-08
9.910000000000000e-01 2.059071343814076e-08
9.914999999999999e-01 2.059309345608488e-08
9.920000000000000e-01 2.059547403084270e-08
9.924999999999999e-01 2.059785516261212e-08
9.930000000000000e-01 2.060023685159119e-08
9.934999999999999e-01 2.060261909797803e-08
9.940000000000000e-01 2.060500190197085e-08
9.944999999999999e-01 2.060738526376799e-08
9.950000000000000e-01 2.060976918356785e-08
9.954999999999999e-01 2.061215366156896e-08
9.960000000000000e-01 2.061453869796987e-08
9.964999999999999e-01 2.061692429296934e-08
9.970000000000000e-01 2.061931044676615e-08
9.974999999999999e-01 2.062169715955916e-08
9.980000000000000e-01 2.062408443154740e-08
9.984999999999999e-01 2.062647226292994e-08
9.990000000000000e-01 2.062886065390595e-08
9.994999999999999e-01 2.063124960467472e-08
