-1.000000000000000e+00 2.039125623964856e-01
-9.994965423831851e-01 2.039464697313771e-01
-9.979866764718843e-01 2.040470889819087e-01
-9.954719225730846e-01 2.042157483113685e-01
-9.919548128307953e-01 2.044509233085009e-01
-9.874388886763943e-01 2.047552557344235e-01
-9.819286972627066e-01 2.051279050284570e-01
-9.754297868854070e-01 2.055568233197857e-01
-9.679487013963562e-01 2.060817732712342e-01
-9.594929736144974e-01 2.066486740459657e-01
-9.500711177409453e-01 2.073216710361852e-01
-9.396926207859083e-01 2.080514920638513e-01
-9.283679330160726e-01 2.088486301006210e-01
-9.161084574320695e-01 2.097857197889588e-01
-9.029265382866211e-01 2.107030569191150e-01
-8.888354486549234e-01 2.117592994022173e-01
-8.738493770697849e-01 2.128642761283248e-01
-8.579834132349771e-01 2.140478011059900e-01
-8.412535328311810e-01 2.152960234669837e-01
-8.236765814298327e-01 2.167415089580497e-01
-8.052702575310586e-01 2.181469422626789e-01
-7.860530947427873e-01 2.196603965912016e-01
-7.660444431189779e-01 2.212759029891700e-01
-7.452644496757547e-01 2.229725708285517e-01
-7.237340381050702e-01 2.248168433787587e-01
-7.014748877063210e-01 2.267200795790755e-01
-6.785094115571321e-01 2.287821602920716e-01
-6.548607339452851e-01 2.308832054833296e-01
-6.305526670845222e-01 2.330987954755476e-01
-6.056096871376665e-01 2.354822520544834e-01
-5.800569095711980e-01 2.379596219294698e-01
-5.539200638661103e-01 2.405582810225069e-01
-5.272254676105025e-01 2.432498449356173e-01
-4.999999999999998e-01 2.461025976799467e-01
-4.722710747726826e-01 2.490864103669088e-01
-4.440666126057737e-01 2.522431869948383e-01
-4.154150130018863e-01 2.555218825584510e-01
-3.863451256931285e-01 2.589462987046872e-01
-3.568862215918718e-01 2.625986153792649e-01
-3.270679633174214e-01 2.663917179289893e-01
-2.969203753282748e-01 2.703203391469214e-01
-2.664738136900348e-01 2.744570423238121e-01
-2.357589355094272e-01 2.788041273610420e-01
-2.048066680651905e-01 2.833579107338689e-01
-1.736481776669303e-01 2.881925297369836e-01
-1.423148382732850e-01 2.931742767452634e-01
-1.108381999010110e-01 2.985100795157329e-01
-7.924995685678832e-02 3.039986594871938e-01
-4.758191582374206e-02 3.097776794594786e-01
-1.586596383480781e-02 3.158419837805891e-01
1.586596383480815e-02 3.222355882420344e-01
4.758191582374240e-02 3.290417865382522e-01
7.924995685678866e-02 3.360605836755545e-01
1.108381999010111e-01 3.435110898241550e-01
1.423148382732853e-01 3.513611137793405e-01
1.736481776669304e-01 3.596375216227089e-01
2.048066680651908e-01 3.684508077415845e-01
2.357589355094273e-01 3.776749325426904e-01
2.664738136900351e-01 3.874019916070710e-01
2.969203753282749e-01 3.976771555022970e-01
3.270679633174218e-01 4.086732963310447e-01
3.568862215918719e-01 4.202593826878337e-01
3.863451256931288e-01 4.325232565948913e-01
4.154150130018864e-01 4.455841125946968e-01
4.440666126057742e-01 4.594677480651819e-01
4.722710747726827e-01 4.742772592488978e-01
5.000000000000003e-01 4.900889145411295e-01
5.272254676105026e-01 5.069803937546781e-01
5.539200638661104e-01 5.250820680980224e-01
5.800569095711982e-01 5.444907305020900e-01
6.056096871376669e-01 5.652761196973619e-01
6.305526670845226e-01 5.879206872485042e-01
6.548607339452851e-01 6.122554904780925e-01
6.785094115571322e-01 6.385670583581277e-01
7.014748877063215e-01 6.670928890510437e-01
7.237340381050703e-01 6.981756675827639e-01
7.452644496757548e-01 7.322454734126722e-01
7.660444431189780e-01 7.694054949477376e-01
7.860530947427876e-01 8.103577309127475e-01
8.052702575310586e-01 8.555953445553540e-01
8.236765814298328e-01 9.058115002060723e-01
8.412535328311813e-01 9.618644326555043e-01
8.579834132349772e-01 1.024704173856471e+00
8.738493770697850e-01 1.095725442367611e+00
8.888354486549235e-01 1.176576415678539e+00
9.029265382866214e-01 1.269195591447915e+00
9.161084574320697e-01 1.376474473468078e+00
9.283679330160727e-01 1.501990589169875e+00
9.396926207859083e-01 1.650834212098269e+00
9.500711177409454e-01 1.829960157961980e+00
9.594929736144975e-01 2.049402882398757e+00
9.679487013963562e-01 2.324364947682188e+00
9.754297868854070e-01 2.678660284187071e+00
9.819286972627067e-01 3.151961022014127e+00
9.874388886763944e-01 3.815749149365517e+00
9.919548128307953e-01 4.812892784547636e+00
9.954719225730846e-01 6.476800621947626e+00
9.979866764718844e-01 9.807637542632273e+00
9.994965423831851e-01 1.980687411014751e+01
1.000000000000000e+00 6.596719915118211e+01
