-1.000000000000000e+00 1.362923014675299e-01
-9.994965423831851e-01 1.363143350747321e-01
-9.979866764718843e-01 1.363804578836298e-01
-9.954719225730846e-01 1.364906040121587e-01
-9.919548128307953e-01 1.366451918991383e-01
-9.874388886763943e-01 1.368442416143784e-01
-9.819286972627066e-01 1.370883151994144e-01
-9.754297868854070e-01 1.373771232022024e-01
-9.679487013963562e-01 1.377115938186945e-01
-9.594929736144974e-01 1.380911289357401e-01
-9.500711177409453e-01 1.385170633605380e-01
-9.396926207859083e-01 1.389910866004683e-01
-9.283679330160726e-01 1.395103944890301e-01
-9.161084574320695e-01 1.400775480324645e-01
-9.029265382866211e-01 1.406934100150568e-01
-8.888354486549234e-01 1.413582668358744e-01
-8.738493770697849e-01 1.420729511765105e-01
-8.579834132349771e-01 1.428395138990619e-01
-8.412535328311810e-01 1.436566513467233e-01
-8.236765814298327e-01 1.445259957648412e-01
-8.052702575310586e-01 1.454498593871233e-01
-7.860530947427873e-01 1.464293288031812e-01
-7.660444431189779e-01 1.474630233487610e-01
-7.452644496757547e-01 1.485548507067801e-01
-7.237340381050702e-01 1.497056147510117e-01
-7.014748877063210e-01 1.509149836715534e-01
-6.785094115571321e-01 1.521891565599096e-01
-6.548607339452851e-01 1.535261163699536e-01
-6.305526670845222e-01 1.549350361060934e-01
-6.056096871376665e-01 1.564039928474021e-01
-5.800569095711980e-01 1.579278315131282e-01
-5.539200638661103e-01 1.595342698397589e-01
-5.272254676105025e-01 1.612021023468594e-01
-4.999999999999998e-01 1.629467544969797e-01
-4.722710747726826e-01 1.648197512847926e-01
-4.440666126057737e-01 1.667306383864831e-01
-4.154150130018863e-01 1.687301724780368e-01
-3.863451256931285e-01 1.708167718704184e-01
-3.568862215918718e-01 1.729916000298637e-01
-3.270679633174214e-01 1.752661406561558e-01
-2.969203753282748e-01 1.776319765368314e-01
-2.664738136900348e-01 1.801002548266665e-01
-2.357589355094272e-01 1.826709184885440e-01
-2.048066680651905e-01 1.853549203405832e-01
-1.736481776669303e-01 1.881506338624403e-01
-1.423148382732850e-01 1.910674090731311e-01
-1.108381999010110e-01 1.941075533188130e-01
-7.924995685678832e-02 1.972778817052276e-01
-4.758191582374206e-02 2.005874668330316e-01
-1.586596383480781e-02 2.040382372979685e-01
1.586596383480815e-02 2.076375183530496e-01
4.758191582374240e-02 2.113933904328609e-01
7.924995685678866e-02 2.153176975018829e-01
1.108381999010111e-01 2.194125708782775e-01
1.423148382732853e-01 2.236919989496313e-01
1.736481776669304e-01 2.281644075147647e-01
2.048066680651908e-01 2.328399782854862e-01
2.357589355094273e-01 2.377300380359074e-01
2.664738136900351e-01 2.428458902285601e-01
2.969203753282749e-01 2.482011135496395e-01
3.270679633174218e-01 2.538084937753887e-01
3.568862215918719e-01 2.596829234555545e-01
3.863451256931288e-01 2.658403324185059e-01
4.154150130018864e-01 2.722985425971736e-01
4.440666126057742e-01 2.790808334410490e-01
4.722710747726827e-01 2.861860560283883e-01
5.000000000000003e-01 2.936727400587403e-01
5.272254676105026e-01 3.015225629705172e-01
5.539200638661104e-01 3.097890571957508e-01
5.800569095711982e-01 3.185992164709152e-01
6.056096871376669e-01 3.276700317594598e-01
6.305526670845226e-01 3.373294883275237e-01
6.548607339452851e-01 3.475341383423280e-01
6.785094115571322e-01 3.583166356288998e-01
7.014748877063215e-01 3.697223243441666e-01
7.237340381050703e-01 3.818036255099257e-01
7.452644496757548e-01 3.946169299558164e-01
7.660444431189780e-01 4.082297466815225e-01
7.860530947427876e-01 4.227204502665259e-01
8.052702575310586e-01 4.381755253293311e-01
8.236765814298328e-01 4.547009171590170e-01
8.412535328311813e-01 4.724286518678798e-01
8.579834132349772e-01 4.914797107201423e-01
8.738493770697850e-01 5.120562775603831e-01
8.888354486549235e-01 5.343748978411069e-01
9.029265382866214e-01 5.586956983802173e-01
9.161084574320697e-01 5.853738315392952e-01
9.283679330160727e-01 6.148493766666616e-01
9.396926207859083e-01 6.477082624804882e-01
9.500711177409454e-01 6.847384052068642e-01
9.594929736144975e-01 7.270480152043789e-01
9.679487013963562e-01 7.762315597913988e-01
9.754297868854070e-01 8.347218406798282e-01
9.819286972627067e-01 9.064272285385691e-01
9.874388886763944e-01 9.981668298385897e-01
9.919548128307953e-01 1.123161411581690e+00
9.954719225730846e-01 1.311432679991201e+00
9.979866764718844e-01 1.650973601055600e+00
9.994965423831851e-01 2.574299475516848e+00
1.000000000000000e+00 2.089592321706692e+03
