-1.000000000000000e+00 5.080948871915681e-07
-9.805000000000000e-01 5.111191869417544e-07
-9.610000000000000e-01 5.112067370445844e-07
-9.415000000000000e-01 5.117934623852746e-07
-9.219999999999999e-01 5.216731207988824e-07
-9.025000000000000e-01 5.252314602400509e-07
-8.830000000000000e-01 5.288293163667870e-07
-8.634999999999999e-01 5.258874626980354e-07
-8.440000000000000e-01 5.295543726204583e-07
-8.245000000000000e-01 5.400555969898999e-07
-8.050000000000000e-01 5.438217019764733e-07
-7.855000000000000e-01 5.476440634470854e-07
-7.660000000000000e-01 5.449396855620580e-07
-7.464999999999997e-01 5.485764153439782e-07
-7.270000000000000e-01 5.593008850093101e-07
-7.075000000000001e-01 5.634037826128571e-07
-6.879999999999998e-01 5.614558608309186e-07
-6.685000000000001e-01 5.721300148521579e-07
-6.490000000000000e-01 5.765369129217083e-07
-6.295000000000002e-01 5.747552672592887e-07
-6.100000000000001e-01 5.792317623441109e-07
-5.904999999999999e-01 5.838921077084227e-07
-5.709999999999998e-01 5.886489381087381e-07
-5.515000000000001e-01 5.935395792310999e-07
-5.320000000000001e-01 5.984732355792420e-07
-5.125000000000001e-01 6.034880179184235e-07
-4.930000000000001e-01 6.088275231021051e-07
-4.735000000000001e-01 6.141277555486675e-07
-4.540000000000000e-01 6.189016431081284e-07
-4.345000000000002e-01 6.201171859122991e-07
-4.150000000000000e-01 6.317237308842145e-07
-3.955000000000000e-01 6.394660434389297e-07
-3.759999999999999e-01 6.442086968787856e-07
-3.564999999999999e-01 6.549406894116276e-07
-3.370000000000000e-01 6.553119523531096e-07
-3.174999999999999e-01 6.613529825439976e-07
-2.979999999999999e-01 6.694438142100018e-07
-2.785000000000000e-01 6.708730389254092e-07
-2.589999999999999e-01 6.774745248229688e-07
-2.394999999999999e-01 6.863691066112540e-07
-2.199999999999999e-01 6.960325598018403e-07
-2.004999999999999e-01 6.968809655757972e-07
-1.809999999999999e-01 7.048676809654634e-07
-1.615000000000001e-01 7.166575438228156e-07
-1.420000000000001e-01 7.199735258374449e-07
-1.225000000000000e-01 7.282553773997043e-07
-1.029999999999999e-01 7.409796257844569e-07
-8.349999999999999e-02 7.494491306989782e-07
-6.400000000000007e-02 7.581856182464990e-07
-4.449999999999989e-02 7.671632525249497e-07
-2.500000000000004e-02 7.764052563369526e-07
-5.499999999999857e-03 7.858244981879345e-07
1.400000000000017e-02 7.960344925789233e-07
3.349999999999984e-02 8.130097658675925e-07
5.299999999999994e-02 8.235264199389134e-07
7.250000000000016e-02 8.348573139030004e-07
9.200000000000018e-02 8.386425816751292e-07
1.114999999999999e-01 8.504512320560061e-07
1.310000000000002e-01 8.697677349791873e-07
1.505000000000001e-01 8.748411437528454e-07
1.700000000000000e-01 8.877501026616758e-07
1.895000000000001e-01 9.011264330663417e-07
2.090000000000000e-01 9.150183291727584e-07
2.285000000000000e-01 9.294891884447934e-07
2.480000000000000e-01 9.445466927334380e-07
2.675000000000001e-01 9.602059502932897e-07
2.869999999999999e-01 9.765001338481092e-07
3.065000000000000e-01 9.938332437211187e-07
3.260000000000000e-01 1.011431532594756e-06
3.454999999999999e-01 1.029924561114906e-06
3.650000000000002e-01 1.049420344617681e-06
3.844999999999998e-01 1.072174535103291e-06
4.040000000000002e-01 1.091170777829376e-06
4.234999999999999e-01 1.119284843690600e-06
4.429999999999998e-01 1.135133834621941e-06
4.625000000000000e-01 1.162760975481948e-06
4.819999999999999e-01 1.189382451304673e-06
5.014999999999999e-01 1.217683804131693e-06
5.209999999999999e-01 1.247574032569078e-06
5.404999999999998e-01 1.279504051112528e-06
5.600000000000001e-01 1.313593758316099e-06
5.794999999999999e-01 1.359105275563942e-06
5.990000000000000e-01 1.389315186556788e-06
6.185000000000000e-01 1.431606454617783e-06
6.379999999999999e-01 1.477325518486334e-06
6.575000000000000e-01 1.526918185763540e-06
6.769999999999998e-01 1.578069887590111e-06
6.965000000000001e-01 1.635410587857605e-06
7.160000000000000e-01 1.707419905416810e-06
7.354999999999998e-01 1.773957869175825e-06
7.549999999999999e-01 1.860334635309061e-06
7.745000000000000e-01 1.951523015443483e-06
7.940000000000000e-01 2.062236100910133e-06
8.134999999999999e-01 2.181161534845050e-06
8.329999999999997e-01 2.324188132478555e-06
8.525000000000000e-01 2.495113303432301e-06
8.719999999999999e-01 2.704293299198573e-06
8.915000000000000e-01 2.969926020783486e-06
9.110000000000000e-01 3.317563454809707e-06
9.304999999999999e-01 3.805266462469988e-06
9.500000000000000e-01 4.556250414433088e-06
9.504999999999999e-01 4.581218231751584e-06
9.510000000000000e-01 4.606581817863258e-06
9.514999999999999e-01 4.632377153860358e-06
9.520000000000000e-01 4.658545219802343e-06
9.524999999999999e-01 4.685129628971763e-06
9.530000000000000e-01 4.712135625495962e-06
9.534999999999999e-01 4.739582634914262e-06
9.540000000000000e-01 4.767487889821116e-06
9.544999999999999e-01 4.795838662150702e-06
9.550000000000000e-01 4.824664340327332e-06
9.554999999999999e-01 4.854003555782907e-06
9.560000000000000e-01 4.883787654582629e-06
9.564999999999999e-01 4.914079753132263e-06
9.570000000000000e-01 4.945007213836587e-06
9.574999999999999e-01 4.976419217023834e-06
9.580000000000000e-01 5.008390649808525e-06
9.584999999999999e-01 5.032857674875660e-06
9.590000000000000e-01 5.074092298136253e-06
9.594999999999999e-01 5.107858345490645e-06
9.600000000000000e-01 5.142243783876252e-06
9.604999999999999e-01 5.177334692466375e-06
9.610000000000000e-01 5.213075669409392e-06
9.614999999999999e-01 5.249510803819374e-06
9.620000000000000e-01 5.286662704787823e-06
9.624999999999999e-01 5.324514027598390e-06
9.630000000000000e-01 5.363170892642036e-06
9.634999999999999e-01 5.402623174467128e-06
9.640000000000000e-01 5.442060436945608e-06
9.644999999999999e-01 5.479009893706687e-06
9.650000000000000e-01 5.525096968762050e-06
9.654999999999999e-01 5.568033401507293e-06
9.660000000000000e-01 5.611805815300535e-06
9.664999999999999e-01 5.656772372987327e-06
9.670000000000000e-01 5.703478022297804e-06
9.674999999999999e-01 5.750443807246002e-06
9.680000000000000e-01 5.798432194495216e-06
9.684999999999999e-01 5.847609559653521e-06
9.690000000000000e-01 5.890412317690628e-06
9.694999999999999e-01 5.949588726881001e-06
9.700000000000000e-01 6.002494865498055e-06
9.704999999999999e-01 6.056734874147045e-06
9.710000000000000e-01 6.112373877658125e-06
9.714999999999999e-01 6.169477861309771e-06
9.720000000000000e-01 6.227040497993138e-06
9.724999999999999e-01 6.287200575738762e-06
9.730000000000000e-01 6.349131490956180e-06
9.734999999999999e-01 6.412594138269847e-06
9.740000000000000e-01 6.478367084935317e-06
9.744999999999999e-01 6.545755164788605e-06
9.750000000000000e-01 6.615199475616158e-06
9.754999999999999e-01 6.686713619600308e-06
9.760000000000000e-01 6.760457022687021e-06
9.764999999999999e-01 6.836548336286858e-06
9.770000000000000e-01 6.915159867963249e-06
9.774999999999999e-01 6.996569313600137e-06
9.780000000000000e-01 7.080387717158001e-06
9.784999999999999e-01 7.167404135763291e-06
9.790000000000000e-01 7.257322762590590e-06
9.794999999999999e-01 7.350653835227366e-06
9.800000000000000e-01 7.447637454333292e-06
9.804999999999999e-01 7.547942627827930e-06
9.810000000000000e-01 7.652602423994706e-06
9.814999999999999e-01 7.761182890485199e-06
9.820000000000000e-01 7.874381633722187e-06
9.824999999999999e-01 7.992392647028707e-06
9.830000000000000e-01 8.117359156115415e-06
9.834999999999999e-01 8.244294791889798e-06
9.840000000000000e-01 8.379048990980176e-06
9.844999999999999e-01 8.520268620834926e-06
9.850000000000000e-01 8.668530349824904e-06
9.854999999999999e-01 8.824402003311875e-06
9.860000000000000e-01 8.989373447621026e-06
9.864999999999999e-01 9.162411427510241e-06
9.870000000000000e-01 9.345431435548214e-06
9.874999999999999e-01 9.539407722339914e-06
9.880000000000000e-01 9.745411091500023e-06
9.884999999999999e-01 9.964742264499041e-06
9.890000000000000e-01 1.019887352053863e-05
9.894999999999999e-01 1.044987542069047e-05
9.900000000000000e-01 1.071920610029124e-05
9.904999999999999e-01 1.100954627881444e-05
9.910000000000000e-01 1.132380300701218e-05
9.914999999999999e-01 1.166539990715694e-05
9.920000000000000e-01 1.203858967126233e-05
9.924999999999999e-01 1.244848661780412e-05
9.930000000000000e-01 1.290165360347451e-05
9.934999999999999e-01 1.340617742953592e-05
9.940000000000000e-01 1.397414755253313e-05
9.944999999999999e-01 1.461629040485979e-05
9.950000000000000e-01 1.535263628098042e-05
9.954999999999999e-01 1.620863750406704e-05
9.960000000000000e-01 1.722071649547693e-05
9.964999999999999e-01 1.844274790404637e-05
9.970000000000000e-01 1.995892257049553e-05
9.974999999999999e-01 2.191052473579864e-05
9.980000000000000e-01 2.455283104733631e-05
9.984999999999999e-01 2.842380403846858e-05
9.990000000000000e-01 3.492284309930824e-05
9.994999999999999e-01 4.959509798096617e-05
