-1.000000000000000e+00 6.410529758302780e-08
-9.805000000000000e-01 6.854692112685797e-08
-9.610000000000000e-01 6.617732645866724e-08
-9.415000000000000e-01 6.391417463614637e-08
-9.219999999999999e-01 6.665122173201232e-08
-9.025000000000000e-01 6.417815459771401e-08
-8.830000000000000e-01 6.674017830447917e-08
-8.634999999999999e-01 6.808733093700062e-08
-8.440000000000000e-01 6.766475830689605e-08
-8.245000000000000e-01 6.903273088335929e-08
-8.050000000000000e-01 6.780722296027208e-08
-7.855000000000000e-01 6.859913203617591e-08
-7.660000000000000e-01 6.913810435155746e-08
-7.464999999999997e-01 7.092377368550442e-08
-7.270000000000000e-01 7.120536193598487e-08
-7.075000000000001e-01 7.075944597112372e-08
-6.879999999999998e-01 7.265373461531912e-08
-6.685000000000001e-01 7.234853605157034e-08
-6.490000000000000e-01 7.413575613870782e-08
-6.295000000000002e-01 7.392641568578450e-08
-6.100000000000001e-01 7.056940703607931e-08
-5.904999999999999e-01 7.177578492907824e-08
-5.709999999999998e-01 7.333251148247411e-08
-5.515000000000001e-01 7.668560176738432e-08
-5.320000000000001e-01 7.999827966399152e-08
-5.125000000000001e-01 7.677730681637750e-08
-4.930000000000001e-01 7.726003342404823e-08
-4.735000000000001e-01 7.836624910554252e-08
-4.540000000000000e-01 8.017715921869696e-08
-4.345000000000002e-01 7.525552234946395e-08
-4.150000000000000e-01 9.586229416003934e-08
-3.955000000000000e-01 8.153063119712698e-08
-3.759999999999999e-01 8.187098182065211e-08
-3.564999999999999e-01 8.673526413839349e-08
-3.370000000000000e-01 8.940690437317271e-08
-3.174999999999999e-01 8.568169146501664e-08
-2.979999999999999e-01 8.482582905375473e-08
-2.785000000000000e-01 8.607551429588250e-08
-2.589999999999999e-01 7.940734288079127e-08
-2.394999999999999e-01 8.318216910053621e-08
-2.199999999999999e-01 8.765308287634891e-08
-2.004999999999999e-01 9.201214240121132e-08
-1.809999999999999e-01 9.334912095553841e-08
-1.615000000000001e-01 9.526341112298034e-08
-1.420000000000001e-01 9.141321408967876e-08
-1.225000000000000e-01 9.556186172138116e-08
-1.029999999999999e-01 9.089920100058660e-08
-8.349999999999999e-02 9.662907332877944e-08
-6.400000000000007e-02 1.020675983722153e-07
-4.449999999999989e-02 1.045095304554055e-07
-2.500000000000004e-02 1.021487179008945e-07
-5.499999999999857e-03 9.489374035988020e-08
1.400000000000017e-02 1.038271699435955e-07
3.349999999999984e-02 1.042746426382382e-07
5.299999999999994e-02 1.028128266215759e-07
7.250000000000016e-02 1.108199514342046e-07
9.200000000000018e-02 1.100568742065804e-07
1.114999999999999e-01 1.077134352740494e-07
1.310000000000002e-01 1.104192286875836e-07
1.505000000000001e-01 1.119006763999632e-07
1.700000000000000e-01 1.155978317037340e-07
1.895000000000001e-01 1.134393667934944e-07
2.090000000000000e-01 1.195106000362034e-07
2.285000000000000e-01 1.241688779725165e-07
2.480000000000000e-01 1.262384333510061e-07
2.675000000000001e-01 1.292375109901866e-07
2.869999999999999e-01 1.294523746754376e-07
3.065000000000000e-01 1.250269224234702e-07
3.260000000000000e-01 1.309425845709975e-07
3.454999999999999e-01 1.326424226922612e-07
3.650000000000002e-01 1.162174874373351e-07
3.844999999999998e-01 1.346589805228589e-07
4.040000000000002e-01 1.447943959725579e-07
4.234999999999999e-01 1.398414471459226e-07
4.429999999999998e-01 1.183101228851005e-07
4.625000000000000e-01 1.403213649335812e-07
4.819999999999999e-01 1.542869356172584e-07
5.014999999999999e-01 1.572105944660238e-07
5.209999999999999e-01 1.592566029292004e-07
5.404999999999998e-01 1.631409555613806e-07
5.600000000000001e-01 1.723618874538528e-07
5.794999999999999e-01 1.761237377661238e-07
5.990000000000000e-01 1.756028268315090e-07
6.185000000000000e-01 1.875146678688665e-07
6.379999999999999e-01 1.931774559963251e-07
6.575000000000000e-01 1.979854685415815e-07
6.769999999999998e-01 2.050014362489965e-07
6.965000000000001e-01 2.147108663849497e-07
7.160000000000000e-01 2.224898149213571e-07
7.354999999999998e-01 2.329722471113762e-07
7.549999999999999e-01 2.539206749803381e-07
7.745000000000000e-01 2.593615302366493e-07
7.940000000000000e-01 2.681269515842454e-07
8.134999999999999e-01 2.864532314962654e-07
8.329999999999997e-01 2.777154925477792e-07
8.525000000000000e-01 3.205370638986881e-07
8.719999999999999e-01 3.519666515062722e-07
8.915000000000000e-01 3.847981993097338e-07
9.110000000000000e-01 4.256598858757339e-07
9.304999999999999e-01 4.887045972794113e-07
9.500000000000000e-01 5.836399902217696e-07
9.504999999999999e-01 5.860404629266400e-07
9.510000000000000e-01 5.898938081293005e-07
9.514999999999999e-01 5.924024409358764e-07
9.520000000000000e-01 5.922996173099718e-07
9.524999999999999e-01 5.989243900096083e-07
9.530000000000000e-01 6.025000016785353e-07
9.534999999999999e-01 6.058615115054099e-07
9.540000000000000e-01 6.093514392421265e-07
9.544999999999999e-01 6.126811961670281e-07
9.550000000000000e-01 6.186383310320807e-07
9.554999999999999e-01 6.164942317142903e-07
9.560000000000000e-01 6.222774370440524e-07
9.564999999999999e-01 6.262423423618171e-07
9.570000000000000e-01 6.299744655431268e-07
9.574999999999999e-01 6.322529947325494e-07
9.580000000000000e-01 6.373576706101615e-07
9.584999999999999e-01 6.432697205064372e-07
9.590000000000000e-01 6.439274468214127e-07
9.594999999999999e-01 6.488597482304589e-07
9.600000000000000e-01 6.580118592185253e-07
9.604999999999999e-01 6.574680859962787e-07
9.610000000000000e-01 6.669028119098065e-07
9.614999999999999e-01 6.673602035428930e-07
9.620000000000000e-01 6.728532321410757e-07
9.624999999999999e-01 6.777181499229327e-07
9.630000000000000e-01 6.812957592000804e-07
9.634999999999999e-01 6.882002798430014e-07
9.640000000000000e-01 6.942688219907954e-07
9.644999999999999e-01 6.993278674244650e-07
9.650000000000000e-01 7.034822175640336e-07
9.654999999999999e-01 7.082179936988091e-07
9.660000000000000e-01 7.138419684778085e-07
9.664999999999999e-01 7.193468249269152e-07
9.670000000000000e-01 7.248056914155372e-07
9.674999999999999e-01 7.304316982386553e-07
9.680000000000000e-01 7.378655933559028e-07
9.684999999999999e-01 7.431493525154794e-07
9.690000000000000e-01 7.490698458372583e-07
9.694999999999999e-01 7.563522693438630e-07
9.700000000000000e-01 7.618655595969371e-07
9.704999999999999e-01 7.703402968296522e-07
9.710000000000000e-01 7.762711933346984e-07
9.714999999999999e-01 7.834631717370706e-07
9.720000000000000e-01 7.914228887002529e-07
9.724999999999999e-01 7.990264616489777e-07
9.730000000000000e-01 8.068412735260869e-07
9.734999999999999e-01 8.154027713158335e-07
9.740000000000000e-01 8.236517771417401e-07
9.744999999999999e-01 8.319894138439857e-07
9.750000000000000e-01 8.405845790092966e-07
9.754999999999999e-01 8.496600792890075e-07
9.760000000000000e-01 8.568075173492973e-07
9.764999999999999e-01 8.665770260362940e-07
9.770000000000000e-01 8.792889027631239e-07
9.774999999999999e-01 8.882872003281554e-07
9.780000000000000e-01 8.966883598649366e-07
9.784999999999999e-01 9.106831475423116e-07
9.790000000000000e-01 9.187397087709878e-07
9.794999999999999e-01 9.309085577729736e-07
9.800000000000000e-01 9.466727271940931e-07
9.804999999999999e-01 9.543793091808415e-07
9.810000000000000e-01 9.713147078285719e-07
9.814999999999999e-01 9.861761565979209e-07
9.820000000000000e-01 9.997808175803926e-07
9.824999999999999e-01 1.012975696400282e-06
9.830000000000000e-01 1.031844665973552e-06
9.834999999999999e-01 1.050600531717981e-06
9.840000000000000e-01 1.067421126505110e-06
9.844999999999999e-01 1.085133530704466e-06
9.850000000000000e-01 1.104393968060719e-06
9.854999999999999e-01 1.123928951884396e-06
9.860000000000000e-01 1.145133169806765e-06
9.864999999999999e-01 1.166997287477811e-06
9.870000000000000e-01 1.189762295114896e-06
9.874999999999999e-01 1.212639435291122e-06
9.880000000000000e-01 1.240372469321067e-06
9.884999999999999e-01 1.268311510960171e-06
9.890000000000000e-01 1.297811126769815e-06
9.894999999999999e-01 1.327392930438614e-06
9.900000000000000e-01 1.363521532425722e-06
9.904999999999999e-01 1.399037384802318e-06
9.910000000000000e-01 1.439722912703166e-06
9.914999999999999e-01 1.480634241499268e-06
9.920000000000000e-01 1.527833742557172e-06
9.924999999999999e-01 1.579418645399166e-06
9.930000000000000e-01 1.636788095530530e-06
9.934999999999999e-01 1.700616395285915e-06
9.940000000000000e-01 1.772072642201401e-06
9.944999999999999e-01 1.852744770635142e-06
9.950000000000000e-01 1.948455425440923e-06
9.954999999999999e-01 2.058351633492743e-06
9.960000000000000e-01 2.184568838414112e-06
9.964999999999999e-01 2.338595441393090e-06
9.970000000000000e-01 2.530173508228000e-06
9.974999999999999e-01 2.776101372391832e-06
9.980000000000000e-01 3.111657075694474e-06
9.984999999999999e-01 3.600049200750037e-06
9.990000000000000e-01 4.422998040307156e-06
9.994999999999999e-01 6.281677635785531e-06
