-1.000000000000000e+00 5.621079639858301e-01
-9.805000000000000e-01 5.628170959280846e-01
-9.610000000000000e-01 5.635300639426211e-01
-9.415000000000000e-01 5.642469124633771e-01
-9.219999999999999e-01 5.649676867698925e-01
-9.025000000000000e-01 5.656924330082809e-01
-8.830000000000000e-01 5.664211982156022e-01
-8.634999999999999e-01 5.671540303446047e-01
-8.440000000000000e-01 5.678909782893915e-01
-8.245000000000000e-01 5.686320919120312e-01
-8.050000000000000e-01 5.693774220701804e-01
-7.855000000000000e-01 5.701270206480707e-01
-7.660000000000000e-01 5.708809405772864e-01
-7.464999999999997e-01 5.716392358805745e-01
-7.270000000000000e-01 5.724019616969281e-01
-7.075000000000001e-01 5.731691743134567e-01
-6.879999999999998e-01 5.739409312043950e-01
-6.685000000000001e-01 5.747172910648001e-01
-6.490000000000000e-01 5.754983138487118e-01
-6.295000000000002e-01 5.762840608083165e-01
-6.100000000000001e-01 5.770745945362070e-01
-5.904999999999999e-01 5.778699790022670e-01
-5.709999999999998e-01 5.786702796063720e-01
-5.515000000000001e-01 5.794755632184845e-01
-5.320000000000001e-01 5.802858982294304e-01
-5.125000000000001e-01 5.811013546004611e-01
-4.930000000000001e-01 5.819220039168349e-01
-4.735000000000001e-01 5.827479194398018e-01
-4.540000000000000e-01 5.835791761685191e-01
-4.345000000000002e-01 5.844158508969380e-01
-4.150000000000000e-01 5.852580222780990e-01
-3.955000000000000e-01 5.861057708900588e-01
-3.759999999999999e-01 5.869591793033648e-01
-3.564999999999999e-01 5.878183321559814e-01
-3.370000000000000e-01 5.886833162277999e-01
-3.174999999999999e-01 5.895542205195604e-01
-2.979999999999999e-01 5.904311363391768e-01
-2.785000000000000e-01 5.913141573871519e-01
-2.589999999999999e-01 5.922033798508819e-01
-2.394999999999999e-01 5.930989025011902e-01
-2.199999999999999e-01 5.940008267954086e-01
-2.004999999999999e-01 5.949092569855994e-01
-1.809999999999999e-01 5.958243002326246e-01
-1.615000000000001e-01 5.967460667263443e-01
-1.420000000000001e-01 5.976746698134158e-01
-1.225000000000000e-01 5.986102261315593e-01
-1.029999999999999e-01 5.995528557518855e-01
-8.349999999999999e-02 6.005026823300519e-01
-6.400000000000007e-02 6.014598332660621e-01
-4.449999999999989e-02 6.024244398738128e-01
-2.500000000000004e-02 6.033966375615982e-01
-5.499999999999857e-03 6.043765660236823e-01
1.400000000000017e-02 6.053643694442271e-01
3.349999999999984e-02 6.063601967147997e-01
5.299999999999994e-02 6.073642016662170e-01
7.250000000000016e-02 6.083765433161832e-01
9.200000000000018e-02 6.093973861341831e-01
1.114999999999999e-01 6.104269003250229e-01
1.310000000000002e-01 6.114652621328610e-01
1.505000000000001e-01 6.125126541675849e-01
1.700000000000000e-01 6.135692657557852e-01
1.895000000000001e-01 6.146352933186356e-01
2.090000000000000e-01 6.157109407794618e-01
2.285000000000000e-01 6.167964200040560e-01
2.480000000000000e-01 6.178919512771766e-01
2.675000000000001e-01 6.189977638254843e-01
2.869999999999999e-01 6.201140963610303e-01
3.065000000000000e-01 6.212411977101412e-01
3.260000000000000e-01 6.223793274635822e-01
3.454999999999999e-01 6.235287567293570e-01
3.650000000000002e-01 6.246897689186048e-01
3.844999999999998e-01 6.258626605937532e-01
4.040000000000002e-01 6.270477424889204e-01
4.234999999999999e-01 6.282453405408365e-01
4.429999999999998e-01 6.294557970903332e-01
4.625000000000000e-01 6.306794722058974e-01
4.819999999999999e-01 6.319167450243640e-01
5.014999999999999e-01 6.331680156134795e-01
5.209999999999999e-01 6.344337068475864e-01
5.404999999999998e-01 6.357142660404740e-01
5.600000000000001e-01 6.370101679640690e-01
5.794999999999999e-01 6.383219167931609e-01
5.990000000000000e-01 6.396500502677296e-01
6.185000000000000e-01 6.409951419167139e-01
6.379999999999999e-01 6.423578066346726e-01
6.575000000000000e-01 6.437387040845930e-01
6.769999999999998e-01 6.451385458372113e-01
6.965000000000001e-01 6.465581019662593e-01
7.160000000000000e-01 6.479982075820839e-01
7.354999999999998e-01 6.494597747852721e-01
7.549999999999999e-01 6.509438058586309e-01
7.745000000000000e-01 6.524514057017134e-01
7.940000000000000e-01 6.539838049488802e-01
8.134999999999999e-01 6.555423850091064e-01
8.329999999999997e-01 6.571287108871413e-01
8.525000000000000e-01 6.587445826339712e-01
8.719999999999999e-01 6.603921062053311e-01
8.915000000000000e-01 6.620737980860685e-01
9.110000000000000e-01 6.637927602527645e-01
9.304999999999999e-01 6.655529931945580e-01
9.500000000000000e-01 6.673600466432102e-01
9.504999999999999e-01 6.674070638148428e-01
9.510000000000000e-01 6.674541174023590e-01
9.514999999999999e-01 6.675012074887928e-01
9.520000000000000e-01 6.675483343992820e-01
9.524999999999999e-01 6.675954981694043e-01
9.530000000000000e-01 6.676426990335991e-01
9.534999999999999e-01 6.676899370948975e-01
9.540000000000000e-01 6.677372128431052e-01
9.544999999999999e-01 6.677845263788182e-01
9.550000000000000e-01 6.678318778723989e-01
9.554999999999999e-01 6.678792675631059e-01
9.560000000000000e-01 6.679266966189571e-01
9.564999999999999e-01 6.679741634695997e-01
9.570000000000000e-01 6.680216690781432e-01
9.574999999999999e-01 6.680692137642271e-01
9.580000000000000e-01 6.681167978499869e-01
9.584999999999999e-01 6.681644215887137e-01
9.590000000000000e-01 6.682120851367445e-01
9.594999999999999e-01 6.682597888299762e-01
9.600000000000000e-01 6.683075328875722e-01
9.604999999999999e-01 6.683553176088312e-01
9.610000000000000e-01 6.684031432604873e-01
9.614999999999999e-01 6.684510101436721e-01
9.620000000000000e-01 6.684989185575155e-01
9.624999999999999e-01 6.685468686867357e-01
9.630000000000000e-01 6.685948607007540e-01
9.634999999999999e-01 6.686428955908232e-01
9.640000000000000e-01 6.686909730058976e-01
9.644999999999999e-01 6.687390934190595e-01
9.650000000000000e-01 6.687872572366366e-01
9.654999999999999e-01 6.688354650144708e-01
9.660000000000000e-01 6.688837166193269e-01
9.664999999999999e-01 6.689320126803814e-01
9.670000000000000e-01 6.689803539144157e-01
9.674999999999999e-01 6.690287398417871e-01
9.680000000000000e-01 6.690771712175956e-01
9.684999999999999e-01 6.691256494535738e-01
9.690000000000000e-01 6.691741723807563e-01
9.694999999999999e-01 6.692227420437347e-01
9.700000000000000e-01 6.692713586916919e-01
9.704999999999999e-01 6.693200227280105e-01
9.710000000000000e-01 6.693687347725956e-01
9.714999999999999e-01 6.694174952452892e-01
9.720000000000000e-01 6.694663046592005e-01
9.724999999999999e-01 6.695151634779167e-01
9.730000000000000e-01 6.695640733310378e-01
9.734999999999999e-01 6.696130318291488e-01
9.740000000000000e-01 6.696620412821895e-01
9.744999999999999e-01 6.697111020967884e-01
9.750000000000000e-01 6.697602149112695e-01
9.754999999999999e-01 6.698093802832477e-01
9.760000000000000e-01 6.698585989004179e-01
9.764999999999999e-01 6.699078713391761e-01
9.770000000000000e-01 6.699571983104780e-01
9.774999999999999e-01 6.700065804907825e-01
9.780000000000000e-01 6.700560182061758e-01
9.784999999999999e-01 6.701055125110102e-01
9.790000000000000e-01 6.701550644042048e-01
9.794999999999999e-01 6.702046748110578e-01
9.800000000000000e-01 6.702543437232652e-01
9.804999999999999e-01 6.703040729406794e-01
9.810000000000000e-01 6.703538634233769e-01
9.814999999999999e-01 6.704037167969219e-01
9.820000000000000e-01 6.704536325180660e-01
9.824999999999999e-01 6.705036138447925e-01
9.830000000000000e-01 6.705536615256902e-01
9.834999999999999e-01 6.706037772134320e-01
9.840000000000000e-01 6.706539631364691e-01
9.844999999999999e-01 6.707042195794908e-01
9.850000000000000e-01 6.707545497098851e-01
9.854999999999999e-01 6.708049552864345e-01
9.860000000000000e-01 6.708554390525381e-01
9.864999999999999e-01 6.709059992959986e-01
9.870000000000000e-01 6.709566525802990e-01
9.874999999999999e-01 6.710073873584597e-01
9.880000000000000e-01 6.710582135800117e-01
9.884999999999999e-01 6.711091346126623e-01
9.890000000000000e-01 6.711601550517859e-01
9.894999999999999e-01 6.712112885514169e-01
9.900000000000000e-01 6.712625223194267e-01
9.904999999999999e-01 6.713138726468083e-01
9.910000000000000e-01 6.713653471756085e-01
9.914999999999999e-01 6.714169546004038e-01
9.920000000000000e-01 6.714687046285874e-01
9.924999999999999e-01 6.715206091521495e-01
9.930000000000000e-01 6.715726820557746e-01
9.934999999999999e-01 6.716249397062588e-01
9.940000000000000e-01 6.716774028627610e-01
9.944999999999999e-01 6.717300972206808e-01
9.950000000000000e-01 6.717830530953214e-01
9.954999999999999e-01 6.718363111872961e-01
9.960000000000000e-01 6.718899261309933e-01
9.964999999999999e-01 6.719439734845821e-01
9.970000000000000e-01 6.719985622052957e-01
9.974999999999999e-01 6.720538588623584e-01
9.980000000000000e-01 6.721101447625334e-01
9.984999999999999e-01 6.721679502072248e-01
9.990000000000000e-01 6.722284967125460e-01
9.994999999999999e-01 6.722959345328851e-01
