-1.000000000000000e+00 4.777303515439583e-01
-9.994965423831851e-01 4.777401480280953e-01
-9.979866764718843e-01 4.777695326738747e-01
-9.954719225730846e-01 4.778184910556171e-01
-9.919548128307953e-01 4.778869991112396e-01
-9.874388886763943e-01 4.779750231133522e-01
-9.819286972627066e-01 4.780825196288229e-01
-9.754297868854070e-01 4.782094354668545e-01
-9.679487013963562e-01 4.783557076156166e-01
-9.594929736144974e-01 4.785212631674892e-01
-9.500711177409453e-01 4.787060192329968e-01
-9.396926207859083e-01 4.789098828435042e-01
-9.283679330160726e-01 4.791327508427861e-01
-9.161084574320695e-01 4.793745097675692e-01
-9.029265382866211e-01 4.796350357171862e-01
-8.888354486549234e-01 4.799141942125095e-01
-8.738493770697849e-01 4.802118400442529e-01
-8.579834132349771e-01 4.805278171109411e-01
-8.412535328311810e-01 4.808619582466804e-01
-8.236765814298327e-01 4.812140850389838e-01
-8.052702575310586e-01 4.815840076369269e-01
-7.860530947427873e-01 4.819715245499154e-01
-7.660444431189779e-01 4.823764224374134e-01
-7.452644496757547e-01 4.827984758898866e-01
-7.237340381050702e-01 4.832374472016126e-01
-7.014748877063210e-01 4.836930861354691e-01
-6.785094115571321e-01 4.841651296804226e-01
-6.548607339452851e-01 4.846533018021731e-01
-6.305526670845222e-01 4.851573131875132e-01
-6.056096871376665e-01 4.856768609830984e-01
-5.800569095711980e-01 4.862116285292920e-01
-5.539200638661103e-01 4.867612850898347e-01
-5.272254676105025e-01 4.873254855782617e-01
-4.999999999999998e-01 4.879038702818601e-01
-4.722710747726826e-01 4.884960645842376e-01
-4.440666126057737e-01 4.891016786875590e-01
-4.154150130018863e-01 4.897203073355980e-01
-3.863451256931285e-01 4.903515295389106e-01
-3.568862215918718e-01 4.909949083034422e-01
-3.270679633174214e-01 4.916499903640904e-01
-2.969203753282748e-01 4.923163059247821e-01
-2.664738136900348e-01 4.929933684068035e-01
-2.357589355094272e-01 4.936806742071981e-01
-2.048066680651905e-01 4.943777024692295e-01
-1.736481776669303e-01 4.950839148670058e-01
-1.423148382732850e-01 4.957987554065469e-01
-1.108381999010110e-01 4.965216502456979e-01
-7.924995685678832e-02 4.972520075354692e-01
-4.758191582374206e-02 4.979892172855472e-01
-1.586596383480781e-02 4.987326512568803e-01
1.586596383480815e-02 4.994816628844298e-01
4.758191582374240e-02 5.002355872333445e-01
7.924995685678866e-02 5.009937409920034e-01
1.108381999010111e-01 5.017554225055486e-01
1.423148382732853e-01 5.025199118537143e-01
1.736481776669304e-01 5.032864709769370e-01
2.048066680651908e-01 5.040543438549070e-01
2.357589355094273e-01 5.048227567418915e-01
2.664738136900351e-01 5.055909184633225e-01
2.969203753282749e-01 5.063580207782925e-01
3.270679633174218e-01 5.071232388127358e-01
3.568862215918719e-01 5.078857315681836e-01
3.863451256931288e-01 5.086446425110857e-01
4.154150130018864e-01 5.093991002476193e-01
4.440666126057742e-01 5.101482192898277e-01
4.722710747726827e-01 5.108911009159267e-01
5.000000000000003e-01 5.116268341340544e-01
5.272254676105026e-01 5.123544967488303e-01
5.539200638661104e-01 5.130731565403683e-01
5.800569095711982e-01 5.137818725574733e-01
6.056096871376669e-01 5.144796965301210e-01
6.305526670845226e-01 5.151656744048762e-01
6.548607339452851e-01 5.158388477899453e-01
6.785094115571322e-01 5.164982568286492e-01
7.014748877063215e-01 5.171429399553802e-01
7.237340381050703e-01 5.177719381124051e-01
7.452644496757548e-01 5.183842958568844e-01
7.660444431189780e-01 5.189790638889328e-01
7.860530947427876e-01 5.195553014986556e-01
8.052702575310586e-01 5.201120791350301e-01
8.236765814298328e-01 5.206484810943909e-01
8.412535328311813e-01 5.211636083207249e-01
8.579834132349772e-01 5.216565813084306e-01
8.738493770697850e-01 5.221265430960561e-01
8.888354486549235e-01 5.225726623371868e-01
9.029265382866214e-01 5.229941364322105e-01
9.161084574320697e-01 5.233901947021199e-01
9.283679330160727e-01 5.237601015828605e-01
9.396926207859083e-01 5.241031598169132e-01
9.500711177409454e-01 5.244187136101477e-01
9.594929736144975e-01 5.247061517376359e-01
9.679487013963562e-01 5.249649105492018e-01
9.754297868854070e-01 5.251944768535690e-01
9.819286972627067e-01 5.253943906444929e-01
9.874388886763944e-01 5.255642476230090e-01
9.919548128307953e-01 5.257037014927426e-01
9.954719225730846e-01 5.258124659783193e-01
9.979866764718844e-01 5.258903165367200e-01
9.994965423831851e-01 5.259370917774875e-01
1.000000000000000e+00 5.259526947772216e-01
