-1.000000000000000e+00 2.291476427805401e+00
-9.805000000000000e-01 2.292407268630099e+00
-9.610000000000000e-01 2.293339684746670e+00
-9.415000000000000e-01 2.294273682412396e+00
-9.219999999999999e-01 2.295209267928814e+00
-9.025000000000000e-01 2.296146447642200e+00
-8.830000000000000e-01 2.297085227944060e+00
-8.634999999999999e-01 2.298025615271622e+00
-8.440000000000000e-01 2.298967616108345e+00
-8.245000000000000e-01 2.299911236984429e+00
-8.050000000000000e-01 2.300856484477333e+00
-7.855000000000000e-01 2.301803365212312e+00
-7.660000000000000e-01 2.302751885862941e+00
-7.464999999999997e-01 2.303702053151672e+00
-7.270000000000000e-01 2.304653873850380e+00
-7.075000000000001e-01 2.305607354780927e+00
-6.879999999999998e-01 2.306562502815743e+00
-6.685000000000001e-01 2.307519324878393e+00
-6.490000000000000e-01 2.308477827944177e+00
-6.295000000000002e-01 2.309438019040730e+00
-6.100000000000001e-01 2.310399905248626e+00
-5.904999999999999e-01 2.311363493702008e+00
-5.709999999999998e-01 2.312328791589210e+00
-5.515000000000001e-01 2.313295806187473e+00
-5.320000000000001e-01 2.314264544727109e+00
-5.125000000000001e-01 2.315235014597203e+00
-4.930000000000001e-01 2.316207223209391e+00
-4.735000000000001e-01 2.317181178032821e+00
-4.540000000000000e-01 2.318156886594851e+00
-4.345000000000002e-01 2.319134356481758e+00
-4.150000000000000e-01 2.320113595339464e+00
-3.955000000000000e-01 2.321094610874264e+00
-3.759999999999999e-01 2.322077410821517e+00
-3.564999999999999e-01 2.323062003074904e+00
-3.370000000000000e-01 2.324048395494091e+00
-3.174999999999999e-01 2.325036596034502e+00
-2.979999999999999e-01 2.326026612715810e+00
-2.785000000000000e-01 2.327018453622764e+00
-2.589999999999999e-01 2.328012126930124e+00
-2.394999999999999e-01 2.329007640806771e+00
-2.199999999999999e-01 2.330005003562127e+00
-2.004999999999999e-01 2.331004223549707e+00
-1.809999999999999e-01 2.332005309169577e+00
-1.615000000000001e-01 2.333008268960982e+00
-1.420000000000001e-01 2.334013111477414e+00
-1.225000000000000e-01 2.335019845330822e+00
-1.029999999999999e-01 2.336028479243458e+00
-8.349999999999999e-02 2.337039021992462e+00
-6.400000000000007e-02 2.338051482450654e+00
-4.449999999999989e-02 2.339065869542027e+00
-2.500000000000004e-02 2.340082192289040e+00
-5.499999999999857e-03 2.341100459774300e+00
1.400000000000017e-02 2.342120681171597e+00
3.349999999999984e-02 2.343142865730330e+00
5.299999999999994e-02 2.344167022782593e+00
7.250000000000016e-02 2.345193161743464e+00
9.200000000000018e-02 2.346221292111827e+00
1.114999999999999e-01 2.347251423471749e+00
1.310000000000002e-01 2.348283565493683e+00
1.505000000000001e-01 2.349317727935721e+00
1.700000000000000e-01 2.350353920644876e+00
1.895000000000001e-01 2.351392153558391e+00
2.090000000000000e-01 2.352432436705084e+00
2.285000000000000e-01 2.353474780206713e+00
2.480000000000000e-01 2.354519194279376e+00
2.675000000000001e-01 2.355565689234939e+00
2.869999999999999e-01 2.356614275482501e+00
3.065000000000000e-01 2.357664963529891e+00
3.260000000000000e-01 2.358717763985192e+00
3.454999999999999e-01 2.359772687558314e+00
3.650000000000002e-01 2.360829745062591e+00
3.844999999999998e-01 2.361888947416428e+00
4.040000000000002e-01 2.362950305644953e+00
4.234999999999999e-01 2.364013830881780e+00
4.429999999999998e-01 2.365079534370732e+00
4.625000000000000e-01 2.366147427467663e+00
4.819999999999999e-01 2.367217521642300e+00
5.014999999999999e-01 2.368289828480484e+00
5.209999999999999e-01 2.369364359684398e+00
5.404999999999998e-01 2.370441127077954e+00
5.600000000000001e-01 2.371520142605475e+00
5.794999999999999e-01 2.372601418335453e+00
5.990000000000000e-01 2.373684966462372e+00
6.185000000000000e-01 2.374770799308914e+00
6.379999999999999e-01 2.375858929328232e+00
6.575000000000000e-01 2.376949369106274e+00
6.769999999999998e-01 2.378042131364179e+00
6.965000000000001e-01 2.379137228960739e+00
7.160000000000000e-01 2.380234674894928e+00
7.354999999999998e-01 2.381334482308549e+00
7.549999999999999e-01 2.382436664488735e+00
7.745000000000000e-01 2.383541234870963e+00
7.940000000000000e-01 2.384648207041743e+00
8.134999999999999e-01 2.385757594741551e+00
8.329999999999997e-01 2.386869411867869e+00
8.525000000000000e-01 2.387983672478280e+00
8.719999999999999e-01 2.389100390793681e+00
8.915000000000000e-01 2.390219581201592e+00
9.110000000000000e-01 2.391341258259563e+00
9.304999999999999e-01 2.392465436698720e+00
9.500000000000000e-01 2.393592131427403e+00
9.504999999999999e-01 2.393621054256710e+00
9.510000000000000e-01 2.393649978750549e+00
9.514999999999999e-01 2.393678904909176e+00
9.520000000000000e-01 2.393707832732847e+00
9.524999999999999e-01 2.393736762221818e+00
9.530000000000000e-01 2.393765693376345e+00
9.534999999999999e-01 2.393794626196685e+00
9.540000000000000e-01 2.393823560683094e+00
9.544999999999999e-01 2.393852496835829e+00
9.550000000000000e-01 2.393881434655146e+00
9.554999999999999e-01 2.393910374141302e+00
9.560000000000000e-01 2.393939315294554e+00
9.564999999999999e-01 2.393968258115159e+00
9.570000000000000e-01 2.393997202603372e+00
9.574999999999999e-01 2.394026148759452e+00
9.580000000000000e-01 2.394055096583657e+00
9.584999999999999e-01 2.394084046076241e+00
9.590000000000000e-01 2.394112997237464e+00
9.594999999999999e-01 2.394141950067581e+00
9.600000000000000e-01 2.394170904566852e+00
9.604999999999999e-01 2.394199860735532e+00
9.610000000000000e-01 2.394228818573882e+00
9.614999999999999e-01 2.394257778082155e+00
9.620000000000000e-01 2.394286739260612e+00
9.624999999999999e-01 2.394315702109510e+00
9.630000000000000e-01 2.394344666629106e+00
9.634999999999999e-01 2.394373632819660e+00
9.640000000000000e-01 2.394402600681429e+00
9.644999999999999e-01 2.394431570214670e+00
9.650000000000000e-01 2.394460541419642e+00
9.654999999999999e-01 2.394489514296605e+00
9.660000000000000e-01 2.394518488845813e+00
9.664999999999999e-01 2.394547465067530e+00
9.670000000000000e-01 2.394576442962010e+00
9.674999999999999e-01 2.394605422529515e+00
9.680000000000000e-01 2.394634403770302e+00
9.684999999999999e-01 2.394663386684629e+00
9.690000000000000e-01 2.394692371272757e+00
9.694999999999999e-01 2.394721357534942e+00
9.700000000000000e-01 2.394750345471446e+00
9.704999999999999e-01 2.394779335082527e+00
9.710000000000000e-01 2.394808326368444e+00
9.714999999999999e-01 2.394837319329457e+00
9.720000000000000e-01 2.394866313965824e+00
9.724999999999999e-01 2.394895310277805e+00
9.730000000000000e-01 2.394924308265659e+00
9.734999999999999e-01 2.394953307929647e+00
9.740000000000000e-01 2.394982309270028e+00
9.744999999999999e-01 2.395011312287062e+00
9.750000000000000e-01 2.395040316981008e+00
9.754999999999999e-01 2.395069323352127e+00
9.760000000000000e-01 2.395098331400678e+00
9.764999999999999e-01 2.395127341126921e+00
9.770000000000000e-01 2.395156352531119e+00
9.774999999999999e-01 2.395185365613528e+00
9.780000000000000e-01 2.395214380374411e+00
9.784999999999999e-01 2.395243396814028e+00
9.790000000000000e-01 2.395272414932639e+00
9.794999999999999e-01 2.395301434730505e+00
9.800000000000000e-01 2.395330456207887e+00
9.804999999999999e-01 2.395359479365044e+00
9.810000000000000e-01 2.395388504202239e+00
9.814999999999999e-01 2.395417530720005e+00
9.820000000000000e-01 2.395446558918058e+00
9.824999999999999e-01 2.395475588796657e+00
9.830000000000000e-01 2.395504620356610e+00
9.834999999999999e-01 2.395533653597906e+00
9.840000000000000e-01 2.395562688520806e+00
9.844999999999999e-01 2.395591725125571e+00
9.850000000000000e-01 2.395620763412463e+00
9.854999999999999e-01 2.395649803381743e+00
9.860000000000000e-01 2.395678845033673e+00
9.864999999999999e-01 2.395707888368516e+00
9.870000000000000e-01 2.395736933386532e+00
9.874999999999999e-01 2.395765980087983e+00
9.880000000000000e-01 2.395795028473132e+00
9.884999999999999e-01 2.395824078542241e+00
9.890000000000000e-01 2.395853130295570e+00
9.894999999999999e-01 2.395882183733384e+00
9.900000000000000e-01 2.395911238855946e+00
9.904999999999999e-01 2.395940295663515e+00
9.910000000000000e-01 2.395969354156355e+00
9.914999999999999e-01 2.395998414334729e+00
9.920000000000000e-01 2.396027476198901e+00
9.924999999999999e-01 2.396056539749131e+00
9.930000000000000e-01 2.396085604985683e+00
9.934999999999999e-01 2.396114671908820e+00
9.940000000000000e-01 2.396143740518805e+00
9.944999999999999e-01 2.396172810815901e+00
9.950000000000000e-01 2.396201882800371e+00
9.954999999999999e-01 2.396230956472480e+00
9.960000000000000e-01 2.396260031832489e+00
9.964999999999999e-01 2.396289108880663e+00
9.970000000000000e-01 2.396318187617262e+00
9.974999999999999e-01 2.396347268042554e+00
9.980000000000000e-01 2.396376350156802e+00
9.984999999999999e-01 2.396405433960268e+00
9.990000000000000e-01 2.396434519453216e+00
9.994999999999999e-01 2.396463606635911e+00
