-1.000000000000000e+00 1.869310414231669e-06
-9.805000000000000e-01 1.877458053449874e-06
-9.610000000000000e-01 1.888058050490931e-06
-9.415000000000000e-01 1.898360632131017e-06
-9.219999999999999e-01 1.912378734772009e-06
-9.025000000000000e-01 1.926972274732107e-06
-8.830000000000000e-01 1.937359562098373e-06
-8.634999999999999e-01 1.951709890765166e-06
-8.440000000000000e-01 1.967247161342800e-06
-8.245000000000000e-01 1.978034356999728e-06
-8.050000000000000e-01 1.990832106319273e-06
-7.855000000000000e-01 2.008050066887540e-06
-7.660000000000000e-01 2.017943775622462e-06
-7.464999999999997e-01 2.030511508957663e-06
-7.270000000000000e-01 2.046289048364604e-06
-7.075000000000001e-01 2.058677087625665e-06
-6.879999999999998e-01 2.072796107924107e-06
-6.685000000000001e-01 2.089279042616942e-06
-6.490000000000000e-01 2.107721834892219e-06
-6.295000000000002e-01 2.125078461929308e-06
-6.100000000000001e-01 2.134808947706590e-06
-5.904999999999999e-01 2.155474441832444e-06
-5.709999999999998e-01 2.169562772050890e-06
-5.515000000000001e-01 2.185351883961671e-06
-5.320000000000001e-01 2.204390812279960e-06
-5.125000000000001e-01 2.221218755469357e-06
-4.930000000000001e-01 2.239273631383608e-06
-4.735000000000001e-01 2.258010552683849e-06
-4.540000000000000e-01 2.277674733451968e-06
-4.345000000000002e-01 2.332742790405498e-06
-4.150000000000000e-01 2.315043889693148e-06
-3.955000000000000e-01 2.336389048908863e-06
-3.759999999999999e-01 2.358305086935021e-06
-3.564999999999999e-01 2.376319937638005e-06
-3.370000000000000e-01 2.398965320899558e-06
-3.174999999999999e-01 2.420071448871859e-06
-2.979999999999999e-01 2.442676536574247e-06
-2.785000000000000e-01 2.467293185390801e-06
-2.589999999999999e-01 2.489681261488778e-06
-2.394999999999999e-01 2.510944307106980e-06
-2.199999999999999e-01 2.536519207097437e-06
-2.004999999999999e-01 2.561908340444105e-06
-1.809999999999999e-01 2.588730412472084e-06
-1.615000000000001e-01 2.617884298160792e-06
-1.420000000000001e-01 2.640974268519761e-06
-1.225000000000000e-01 2.671510815603557e-06
-1.029999999999999e-01 2.699441165746215e-06
-8.349999999999999e-02 2.746100633261679e-06
-6.400000000000007e-02 2.776609653100431e-06
-4.449999999999989e-02 2.807756481701439e-06
-2.500000000000004e-02 2.821120497017064e-06
-5.499999999999857e-03 2.853337296994166e-06
1.400000000000017e-02 2.890427602726047e-06
3.349999999999984e-02 2.926172048060653e-06
5.299999999999994e-02 2.960371802834856e-06
7.250000000000016e-02 2.997077138493918e-06
9.200000000000018e-02 3.039033561992752e-06
1.114999999999999e-01 3.078863463400961e-06
1.310000000000002e-01 3.121572644531436e-06
1.505000000000001e-01 3.162153786175231e-06
1.700000000000000e-01 3.207817685644404e-06
1.895000000000001e-01 3.258959729959058e-06
2.090000000000000e-01 3.306103331441300e-06
2.285000000000000e-01 3.352789013353613e-06
2.480000000000000e-01 3.403107916966880e-06
2.675000000000001e-01 3.461868062950939e-06
2.869999999999999e-01 3.513293062700622e-06
3.065000000000000e-01 3.575105919788996e-06
3.260000000000000e-01 3.632204390556378e-06
3.454999999999999e-01 3.697925158259250e-06
3.650000000000002e-01 3.769176704298999e-06
3.844999999999998e-01 3.836825061363310e-06
4.040000000000002e-01 3.914163902561144e-06
4.234999999999999e-01 3.989865946160351e-06
4.429999999999998e-01 4.074059717896788e-06
4.625000000000000e-01 4.162067885973817e-06
4.819999999999999e-01 4.253349980624463e-06
5.014999999999999e-01 4.350766524529078e-06
5.209999999999999e-01 4.456485621541434e-06
5.404999999999998e-01 4.564090088421104e-06
5.600000000000001e-01 4.684246444319418e-06
5.794999999999999e-01 4.808001482097990e-06
5.990000000000000e-01 4.944713898971676e-06
6.185000000000000e-01 5.090255422215072e-06
6.379999999999999e-01 5.253994952262139e-06
6.575000000000000e-01 5.420934288671309e-06
6.769999999999998e-01 5.609421295920156e-06
6.965000000000001e-01 5.813265771471466e-06
7.160000000000000e-01 6.043779683410920e-06
7.354999999999998e-01 6.294147999616281e-06
7.549999999999999e-01 6.580247069633021e-06
7.745000000000000e-01 6.902753591884307e-06
7.940000000000000e-01 7.264819931862347e-06
8.134999999999999e-01 7.685027882599028e-06
8.329999999999997e-01 8.185554981701913e-06
8.525000000000000e-01 8.776403629093536e-06
8.719999999999999e-01 9.503075796531776e-06
8.915000000000000e-01 1.041223701235623e-05
9.110000000000000e-01 1.162172978285982e-05
9.304999999999999e-01 1.331190033604753e-05
9.500000000000000e-01 1.592046174246125e-05
9.504999999999999e-01 1.600583897742641e-05
9.510000000000000e-01 1.609389093395323e-05
9.514999999999999e-01 1.618290227439223e-05
9.520000000000000e-01 1.627385072699391e-05
9.524999999999999e-01 1.637032466548727e-05
9.530000000000000e-01 1.646369289497507e-05
9.534999999999999e-01 1.655865309631864e-05
9.540000000000000e-01 1.665519094620749e-05
9.544999999999999e-01 1.675340442162879e-05
9.550000000000000e-01 1.685462405086130e-05
9.554999999999999e-01 1.695477986185794e-05
9.560000000000000e-01 1.705927998484277e-05
9.564999999999999e-01 1.716431666032895e-05
9.570000000000000e-01 1.727181746528759e-05
9.574999999999999e-01 1.738000307089810e-05
9.580000000000000e-01 1.749076652223726e-05
9.584999999999999e-01 1.760407962734511e-05
9.590000000000000e-01 1.772055932347339e-05
9.594999999999999e-01 1.783743974125800e-05
9.600000000000000e-01 1.795654705567053e-05
9.604999999999999e-01 1.807796444986632e-05
9.610000000000000e-01 1.820170482704956e-05
9.614999999999999e-01 1.832790457552317e-05
9.620000000000000e-01 1.845658318254107e-05
9.624999999999999e-01 1.858789742758642e-05
9.630000000000000e-01 1.872188064962253e-05
9.634999999999999e-01 1.885862894821184e-05
9.640000000000000e-01 1.899825547305789e-05
9.644999999999999e-01 1.914081664368823e-05
9.650000000000000e-01 1.928645427622660e-05
9.654999999999999e-01 1.943528859428678e-05
9.660000000000000e-01 1.958896615974072e-05
9.664999999999999e-01 1.974293115554778e-05
9.670000000000000e-01 1.990200342385677e-05
9.674999999999999e-01 2.006475121621363e-05
9.680000000000000e-01 2.023558012976245e-05
9.684999999999999e-01 2.040188630441823e-05
9.690000000000000e-01 2.057655895309309e-05
9.694999999999999e-01 2.075555743020412e-05
9.700000000000000e-01 2.093901951221128e-05
9.704999999999999e-01 2.112943420021481e-05
9.710000000000000e-01 2.132015440522084e-05
9.714999999999999e-01 2.151824208234185e-05
9.720000000000000e-01 2.172163048640550e-05
9.724999999999999e-01 2.193052643522849e-05
9.730000000000000e-01 2.214530816260706e-05
9.734999999999999e-01 2.236612365608308e-05
9.740000000000000e-01 2.259330539760597e-05
9.744999999999999e-01 2.282716525252061e-05
9.750000000000000e-01 2.306983121499435e-05
9.754999999999999e-01 2.331626411227192e-05
9.760000000000000e-01 2.357224759068979e-05
9.764999999999999e-01 2.383638147873352e-05
9.770000000000000e-01 2.410913179891664e-05
9.774999999999999e-01 2.439091255016809e-05
9.780000000000000e-01 2.468369369976773e-05
9.784999999999999e-01 2.498509002962224e-05
9.790000000000000e-01 2.529733079380091e-05
9.794999999999999e-01 2.562097290935458e-05
9.800000000000000e-01 2.595678092441122e-05
9.804999999999999e-01 2.630540096414012e-05
9.810000000000000e-01 2.666766741834090e-05
9.814999999999999e-01 2.704462718112726e-05
9.820000000000000e-01 2.743736074852468e-05
9.824999999999999e-01 2.784702613305602e-05
9.830000000000000e-01 2.827431446024273e-05
9.834999999999999e-01 2.872092178581819e-05
9.840000000000000e-01 2.918841549151738e-05
9.844999999999999e-01 2.967840685888194e-05
9.850000000000000e-01 3.019276840972058e-05
9.854999999999999e-01 3.073351261875608e-05
9.860000000000000e-01 3.130288604270461e-05
9.864999999999999e-01 3.190410597139419e-05
9.870000000000000e-01 3.254366926099672e-05
9.874999999999999e-01 3.321665383621175e-05
9.880000000000000e-01 3.393140637570895e-05
9.884999999999999e-01 3.469241995327074e-05
9.890000000000000e-01 3.550487743114795e-05
9.894999999999999e-01 3.637484279303763e-05
9.900000000000000e-01 3.730450846826561e-05
9.904999999999999e-01 3.831695598056105e-05
9.910000000000000e-01 3.940079968984001e-05
9.914999999999999e-01 4.059304120787692e-05
9.920000000000000e-01 4.188824933686562e-05
9.924999999999999e-01 4.331109382124079e-05
9.930000000000000e-01 4.488399258982029e-05
9.934999999999999e-01 4.663527955694476e-05
9.940000000000000e-01 4.859761264414036e-05
9.944999999999999e-01 5.082627244662105e-05
9.950000000000000e-01 5.338060750749084e-05
9.954999999999999e-01 5.635290609177151e-05
9.960000000000000e-01 5.986863025959313e-05
9.964999999999999e-01 6.410577134362524e-05
9.970000000000000e-01 6.936740699769020e-05
9.974999999999999e-01 7.613822351445920e-05
9.980000000000000e-01 8.531479961330353e-05
9.984999999999999e-01 9.875867288792606e-05
9.990000000000000e-01 1.213137774947454e-04
9.994999999999999e-01 1.722340657873684e-04
