-1.000000000000000e+00 5.328509623227355e-08
-9.805000000000000e-01 5.101244472802937e-08
-9.610000000000000e-01 4.586918945610958e-08
-9.415000000000000e-01 5.381900477330379e-08
-9.219999999999999e-01 5.251235398614525e-08
-9.025000000000000e-01 5.372456262922290e-08
-8.830000000000000e-01 5.471604189563326e-08
-8.634999999999999e-01 5.372676720124507e-08
-8.440000000000000e-01 6.758227666600525e-08
-8.245000000000000e-01 5.337357413090415e-08
-8.050000000000000e-01 5.543836669491779e-08
-7.855000000000000e-01 5.697541432322606e-08
-7.660000000000000e-01 5.671935120696427e-08
-7.464999999999997e-01 5.829026190323471e-08
-7.270000000000000e-01 5.418883328627791e-08
-7.075000000000001e-01 5.871190961807973e-08
-6.879999999999998e-01 5.872618501467681e-08
-6.685000000000001e-01 5.893361026642098e-08
-6.490000000000000e-01 5.608576855356971e-08
-6.295000000000002e-01 5.957519906728809e-08
-6.100000000000001e-01 5.894506266784545e-08
-5.904999999999999e-01 5.597667041467257e-08
-5.709999999999998e-01 5.999279119903875e-08
-5.515000000000001e-01 6.294183320943770e-08
-5.320000000000001e-01 6.062399427625480e-08
-5.125000000000001e-01 6.440654152906535e-08
-4.930000000000001e-01 6.119349810768001e-08
-4.735000000000001e-01 6.770445662529034e-08
-4.540000000000000e-01 6.793042594004538e-08
-4.345000000000002e-01 6.671613161090157e-08
-4.150000000000000e-01 6.700779148553508e-08
-3.955000000000000e-01 6.898860304723044e-08
-3.759999999999999e-01 7.094342979609274e-08
-3.564999999999999e-01 6.992143094886495e-08
-3.370000000000000e-01 6.984741016663009e-08
-3.174999999999999e-01 7.130339949799861e-08
-2.979999999999999e-01 7.033790335365466e-08
-2.785000000000000e-01 7.030012574015092e-08
-2.589999999999999e-01 6.795223347264618e-08
-2.394999999999999e-01 7.587352428501130e-08
-2.199999999999999e-01 7.594759195983255e-08
-2.004999999999999e-01 7.455151371141904e-08
-1.809999999999999e-01 7.214423681632395e-08
-1.615000000000001e-01 9.481306034918247e-08
-1.420000000000001e-01 7.320450604719697e-08
-1.225000000000000e-01 7.454132126984558e-08
-1.029999999999999e-01 7.664715319451083e-08
-8.349999999999999e-02 7.281358121383189e-08
-6.400000000000007e-02 7.978830762334154e-08
-4.449999999999989e-02 8.545391402529598e-08
-2.500000000000004e-02 8.471421565137685e-08
-5.499999999999857e-03 8.531391625767738e-08
1.400000000000017e-02 8.401767830335233e-08
3.349999999999984e-02 8.929151414018585e-08
5.299999999999994e-02 8.661950656456237e-08
7.250000000000016e-02 9.278480838858105e-08
9.200000000000018e-02 9.312978403095437e-08
1.114999999999999e-01 8.802922656069608e-08
1.310000000000002e-01 8.799926328106343e-08
1.505000000000001e-01 9.312277208622212e-08
1.700000000000000e-01 9.385421391251342e-08
1.895000000000001e-01 9.605582853067135e-08
2.090000000000000e-01 9.516651737641634e-08
2.285000000000000e-01 9.937456512032728e-08
2.480000000000000e-01 1.013306333554282e-07
2.675000000000001e-01 1.077057995338895e-07
2.869999999999999e-01 1.116911122082879e-07
3.065000000000000e-01 1.135092427972720e-07
3.260000000000000e-01 1.155646198366213e-07
3.454999999999999e-01 1.220658298126834e-07
3.650000000000002e-01 1.166288048277569e-07
3.844999999999998e-01 1.196841401277599e-07
4.040000000000002e-01 1.220734227310170e-07
4.234999999999999e-01 1.241547598346082e-07
4.429999999999998e-01 1.287304815118756e-07
4.625000000000000e-01 1.338209755043114e-07
4.819999999999999e-01 1.277361604485444e-07
5.014999999999999e-01 1.375245571356874e-07
5.209999999999999e-01 1.411695819404834e-07
5.404999999999998e-01 1.443346864208475e-07
5.600000000000001e-01 1.422471850875903e-07
5.794999999999999e-01 1.480847387159894e-07
5.990000000000000e-01 1.590346058774926e-07
6.185000000000000e-01 1.176883822432629e-07
6.379999999999999e-01 1.543151505565338e-07
6.575000000000000e-01 1.774158589630370e-07
6.769999999999998e-01 1.716671645159869e-07
6.965000000000001e-01 1.844963707336683e-07
7.160000000000000e-01 1.964967918295440e-07
7.354999999999998e-01 2.031391759155102e-07
7.549999999999999e-01 2.117713035089309e-07
7.745000000000000e-01 2.204772783560482e-07
7.940000000000000e-01 2.313161972492416e-07
8.134999999999999e-01 2.472540296607621e-07
8.329999999999997e-01 2.635239472521478e-07
8.525000000000000e-01 2.812857710465597e-07
8.719999999999999e-01 3.038556193588363e-07
8.915000000000000e-01 3.325603278595383e-07
9.110000000000000e-01 3.709452192945734e-07
9.304999999999999e-01 4.228574936182474e-07
9.500000000000000e-01 5.086043667600881e-07
9.504999999999999e-01 5.113308597628787e-07
9.510000000000000e-01 5.148981076416165e-07
9.514999999999999e-01 5.193175414241453e-07
9.520000000000000e-01 5.210720587454929e-07
9.524999999999999e-01 5.235403115912341e-07
9.530000000000000e-01 5.266325128695160e-07
9.534999999999999e-01 5.298079335611430e-07
9.540000000000000e-01 5.330017996791503e-07
9.544999999999999e-01 5.366612146258160e-07
9.550000000000000e-01 5.401663322700871e-07
9.554999999999999e-01 5.373067220954057e-07
9.560000000000000e-01 5.399907481617384e-07
9.564999999999999e-01 5.437013690005558e-07
9.570000000000000e-01 5.478873358417107e-07
9.574999999999999e-01 5.505538198761383e-07
9.580000000000000e-01 5.544745762484508e-07
9.584999999999999e-01 5.590654855121616e-07
9.590000000000000e-01 5.618333358819125e-07
9.594999999999999e-01 5.659452581195715e-07
9.600000000000000e-01 5.700613046487781e-07
9.604999999999999e-01 5.741897617061572e-07
9.610000000000000e-01 5.776165809734388e-07
9.614999999999999e-01 5.819376495494752e-07
9.620000000000000e-01 5.864819443564939e-07
9.624999999999999e-01 5.905526069102207e-07
9.630000000000000e-01 5.964397959359058e-07
9.634999999999999e-01 5.987600572581872e-07
9.640000000000000e-01 6.050482945658541e-07
9.644999999999999e-01 6.061541793189701e-07
9.650000000000000e-01 6.097492589018375e-07
9.654999999999999e-01 6.143732194682580e-07
9.660000000000000e-01 6.187544400466298e-07
9.664999999999999e-01 6.237903709020990e-07
9.670000000000000e-01 6.278486361582178e-07
9.674999999999999e-01 6.364796507168808e-07
9.680000000000000e-01 6.426174342721940e-07
9.684999999999999e-01 6.472804363381984e-07
9.690000000000000e-01 6.513665861262688e-07
9.694999999999999e-01 6.558067921634095e-07
9.700000000000000e-01 6.609863097563913e-07
9.704999999999999e-01 6.668013788157674e-07
9.710000000000000e-01 6.736980176094956e-07
9.714999999999999e-01 6.799263096737507e-07
9.720000000000000e-01 6.904453727592174e-07
9.724999999999999e-01 6.980524964601534e-07
9.730000000000000e-01 7.031793089481341e-07
9.734999999999999e-01 7.099094371221990e-07
9.740000000000000e-01 7.172838406833999e-07
9.744999999999999e-01 7.242480488909771e-07
9.750000000000000e-01 7.319036775277929e-07
9.754999999999999e-01 7.400972959358472e-07
9.760000000000000e-01 7.482641747436389e-07
9.764999999999999e-01 7.569453929427259e-07
9.770000000000000e-01 7.652271841247374e-07
9.774999999999999e-01 7.710976866009047e-07
9.780000000000000e-01 7.832893847662292e-07
9.784999999999999e-01 7.934098028428299e-07
9.790000000000000e-01 8.033494916495001e-07
9.794999999999999e-01 8.136664780509172e-07
9.800000000000000e-01 8.246131390815669e-07
9.804999999999999e-01 8.350581001325120e-07
9.810000000000000e-01 8.469968601709442e-07
9.814999999999999e-01 8.589361063838667e-07
9.820000000000000e-01 8.723424057471891e-07
9.824999999999999e-01 8.863105025972081e-07
9.830000000000000e-01 8.991868454454205e-07
9.834999999999999e-01 9.130698621954994e-07
9.840000000000000e-01 9.275300101904768e-07
9.844999999999999e-01 9.443508971070021e-07
9.850000000000000e-01 9.607947581704302e-07
9.854999999999999e-01 9.779655329641944e-07
9.860000000000000e-01 9.960429796962181e-07
9.864999999999999e-01 1.016048909935662e-06
9.870000000000000e-01 1.029474144766826e-06
9.874999999999999e-01 1.057685597328825e-06
9.880000000000000e-01 1.080420847233674e-06
9.884999999999999e-01 1.106078816295218e-06
9.890000000000000e-01 1.130534937883554e-06
9.894999999999999e-01 1.158232082141181e-06
9.900000000000000e-01 1.187125177506196e-06
9.904999999999999e-01 1.219357831219001e-06
9.910000000000000e-01 1.253514962917882e-06
9.914999999999999e-01 1.290813295261307e-06
9.920000000000000e-01 1.332334962935403e-06
9.924999999999999e-01 1.378445352586458e-06
9.930000000000000e-01 1.429020830310326e-06
9.934999999999999e-01 1.488853078055142e-06
9.940000000000000e-01 1.550245182293868e-06
9.944999999999999e-01 1.619926787472526e-06
9.950000000000000e-01 1.701293589311145e-06
9.954999999999999e-01 1.799236671263828e-06
9.960000000000000e-01 1.911309817852909e-06
9.964999999999999e-01 2.042238197571716e-06
9.970000000000000e-01 2.210006509744936e-06
9.974999999999999e-01 2.424274784936245e-06
9.980000000000000e-01 2.718418598136452e-06
9.984999999999999e-01 3.148152566942490e-06
9.990000000000000e-01 3.868042529609718e-06
9.994999999999999e-01 5.493284157474674e-06
