-1.000000000000000e+00 5.609475980269752e-06
-9.805000000000000e-01 5.641605356488394e-06
-9.610000000000000e-01 5.674197904108348e-06
-9.415000000000000e-01 5.706854805258971e-06
-9.219999999999999e-01 5.740892806396886e-06
-9.025000000000000e-01 5.775106247148586e-06
-8.830000000000000e-01 5.809643866141468e-06
-8.634999999999999e-01 5.844869432322687e-06
-8.440000000000000e-01 5.880706574383112e-06
-8.245000000000000e-01 5.917134948580561e-06
-8.050000000000000e-01 5.954108946698139e-06
-7.855000000000000e-01 5.991683800275302e-06
-7.660000000000000e-01 6.029989553835318e-06
-7.464999999999997e-01 6.068873674133301e-06
-7.270000000000000e-01 6.108875431232778e-06
-7.075000000000001e-01 6.148803605021630e-06
-6.879999999999998e-01 6.189776505652285e-06
-6.685000000000001e-01 6.231352771955699e-06
-6.490000000000000e-01 6.273791706032174e-06
-6.295000000000002e-01 6.317078188175974e-06
-6.100000000000001e-01 6.361126770134451e-06
-5.904999999999999e-01 6.405992229304263e-06
-5.709999999999998e-01 6.451551835880766e-06
-5.515000000000001e-01 6.639636270314321e-06
-5.320000000000001e-01 6.545220780973105e-06
-5.125000000000001e-01 6.594081401457632e-06
-4.930000000000001e-01 6.643409087995938e-06
-4.735000000000001e-01 6.693909047085321e-06
-4.540000000000000e-01 6.745396703065537e-06
-4.345000000000002e-01 6.797986988944997e-06
-4.150000000000000e-01 6.851478353065328e-06
-3.955000000000000e-01 6.906186482662128e-06
-3.759999999999999e-01 6.962127166835311e-06
-3.564999999999999e-01 7.019488970220163e-06
-3.370000000000000e-01 7.078105692378210e-06
-3.174999999999999e-01 7.137457022530667e-06
-2.979999999999999e-01 7.198708699212957e-06
-2.785000000000000e-01 7.261232718516009e-06
-2.589999999999999e-01 7.325356641500691e-06
-2.394999999999999e-01 7.390846686128502e-06
-2.199999999999999e-01 7.458033783392689e-06
-2.004999999999999e-01 7.527109044166301e-06
-1.809999999999999e-01 7.597432652492083e-06
-1.615000000000001e-01 7.669824125504677e-06
-1.420000000000001e-01 7.738678184717061e-06
-1.225000000000000e-01 7.820329044689473e-06
-1.029999999999999e-01 7.898640494214120e-06
-8.349999999999999e-02 7.979069337551301e-06
-6.400000000000007e-02 8.061764609041242e-06
-4.449999999999989e-02 8.146887474426750e-06
-2.500000000000004e-02 8.233913617349025e-06
-5.499999999999857e-03 8.324492317612772e-06
1.400000000000017e-02 8.417344874284925e-06
3.349999999999984e-02 8.512971205645958e-06
5.299999999999994e-02 8.611676899743538e-06
7.250000000000016e-02 8.713410314565378e-06
9.200000000000018e-02 9.181211537658764e-06
1.114999999999999e-01 8.927533967804312e-06
1.310000000000002e-01 9.039735780395840e-06
1.505000000000001e-01 9.155574474906667e-06
1.700000000000000e-01 9.276650863219017e-06
1.895000000000001e-01 9.401421425908735e-06
2.090000000000000e-01 9.531030058780759e-06
2.285000000000000e-01 9.665806521356927e-06
2.480000000000000e-01 9.805430250321419e-06
2.675000000000001e-01 9.951050109056510e-06
2.869999999999999e-01 1.010272396697112e-05
3.065000000000000e-01 1.026069747613461e-05
3.260000000000000e-01 1.042558616406375e-05
3.454999999999999e-01 1.059790097776291e-05
3.650000000000002e-01 1.077861408114448e-05
3.844999999999998e-01 1.096771016968304e-05
4.040000000000002e-01 1.116612844536467e-05
4.234999999999999e-01 1.137473371696944e-05
4.429999999999998e-01 1.159454769853240e-05
4.625000000000000e-01 1.182641761265364e-05
4.819999999999999e-01 1.207144512898582e-05
5.014999999999999e-01 1.233089411623739e-05
5.209999999999999e-01 1.260644696473725e-05
5.404999999999998e-01 1.289942187420550e-05
5.600000000000001e-01 1.321230102638833e-05
5.794999999999999e-01 1.354682774461100e-05
5.990000000000000e-01 1.390599076920378e-05
6.185000000000000e-01 1.429278122531951e-05
6.379999999999999e-01 1.471072860266339e-05
6.575000000000000e-01 1.553269508481959e-05
6.769999999999998e-01 1.594447823136805e-05
6.965000000000001e-01 1.643204004420066e-05
7.160000000000000e-01 1.699391265246803e-05
7.354999999999998e-01 1.761531929520926e-05
7.549999999999999e-01 1.832454226024975e-05
7.745000000000000e-01 1.913382378179282e-05
7.940000000000000e-01 2.005869074638331e-05
8.134999999999999e-01 2.112536931296431e-05
8.329999999999997e-01 2.233620776844699e-05
8.525000000000000e-01 2.391164103658633e-05
8.719999999999999e-01 2.577468966916239e-05
8.915000000000000e-01 2.812766796506360e-05
9.110000000000000e-01 3.123059932591334e-05
9.304999999999999e-01 3.554717498870085e-05
9.500000000000000e-01 4.230964693031612e-05
9.504999999999999e-01 4.254043869140690e-05
9.510000000000000e-01 4.272078612473156e-05
9.514999999999999e-01 4.295503345866361e-05
9.520000000000000e-01 4.318895383544511e-05
9.524999999999999e-01 4.346856334034563e-05
9.530000000000000e-01 4.370818545412564e-05
9.534999999999999e-01 4.395363381329589e-05
9.540000000000000e-01 4.420354151815278e-05
9.544999999999999e-01 4.445293304460697e-05
9.550000000000000e-01 4.471706863755613e-05
9.554999999999999e-01 4.497714518911775e-05
9.560000000000000e-01 4.524372198810618e-05
9.564999999999999e-01 4.551503697281635e-05
9.570000000000000e-01 4.578953429445813e-05
9.574999999999999e-01 4.608221508225480e-05
9.580000000000000e-01 4.636194269919927e-05
9.584999999999999e-01 4.664658960515046e-05
9.590000000000000e-01 4.693721518147215e-05
9.594999999999999e-01 4.724627748352214e-05
9.600000000000000e-01 4.756261889188376e-05
9.604999999999999e-01 4.786966851105731e-05
9.610000000000000e-01 4.819470957588002e-05
9.614999999999999e-01 4.850714303544605e-05
9.620000000000000e-01 4.884721056581400e-05
9.624999999999999e-01 4.918946285065185e-05
9.630000000000000e-01 4.953049854539908e-05
9.634999999999999e-01 4.988065312036923e-05
9.640000000000000e-01 5.024472033164583e-05
9.644999999999999e-01 5.062203309107962e-05
9.650000000000000e-01 5.099247902909144e-05
9.654999999999999e-01 5.137674157696124e-05
9.660000000000000e-01 5.177448702118835e-05
9.664999999999999e-01 5.216502931242633e-05
9.670000000000000e-01 5.258831041986481e-05
9.674999999999999e-01 5.300385103470619e-05
9.680000000000000e-01 5.342033383416094e-05
9.684999999999999e-01 5.385912262923840e-05
9.690000000000000e-01 5.430923608643242e-05
9.694999999999999e-01 5.479375675327291e-05
9.700000000000000e-01 5.526387991814935e-05
9.704999999999999e-01 5.574471484738493e-05
9.710000000000000e-01 5.625017393902963e-05
9.714999999999999e-01 5.676167081465196e-05
9.720000000000000e-01 5.728938762866847e-05
9.724999999999999e-01 5.782406830235769e-05
9.730000000000000e-01 5.838378309767743e-05
9.734999999999999e-01 5.893841792638609e-05
9.740000000000000e-01 5.951870167003353e-05
9.744999999999999e-01 6.014632233944887e-05
9.750000000000000e-01 6.074631599899432e-05
9.754999999999999e-01 6.138300652621191e-05
9.760000000000000e-01 6.204188926772423e-05
9.764999999999999e-01 6.272514209549156e-05
9.770000000000000e-01 6.345691059846817e-05
9.774999999999999e-01 6.418601692769412e-05
9.780000000000000e-01 6.494621695864906e-05
9.784999999999999e-01 6.572016476247976e-05
9.790000000000000e-01 6.652582587480191e-05
9.794999999999999e-01 6.736322470224670e-05
9.800000000000000e-01 6.822425625907330e-05
9.804999999999999e-01 6.912845741158787e-05
9.810000000000000e-01 7.006366723244879e-05
9.814999999999999e-01 7.105034482894512e-05
9.820000000000000e-01 7.205890748256492e-05
9.824999999999999e-01 7.311139693311565e-05
9.830000000000000e-01 7.421227551760634e-05
9.834999999999999e-01 7.537298022733998e-05
9.840000000000000e-01 7.656621187823319e-05
9.844999999999999e-01 7.784545759582855e-05
9.850000000000000e-01 7.917609127897223e-05
9.854999999999999e-01 8.057304514502027e-05
9.860000000000000e-01 8.204592422430420e-05
9.864999999999999e-01 8.359601281504285e-05
9.870000000000000e-01 8.521975734006395e-05
9.874999999999999e-01 8.697836333956269e-05
9.880000000000000e-01 8.881379666576617e-05
9.884999999999999e-01 9.077929311078944e-05
9.890000000000000e-01 9.287618030562718e-05
9.894999999999999e-01 9.512262990821608e-05
9.900000000000000e-01 9.756245014756317e-05
9.904999999999999e-01 1.001665977716591e-04
9.910000000000000e-01 1.029871229696790e-04
9.914999999999999e-01 1.060491173486251e-04
9.920000000000000e-01 1.093687896922821e-04
9.924999999999999e-01 1.130564390633966e-04
9.930000000000000e-01 1.171420124272726e-04
9.934999999999999e-01 1.216561882836513e-04
9.940000000000000e-01 1.267510907685829e-04
9.944999999999999e-01 1.325126081677599e-04
9.950000000000000e-01 1.391276579751377e-04
9.954999999999999e-01 1.467980521191673e-04
9.960000000000000e-01 1.558794743517485e-04
9.964999999999999e-01 1.668385894412620e-04
9.970000000000000e-01 1.804291641072581e-04
9.974999999999999e-01 1.979138452205223e-04
9.980000000000000e-01 2.216494095064477e-04
9.984999999999999e-01 2.564188642368781e-04
9.990000000000000e-01 3.147293018937292e-04
9.994999999999999e-01 4.463739037499121e-04
