-1.000000000000000e+00 1.898712594442756e-01
-9.994965423831851e-01 1.898458826060881e-01
-9.979866764718843e-01 1.884316197820989e-01
-9.954719225730846e-01 1.934624004987039e-01
-9.919548128307953e-01 1.966040566424394e-01
-9.874388886763943e-01 1.959189130349794e-01
-9.819286972627066e-01 1.974787782969264e-01
-9.754297868854070e-01 1.933112449352803e-01
-9.679487013963562e-01 2.060408222866753e-01
-9.594929736144974e-01 2.084455321145995e-01
-9.500711177409453e-01 2.057508353696719e-01
-9.396926207859083e-01 2.012938373906250e-01
-9.283679330160726e-01 2.078305196363502e-01
-9.161084574320695e-01 2.105984521290338e-01
-9.029265382866211e-01 2.120329327792823e-01
-8.888354486549234e-01 1.889650883550456e-01
-8.738493770697849e-01 1.971034866911601e-01
-8.579834132349771e-01 2.077882437797905e-01
-8.412535328311810e-01 2.034089324470721e-01
-8.236765814298327e-01 2.077638594449034e-01
-8.052702575310586e-01 2.156259645003816e-01
-7.860530947427873e-01 2.209072271061006e-01
-7.660444431189779e-01 2.114679423503195e-01
-7.452644496757547e-01 2.227016733608266e-01
-7.237340381050702e-01 2.179586652006172e-01
-7.014748877063210e-01 2.229792205871074e-01
-6.785094115571321e-01 2.206786517175328e-01
-6.548607339452851e-01 2.276002651604920e-01
-6.305526670845222e-01 2.203264525945944e-01
-6.056096871376665e-01 2.290904501501106e-01
-5.800569095711980e-01 2.664177485365423e-01
-5.539200638661103e-01 2.735642717453438e-01
-5.272254676105025e-01 2.293545272867342e-01
-4.999999999999998e-01 2.266550052682213e-01
-4.722710747726826e-01 2.352624342026766e-01
-4.440666126057737e-01 2.478917449019511e-01
-4.154150130018863e-01 2.450608786248588e-01
-3.863451256931285e-01 2.457169562864703e-01
-3.568862215918718e-01 2.757604709231957e-01
-3.270679633174214e-01 2.775866360577187e-01
-2.969203753282748e-01 2.620731165238223e-01
-2.664738136900348e-01 2.704497227427078e-01
-2.357589355094272e-01 2.801582400193352e-01
-2.048066680651905e-01 2.921820168247548e-01
-1.736481776669303e-01 2.740842117325807e-01
-1.423148382732850e-01 2.707229671959508e-01
-1.108381999010110e-01 2.825831252454490e-01
-7.924995685678832e-02 2.891069619796041e-01
-4.758191582374206e-02 2.921948717554347e-01
-1.586596383480781e-02 2.881392642284221e-01
1.586596383480815e-02 3.207157650339885e-01
4.758191582374240e-02 3.409172941917873e-01
7.924995685678866e-02 3.484165904418312e-01
1.108381999010111e-01 3.361418445856881e-01
1.423148382732853e-01 3.439076835366215e-01
1.736481776669304e-01 3.728923308964733e-01
2.048066680651908e-01 3.883968495754783e-01
2.357589355094273e-01 3.891243931016385e-01
2.664738136900351e-01 3.839696653444484e-01
2.969203753282749e-01 4.236869990131644e-01
3.270679633174218e-01 4.117016286337659e-01
3.568862215918719e-01 4.352464449942999e-01
3.863451256931288e-01 4.481043780613596e-01
4.154150130018864e-01 4.631041123752966e-01
4.440666126057742e-01 4.804171594687570e-01
4.722710747726827e-01 5.026207976599402e-01
5.000000000000003e-01 4.702465217783425e-01
5.272254676105026e-01 5.130032897069584e-01
5.539200638661104e-01 5.515586633970031e-01
5.800569095711982e-01 5.693200697683086e-01
6.056096871376669e-01 5.796957806862982e-01
6.305526670845226e-01 6.212046032698798e-01
6.548607339452851e-01 6.389837174644383e-01
6.785094115571322e-01 6.655484375966936e-01
7.014748877063215e-01 6.920982871071432e-01
7.237340381050703e-01 7.275917594819300e-01
7.452644496757548e-01 7.575322220246115e-01
7.660444431189780e-01 7.973535470844171e-01
7.860530947427876e-01 8.386362856698744e-01
8.052702575310586e-01 8.854056009557726e-01
8.236765814298328e-01 9.382518816338357e-01
8.412535328311813e-01 9.872502655139266e-01
8.579834132349772e-01 1.005280811209964e+00
8.738493770697850e-01 1.127982724645380e+00
8.888354486549235e-01 1.210440473197650e+00
9.029265382866214e-01 1.275132702556977e+00
9.161084574320697e-01 1.401031747969187e+00
9.283679330160727e-01 1.535578056587769e+00
9.396926207859083e-01 1.687908552344329e+00
9.500711177409454e-01 1.866302717694320e+00
9.594929736144975e-01 2.076353876864043e+00
9.679487013963562e-01 2.362329288471298e+00
9.754297868854070e-01 2.732412334919101e+00
9.819286972627067e-01 3.191538249764264e+00
9.874388886763944e-01 3.898998337786407e+00
9.919548128307953e-01 4.920264518682705e+00
9.954719225730846e-01 6.626747072973672e+00
9.979866764718844e-01 1.003227900179787e+01
9.994965423831851e-01 2.026652330960228e+01
1.000000000000000e+00 6.998745479163237e+00
