-1.000000000000000e+00 1.612581963097499e-07
-9.805000000000000e-01 1.620993047635679e-07
-9.610000000000000e-01 1.631655785591042e-07
-9.415000000000000e-01 1.642496383660355e-07
-9.219999999999999e-01 1.653517507521859e-07
-9.025000000000000e-01 1.666270056927354e-07
-8.830000000000000e-01 1.676107037202385e-07
-8.634999999999999e-01 1.687675856239046e-07
-8.440000000000000e-01 1.699436260275001e-07
-8.245000000000000e-01 1.716708007391063e-07
-8.050000000000000e-01 1.680556619662175e-07
-7.855000000000000e-01 1.694051792885156e-07
-7.660000000000000e-01 1.707675274957986e-07
-7.464999999999997e-01 1.810912306254613e-07
-7.270000000000000e-01 1.824373964677125e-07
-7.075000000000001e-01 1.838080595135666e-07
-6.879999999999998e-01 1.852039430274921e-07
-6.685000000000001e-01 1.778331533826525e-07
-6.490000000000000e-01 1.793077903365296e-07
-6.295000000000002e-01 1.805618895994813e-07
-6.100000000000001e-01 1.820690117892767e-07
-5.904999999999999e-01 1.836347233691524e-07
-5.709999999999998e-01 1.852158386125506e-07
-5.515000000000001e-01 1.868264268262204e-07
-5.320000000000001e-01 1.885075670375924e-07
-5.125000000000001e-01 1.949392841546404e-07
-4.930000000000001e-01 1.965801334731398e-07
-4.735000000000001e-01 1.982554772702709e-07
-4.540000000000000e-01 1.999653301278818e-07
-4.345000000000002e-01 2.058566638690244e-07
-4.150000000000000e-01 1.990362304492775e-07
-3.955000000000000e-01 2.009254731704218e-07
-3.759999999999999e-01 2.028562488361433e-07
-3.564999999999999e-01 2.048301548194242e-07
-3.370000000000000e-01 2.068488640720752e-07
-3.174999999999999e-01 2.089141308851696e-07
-2.979999999999999e-01 2.110277970464196e-07
-2.785000000000000e-01 2.134620805683416e-07
-2.589999999999999e-01 2.156693508430537e-07
-2.394999999999999e-01 2.179315776968331e-07
-2.199999999999999e-01 2.202509974812674e-07
-2.004999999999999e-01 2.226299746904404e-07
-1.809999999999999e-01 2.250710115140798e-07
-1.615000000000001e-01 2.275767582736901e-07
-1.420000000000001e-01 2.301500248396255e-07
-1.225000000000000e-01 2.327937931398095e-07
-1.029999999999999e-01 2.355112308854627e-07
-8.349999999999999e-02 2.383057066560922e-07
-6.400000000000007e-02 2.411808065055190e-07
-4.449999999999989e-02 2.441403522733269e-07
-2.500000000000004e-02 2.471884218123755e-07
-5.499999999999857e-03 2.503293713735894e-07
1.400000000000017e-02 2.535678604249381e-07
3.349999999999984e-02 2.569088792233214e-07
5.299999999999994e-02 2.603577795071707e-07
7.250000000000016e-02 2.639203087354222e-07
9.200000000000018e-02 2.676026483668758e-07
1.114999999999999e-01 2.714114567550338e-07
1.310000000000002e-01 2.753539173299878e-07
1.505000000000001e-01 2.794377928541435e-07
1.700000000000000e-01 2.880855630690315e-07
1.895000000000001e-01 2.968322399346145e-07
2.090000000000000e-01 3.014000267391371e-07
2.285000000000000e-01 3.018049213481687e-07
2.480000000000000e-01 3.067454094111021e-07
2.675000000000001e-01 3.118903851323685e-07
2.869999999999999e-01 3.172539320948618e-07
3.065000000000000e-01 3.228725899221908e-07
3.260000000000000e-01 3.265411993008210e-07
3.454999999999999e-01 3.325268369324214e-07
3.650000000000002e-01 3.391032672698177e-07
3.844999999999998e-01 3.440051547529053e-07
4.040000000000002e-01 3.516182362797100e-07
4.234999999999999e-01 3.624371136633534e-07
4.429999999999998e-01 3.689753569875064e-07
4.625000000000000e-01 3.772386208319623e-07
4.819999999999999e-01 3.859804852321205e-07
5.014999999999999e-01 3.952478873840102e-07
5.209999999999999e-01 4.050944284546233e-07
5.404999999999998e-01 4.157112501565971e-07
5.600000000000001e-01 4.269410983837732e-07
5.794999999999999e-01 4.389642026697127e-07
5.990000000000000e-01 4.518983185624539e-07
6.185000000000000e-01 4.658114082561763e-07
6.379999999999999e-01 4.783432932233600e-07
6.575000000000000e-01 4.972168865398968e-07
6.769999999999998e-01 5.150653381350799e-07
6.965000000000001e-01 5.346468489396180e-07
7.160000000000000e-01 5.562547587480916e-07
7.354999999999998e-01 5.802563376817383e-07
7.549999999999999e-01 6.071241677113248e-07
7.745000000000000e-01 6.374556750487340e-07
7.940000000000000e-01 6.720338433917995e-07
8.134999999999999e-01 7.119895270817263e-07
8.329999999999997e-01 7.588057474178804e-07
8.525000000000000e-01 8.109810971942584e-07
8.719999999999999e-01 8.835667436333512e-07
8.915000000000000e-01 9.716991369460780e-07
9.110000000000000e-01 1.083693612434313e-06
9.304999999999999e-01 1.244014961354010e-06
9.500000000000000e-01 1.491395473007446e-06
9.504999999999999e-01 1.499603232325651e-06
9.510000000000000e-01 1.507947133663316e-06
9.514999999999999e-01 1.516415116647624e-06
9.520000000000000e-01 1.525015430000918e-06
9.524999999999999e-01 1.533751150253791e-06
9.530000000000000e-01 1.542627424755349e-06
9.534999999999999e-01 1.551672167519338e-06
9.540000000000000e-01 1.560835225330286e-06
9.544999999999999e-01 1.569845748800478e-06
9.550000000000000e-01 1.579318026052656e-06
9.554999999999999e-01 1.588950363570665e-06
9.560000000000000e-01 1.599459391400704e-06
9.564999999999999e-01 1.609380491083259e-06
9.570000000000000e-01 1.619475756107535e-06
9.574999999999999e-01 1.629121558229126e-06
9.580000000000000e-01 1.639623825089883e-06
9.584999999999999e-01 1.650316064939279e-06
9.590000000000000e-01 1.661204124124718e-06
9.594999999999999e-01 1.672294084309092e-06
9.600000000000000e-01 1.683592280600013e-06
9.604999999999999e-01 1.695470611380709e-06
9.610000000000000e-01 1.707162216486210e-06
9.614999999999999e-01 1.719079661738599e-06
9.620000000000000e-01 1.731319604620698e-06
9.624999999999999e-01 1.743757210412737e-06
9.630000000000000e-01 1.756445700536026e-06
9.634999999999999e-01 1.769393040345316e-06
9.640000000000000e-01 1.782607617490102e-06
9.644999999999999e-01 1.796097940743361e-06
9.650000000000000e-01 1.809872445206852e-06
9.654999999999999e-01 1.823949448595773e-06
9.660000000000000e-01 1.838306549422852e-06
9.664999999999999e-01 1.852979546276409e-06
9.670000000000000e-01 1.867960634644175e-06
9.674999999999999e-01 1.883242394490759e-06
9.680000000000000e-01 1.898794830507874e-06
9.684999999999999e-01 1.914506163134810e-06
9.690000000000000e-01 1.934495849579719e-06
9.694999999999999e-01 1.949379430664044e-06
9.700000000000000e-01 1.966751888131727e-06
9.704999999999999e-01 1.984565159433228e-06
9.710000000000000e-01 2.002832904583383e-06
9.714999999999999e-01 2.021590521396171e-06
9.720000000000000e-01 2.040843603952735e-06
9.724999999999999e-01 2.060142642481489e-06
9.730000000000000e-01 2.080494453922520e-06
9.734999999999999e-01 2.101421038744747e-06
9.740000000000000e-01 2.122947239088382e-06
9.744999999999999e-01 2.144952702633319e-06
9.750000000000000e-01 2.167758339339204e-06
9.754999999999999e-01 2.191260997882978e-06
9.760000000000000e-01 2.215496825778555e-06
9.764999999999999e-01 2.240504649198767e-06
9.770000000000000e-01 2.266326233685390e-06
9.774999999999999e-01 2.293006576555451e-06
9.780000000000000e-01 2.320594235661066e-06
9.784999999999999e-01 2.349141699967557e-06
9.790000000000000e-01 2.378705808385218e-06
9.794999999999999e-01 2.409348224460071e-06
9.800000000000000e-01 2.441135975946922e-06
9.804999999999999e-01 2.474142070012170e-06
9.810000000000000e-01 2.508446196986556e-06
9.814999999999999e-01 2.544135567745261e-06
9.820000000000000e-01 2.581305845336983e-06
9.824999999999999e-01 2.620062060279232e-06
9.830000000000000e-01 2.660520027241493e-06
9.834999999999999e-01 2.702807790537704e-06
9.840000000000000e-01 2.747067297253727e-06
9.844999999999999e-01 2.793456397072016e-06
9.850000000000000e-01 2.842151209800405e-06
9.854999999999999e-01 2.893348937961075e-06
9.860000000000000e-01 2.947267397941234e-06
9.864999999999999e-01 3.004163365576076e-06
9.870000000000000e-01 3.064317221697686e-06
9.874999999999999e-01 3.128059497812930e-06
9.880000000000000e-01 3.195746042953236e-06
9.884999999999999e-01 3.267808055321008e-06
9.890000000000000e-01 3.344737494237105e-06
9.894999999999999e-01 3.427107393938564e-06
9.900000000000000e-01 3.515589890271570e-06
9.904999999999999e-01 3.610979402386045e-06
9.910000000000000e-01 3.714222806086973e-06
9.914999999999999e-01 3.826459235840502e-06
9.920000000000000e-01 3.949073370892451e-06
9.924999999999999e-01 4.083767959488784e-06
9.930000000000000e-01 4.232664367937556e-06
9.934999999999999e-01 4.398444922983264e-06
9.940000000000000e-01 4.584559261394325e-06
9.944999999999999e-01 4.795531742125719e-06
9.950000000000000e-01 5.037434159476693e-06
9.954999999999999e-01 5.318640240327927e-06
9.960000000000000e-01 5.651084697611075e-06
9.964999999999999e-01 6.052481140481116e-06
9.970000000000000e-01 6.550501572680883e-06
9.974999999999999e-01 7.191364189696367e-06
9.980000000000000e-01 8.059644946496750e-06
9.984999999999999e-01 9.332125579600573e-06
9.990000000000000e-01 1.146699220227713e-05
9.994999999999999e-01 1.628652340195798e-05
