-1.000000000000000e+00 2.222565738322015e-01
-9.994965423831851e-01 2.222934495981763e-01
-9.979866764718843e-01 2.223895162464274e-01
-9.954719225730846e-01 2.225558270197254e-01
-9.919548128307953e-01 2.228014114774973e-01
-9.874388886763943e-01 2.230907474405908e-01
-9.819286972627066e-01 2.234653550533578e-01
-9.754297868854070e-01 2.238715682842192e-01
-9.679487013963562e-01 2.244113601030006e-01
-9.594929736144974e-01 2.249844998537089e-01
-9.500711177409453e-01 2.256176176891910e-01
-9.396926207859083e-01 2.263484508246300e-01
-9.283679330160726e-01 2.271344731006082e-01
-9.161084574320695e-01 2.279956144569968e-01
-9.029265382866211e-01 2.289302578695143e-01
-8.888354486549234e-01 2.299411195112774e-01
-8.738493770697849e-01 2.310152227087030e-01
-8.579834132349771e-01 2.321955764777814e-01
-8.412535328311810e-01 2.334406089260297e-01
-8.236765814298327e-01 2.347723450847140e-01
-8.052702575310586e-01 2.361867972666692e-01
-7.860530947427873e-01 2.376718292857380e-01
-7.660444431189779e-01 2.392750952224824e-01
-7.452644496757547e-01 2.409420524503489e-01
-7.237340381050702e-01 2.427298632216722e-01
-7.014748877063210e-01 2.445888068956169e-01
-6.785094115571321e-01 2.465688176281203e-01
-6.548607339452851e-01 2.486286162780357e-01
-6.305526670845222e-01 2.508076469546565e-01
-6.056096871376665e-01 2.530958240997919e-01
-5.800569095711980e-01 2.554996899149885e-01
-5.539200638661103e-01 2.580368129000126e-01
-5.272254676105025e-01 2.606785635092191e-01
-4.999999999999998e-01 2.634506720668145e-01
-4.722710747726826e-01 2.663615887100738e-01
-4.440666126057737e-01 2.693706053274168e-01
-4.154150130018863e-01 2.725576705398031e-01
-3.863451256931285e-01 2.759131921911680e-01
-3.568862215918718e-01 2.794066749577489e-01
-3.270679633174214e-01 2.830618253821113e-01
-2.969203753282748e-01 2.868899610206378e-01
-2.664738136900348e-01 2.908996485351706e-01
-2.357589355094272e-01 2.950997258266114e-01
-2.048066680651905e-01 2.994805086983140e-01
-1.736481776669303e-01 3.041008539418880e-01
-1.423148382732850e-01 3.089301351669459e-01
-1.108381999010110e-01 3.139804302642697e-01
-7.924995685678832e-02 3.192820408391217e-01
-4.758191582374206e-02 3.248662578457061e-01
-1.586596383480781e-02 3.306948414148293e-01
1.586596383480815e-02 3.368455249401632e-01
4.758191582374240e-02 3.432808860023397e-01
7.924995685678866e-02 3.500659910344403e-01
1.108381999010111e-01 3.571959527147079e-01
1.423148382732853e-01 3.647229497945743e-01
1.736481776669304e-01 3.726224683846189e-01
2.048066680651908e-01 3.809694203897353e-01
2.357589355094273e-01 3.897791320814423e-01
2.664738136900351e-01 3.991013871201631e-01
2.969203753282749e-01 4.089312787415697e-01
3.270679633174218e-01 4.193692344671071e-01
3.568862215918719e-01 4.304071188025065e-01
3.863451256931288e-01 4.421260186892604e-01
4.154150130018864e-01 4.545976111334419e-01
4.440666126057742e-01 4.678394634517508e-01
4.722710747726827e-01 4.819811528588791e-01
5.000000000000003e-01 4.970428001731385e-01
5.272254676105026e-01 5.131741940634804e-01
5.539200638661104e-01 5.304220184201103e-01
5.800569095711982e-01 5.489474494577495e-01
6.056096871376669e-01 5.688597249910506e-01
6.305526670845226e-01 5.903284405739666e-01
6.548607339452851e-01 6.134898339804310e-01
6.785094115571322e-01 6.385806406458157e-01
7.014748877063215e-01 6.658359130611146e-01
7.237340381050703e-01 6.955065310593592e-01
7.452644496757548e-01 7.279009534184103e-01
7.660444431189780e-01 7.634221400897470e-01
7.860530947427876e-01 8.025398745796600e-01
8.052702575310586e-01 8.457310538202736e-01
8.236765814298328e-01 8.936983958986620e-01
8.412535328311813e-01 9.472400836351159e-01
8.579834132349772e-01 1.007312786010480e+00
8.738493770697850e-01 1.075165351944761e+00
8.888354486549235e-01 1.152353293811452e+00
9.029265382866214e-01 1.240915240094790e+00
9.161084574320697e-01 1.343439614470195e+00
9.283679330160727e-01 1.463471582705006e+00
9.396926207859083e-01 1.605747175295096e+00
9.500711177409454e-01 1.776994002950110e+00
9.594929736144975e-01 1.986883408026080e+00
9.679487013963562e-01 2.249877456640955e+00
9.754297868854070e-01 2.588804229049106e+00
9.819286972627067e-01 3.041634911444856e+00
9.874388886763944e-01 3.676746784047827e+00
9.919548128307953e-01 4.630904459004876e+00
9.954719225730846e-01 6.223162786831972e+00
9.979866764718844e-01 9.410809833087418e+00
9.994965423831851e-01 1.897950122478671e+01
1.000000000000000e+00 8.809149754654756e+00
