-1.000000000000000e+00 2.470720351694289e-01
-9.994965423831851e-01 2.471044862511150e-01
-9.979866764718843e-01 2.472018922898586e-01
-9.954719225730846e-01 2.473643090340770e-01
-9.919548128307953e-01 2.475920255313401e-01
-9.874388886763943e-01 2.478854453682419e-01
-9.819286972627066e-01 2.482446999574759e-01
-9.754297868854070e-01 2.486703433796491e-01
-9.679487013963562e-01 2.491628091101942e-01
-9.594929736144974e-01 2.497230424363014e-01
-9.500711177409453e-01 2.503514447636829e-01
-9.396926207859083e-01 2.510489356316688e-01
-9.283679330160726e-01 2.518164122760256e-01
-9.161084574320695e-01 2.526548831404887e-01
-9.029265382866211e-01 2.535654471258555e-01
-8.888354486549234e-01 2.545493127911511e-01
-8.738493770697849e-01 2.556077965359746e-01
-8.579834132349771e-01 2.567423256505255e-01
-8.412535328311810e-01 2.579544212277505e-01
-8.236765814298327e-01 2.592430496118642e-01
-8.052702575310586e-01 2.606182771401932e-01
-7.860530947427873e-01 2.620736931178683e-01
-7.660444431189779e-01 2.636139092590183e-01
-7.452644496757547e-01 2.652417307403452e-01
-7.237340381050702e-01 2.669592381554403e-01
-7.014748877063210e-01 2.687690682678581e-01
-6.785094115571321e-01 2.706737335731576e-01
-6.548607339452851e-01 2.726762088071848e-01
-6.305526670845222e-01 2.747800509248802e-01
-6.056096871376665e-01 2.769879925827918e-01
-5.800569095711980e-01 2.793039123951102e-01
-5.539200638661103e-01 2.817315646545061e-01
-5.272254676105025e-01 2.842750106935550e-01
-4.999999999999998e-01 2.869386227628967e-01
-4.722710747726826e-01 2.897274140648778e-01
-4.440666126057737e-01 2.926455709026310e-01
-4.154150130018863e-01 2.956987848230076e-01
-3.863451256931285e-01 2.988928567532330e-01
-3.568862215918718e-01 3.022337384424612e-01
-3.270679633174214e-01 3.057279923662100e-01
-2.969203753282748e-01 3.093827463709522e-01
-2.664738136900348e-01 3.132053403526680e-01
-2.357589355094272e-01 3.172039342122500e-01
-2.048066680651905e-01 3.213871914819124e-01
-1.736481776669303e-01 3.257644660702455e-01
-1.423148382732850e-01 3.303458004072021e-01
-1.108381999010110e-01 3.351420425231694e-01
-7.924995685678832e-02 3.401649149471365e-01
-4.758191582374206e-02 3.454270576745551e-01
-1.586596383480781e-02 3.509421822555351e-01
1.586596383480815e-02 3.567251185130419e-01
4.758191582374240e-02 3.627919796891980e-01
7.924995685678866e-02 3.691603788979247e-01
1.108381999010111e-01 3.758492608155167e-01
1.423148382732853e-01 3.828794700854994e-01
1.736481776669304e-01 3.902737230059542e-01
2.048066680651908e-01 3.980569231872306e-01
2.357589355094273e-01 4.062562992204796e-01
2.664738136900351e-01 4.149017280121211e-01
2.969203753282749e-01 4.240263470379057e-01
3.270679633174218e-01 4.336665477358264e-01
3.568862215918719e-01 4.438625823827990e-01
3.863451256931288e-01 4.546591485321815e-01
4.154150130018864e-01 4.661059352574425e-01
4.440666126057742e-01 4.780711973020184e-01
4.722710747726827e-01 4.911784476384334e-01
5.000000000000003e-01 5.049356946190144e-01
5.272254676105026e-01 5.196084133405732e-01
5.539200638661104e-01 5.352850574503291e-01
5.800569095711982e-01 5.520655246299258e-01
6.056096871376669e-01 5.700652510909339e-01
6.305526670845226e-01 5.894136442280350e-01
6.548607339452851e-01 6.102610890883637e-01
6.785094115571322e-01 6.327807507032382e-01
7.014748877063215e-01 6.571736294573656e-01
7.237340381050703e-01 6.836742241140175e-01
7.452644496757548e-01 7.125581144765740e-01
7.660444431189780e-01 7.441508438059543e-01
7.860530947427876e-01 7.788402946600360e-01
8.052702575310586e-01 8.170919776091395e-01
8.236765814298328e-01 8.594695841271065e-01
8.412535328311813e-01 9.066622176511900e-01
8.579834132349772e-01 9.595213432683126e-01
8.738493770697850e-01 1.035913413820712e+00
8.888354486549235e-01 1.097265982754680e+00
9.029265382866214e-01 1.170650596953533e+00
9.161084574320697e-01 1.257000700273921e+00
9.283679330160727e-01 1.358920275685879e+00
9.396926207859083e-01 1.480354337610836e+00
9.500711177409454e-01 1.626953084146364e+00
9.594929736144975e-01 1.807120009325976e+00
9.679487013963562e-01 2.033217796160856e+00
9.754297868854070e-01 2.324899387584970e+00
9.819286972627067e-01 2.715029943037401e+00
9.874388886763944e-01 3.262491477998966e+00
9.919548128307953e-01 4.085375159169446e+00
9.954719225730846e-01 5.458919982661112e+00
9.979866764718844e-01 8.209340844201678e+00
9.994965423831851e-01 1.646705811517553e+01
1.000000000000000e+00 2.483207172421571e+00
