-1.000000000000000e+00 7.700018917433271e-02
-9.805000000000000e-01 7.723373179299475e-02
-9.610000000000000e-01 7.746973975024059e-02
-9.415000000000000e-01 7.770832707098976e-02
-9.219999999999999e-01 7.794952347509132e-02
-9.025000000000000e-01 7.819338212286697e-02
-8.830000000000000e-01 7.843995330636126e-02
-8.634999999999999e-01 7.868929703456291e-02
-8.440000000000000e-01 7.894146958535338e-02
-8.245000000000000e-01 7.919653261482479e-02
-8.050000000000000e-01 7.945455037605255e-02
-7.855000000000000e-01 7.971558080085810e-02
-7.660000000000000e-01 7.997968649990203e-02
-7.464999999999997e-01 8.024695334798675e-02
-7.270000000000000e-01 8.051743513251812e-02
-7.075000000000001e-01 8.079120668626780e-02
-6.879999999999998e-01 8.106835055269301e-02
-6.685000000000001e-01 8.134893661854926e-02
-6.490000000000000e-01 8.163303614790236e-02
-6.295000000000002e-01 8.192077647452986e-02
-6.100000000000001e-01 8.221220038333353e-02
-5.904999999999999e-01 8.250741397981946e-02
-5.709999999999998e-01 8.280650622605325e-02
-5.515000000000001e-01 8.310957644621607e-02
-5.320000000000001e-01 8.341673133340903e-02
-5.125000000000001e-01 8.372806874561535e-02
-4.930000000000001e-01 8.404370013267590e-02
-4.735000000000001e-01 8.436374083134290e-02
-4.540000000000000e-01 8.468830502633222e-02
-4.345000000000002e-01 8.501752679368005e-02
-4.150000000000000e-01 8.535152522826041e-02
-3.955000000000000e-01 8.569043670140596e-02
-3.759999999999999e-01 8.603440376006102e-02
-3.564999999999999e-01 8.638357432130038e-02
-3.370000000000000e-01 8.673810062953774e-02
-3.174999999999999e-01 8.709815983175034e-02
-2.979999999999999e-01 8.746387503050054e-02
-2.785000000000000e-01 8.783546506660994e-02
-2.589999999999999e-01 8.821311680419644e-02
-2.394999999999999e-01 8.859701218339093e-02
-2.199999999999999e-01 8.898734470683588e-02
-2.004999999999999e-01 8.938435492107594e-02
-1.809999999999999e-01 8.978826275501511e-02
-1.615000000000001e-01 9.019930648717862e-02
-1.420000000000001e-01 9.061774046442213e-02
-1.225000000000000e-01 9.104384049250755e-02
-1.029999999999999e-01 9.147788370278910e-02
-8.349999999999999e-02 9.192017384030882e-02
-6.400000000000007e-02 9.237099914456494e-02
-4.449999999999989e-02 9.283080261532907e-02
-2.500000000000004e-02 9.329984217346403e-02
-5.499999999999857e-03 9.377853752718461e-02
1.400000000000017e-02 9.426725216356238e-02
3.349999999999984e-02 9.476654812053532e-02
5.299999999999994e-02 9.527677861269973e-02
7.250000000000016e-02 9.579847878689440e-02
9.200000000000018e-02 9.633218648547015e-02
1.114999999999999e-01 9.687847795258536e-02
1.310000000000002e-01 9.743797125542038e-02
1.505000000000001e-01 9.801133018597094e-02
1.700000000000000e-01 9.859927609950020e-02
1.895000000000001e-01 9.920258155005714e-02
2.090000000000000e-01 9.982207237009595e-02
2.285000000000000e-01 1.004586699559489e-01
2.480000000000000e-01 1.011133487486332e-01
2.675000000000001e-01 1.017871725905084e-01
2.869999999999999e-01 1.024813096487645e-01
3.065000000000000e-01 1.031970158094669e-01
3.260000000000000e-01 1.039356778235278e-01
3.454999999999999e-01 1.046988022870752e-01
3.650000000000002e-01 1.054880471812517e-01
3.844999999999998e-01 1.063052376992801e-01
4.040000000000002e-01 1.071523708206948e-01
4.234999999999999e-01 1.080316426067991e-01
4.429999999999998e-01 1.089455692952324e-01
4.625000000000000e-01 1.098968055820431e-01
4.819999999999999e-01 1.108883996042070e-01
5.014999999999999e-01 1.119237347806831e-01
5.209999999999999e-01 1.130066078113605e-01
5.404999999999998e-01 1.141412896961172e-01
5.600000000000001e-01 1.153326060478653e-01
5.794999999999999e-01 1.165860377829725e-01
5.990000000000000e-01 1.179078454453538e-01
6.185000000000000e-01 1.193052086399726e-01
6.379999999999999e-01 1.207864443529414e-01
6.575000000000000e-01 1.223612330471917e-01
6.769999999999998e-01 1.240409042691800e-01
6.965000000000001e-01 1.258389014361626e-01
7.160000000000000e-01 1.277713119717303e-01
7.354999999999998e-01 1.298576148847457e-01
7.549999999999999e-01 1.321217407190497e-01
7.745000000000000e-01 1.345935316302573e-01
7.940000000000000e-01 1.373109112511657e-01
8.134999999999999e-01 1.403232039416336e-01
8.329999999999997e-01 1.436961827297228e-01
8.525000000000000e-01 1.475205527971454e-01
8.719999999999999e-01 1.519265185221383e-01
8.915000000000000e-01 1.571109854650679e-01
9.110000000000000e-01 1.633930502853735e-01
9.304999999999999e-01 1.713425478630974e-01
9.500000000000000e-01 1.821383161676190e-01
9.504999999999999e-01 1.824721038226935e-01
9.510000000000000e-01 1.828095617706043e-01
9.514999999999999e-01 1.831507688720766e-01
9.520000000000000e-01 1.834958113491416e-01
9.524999999999999e-01 1.838447734555422e-01
9.530000000000000e-01 1.841977439962389e-01
9.534999999999999e-01 1.845548147530551e-01
9.540000000000000e-01 1.849160806985072e-01
9.544999999999999e-01 1.852816400489183e-01
9.550000000000000e-01 1.856515946344781e-01
9.554999999999999e-01 1.860260498044793e-01
9.560000000000000e-01 1.864051143068681e-01
9.564999999999999e-01 1.867889026184579e-01
9.570000000000000e-01 1.871775307084577e-01
9.574999999999999e-01 1.875711208190610e-01
9.580000000000000e-01 1.879697992853758e-01
9.584999999999999e-01 1.883736973093453e-01
9.590000000000000e-01 1.887829510796824e-01
9.594999999999999e-01 1.891977033207700e-01
9.600000000000000e-01 1.896180994232196e-01
9.604999999999999e-01 1.900442945081585e-01
9.610000000000000e-01 1.904764459933194e-01
9.614999999999999e-01 1.909147212752970e-01
9.620000000000000e-01 1.913592929848932e-01
9.624999999999999e-01 1.918103417624140e-01
9.630000000000000e-01 1.922680558093416e-01
9.634999999999999e-01 1.927326288079526e-01
9.640000000000000e-01 1.932042719179426e-01
9.644999999999999e-01 1.936831964345972e-01
9.650000000000000e-01 1.941696260917592e-01
9.654999999999999e-01 1.946637956584224e-01
9.660000000000000e-01 1.951659507537905e-01
9.664999999999999e-01 1.956763486999100e-01
9.670000000000000e-01 1.961952618022111e-01
9.674999999999999e-01 1.967229678750094e-01
9.680000000000000e-01 1.972597670813201e-01
9.684999999999999e-01 1.978059716893772e-01
9.690000000000000e-01 1.983619102004991e-01
9.694999999999999e-01 1.989279285420591e-01
9.700000000000000e-01 1.995043908890737e-01
9.704999999999999e-01 2.000916814087254e-01
9.710000000000000e-01 2.006902054644944e-01
9.714999999999999e-01 2.013003912404532e-01
9.720000000000000e-01 2.019226916329515e-01
9.724999999999999e-01 2.025575861682178e-01
9.730000000000000e-01 2.032055819459752e-01
9.734999999999999e-01 2.038672179618610e-01
9.740000000000000e-01 2.045430662037115e-01
9.744999999999999e-01 2.052337330769921e-01
9.750000000000000e-01 2.059398691080632e-01
9.754999999999999e-01 2.066621629897065e-01
9.760000000000000e-01 2.074013503654894e-01
9.764999999999999e-01 2.081582181945597e-01
9.770000000000000e-01 2.089336084105063e-01
9.774999999999999e-01 2.097284234675326e-01
9.780000000000000e-01 2.105436320069575e-01
9.784999999999999e-01 2.113802729186071e-01
9.790000000000000e-01 2.122394756505278e-01
9.794999999999999e-01 2.131224423374511e-01
9.800000000000000e-01 2.140304847816658e-01
9.804999999999999e-01 2.149650188011696e-01
9.810000000000000e-01 2.159275823562467e-01
9.814999999999999e-01 2.169198481928755e-01
9.820000000000000e-01 2.179436392298665e-01
9.824999999999999e-01 2.190009478539020e-01
9.830000000000000e-01 2.200939569022662e-01
9.834999999999999e-01 2.212250638161132e-01
9.840000000000000e-01 2.223969088645045e-01
9.844999999999999e-01 2.236124137982732e-01
9.850000000000000e-01 2.248748106205369e-01
9.854999999999999e-01 2.261876995247430e-01
9.860000000000000e-01 2.275550970783080e-01
9.864999999999999e-01 2.289815065656751e-01
9.870000000000000e-01 2.304719963113556e-01
9.874999999999999e-01 2.320322959794935e-01
9.880000000000000e-01 2.336689190553816e-01
9.884999999999999e-01 2.353892940344205e-01
9.890000000000000e-01 2.372019655046889e-01
9.894999999999999e-01 2.391168035876539e-01
9.900000000000000e-01 2.411452979039227e-01
9.904999999999999e-01 2.433009173647218e-01
9.910000000000000e-01 2.455995839276806e-01
9.914999999999999e-01 2.480602913021056e-01
9.920000000000000e-01 2.507059281989324e-01
9.924999999999999e-01 2.535643915321004e-01
9.930000000000000e-01 2.566701206572812e-01
9.934999999999999e-01 2.600662543206371e-01
9.940000000000000e-01 2.638077369736248e-01
9.944999999999999e-01 2.679659115245480e-01
9.950000000000000e-01 2.726355489158105e-01
9.954999999999999e-01 2.779459483563861e-01
9.960000000000000e-01 2.840793673479319e-01
9.964999999999999e-01 2.913032038335731e-01
9.970000000000000e-01 3.000301816105351e-01
9.974999999999999e-01 3.109409656486917e-01
9.980000000000000e-01 3.252563313523282e-01
9.984999999999999e-01 3.455334088477598e-01
9.990000000000000e-01 3.782098071376881e-01
9.994999999999999e-01 4.485401345272167e-01
