-1.000000000000000e+00 6.191438813729971e-09
-9.805000000000000e-01 6.237402696626584e-09
-9.610000000000000e-01 6.284126299951610e-09
-9.415000000000000e-01 6.331629152212087e-09
-9.219999999999999e-01 6.379931466307225e-09
-9.025000000000000e-01 6.429054170029508e-09
-8.830000000000000e-01 6.479018938221525e-09
-8.634999999999999e-01 6.529848226694848e-09
-8.440000000000000e-01 6.581565308025182e-09
-8.245000000000000e-01 6.634194309346541e-09
-8.050000000000000e-01 6.687760252276578e-09
-7.855000000000000e-01 6.742289095115199e-09
-7.660000000000000e-01 6.797807777469751e-09
-7.464999999999997e-01 6.854344267471779e-09
-7.270000000000000e-01 6.911927611763663e-09
-7.075000000000001e-01 6.970587988447374e-09
-6.879999999999998e-01 7.030356763203225e-09
-6.685000000000001e-01 7.091266548803349e-09
-6.490000000000000e-01 7.153351268263066e-09
-6.295000000000002e-01 7.216646221893561e-09
-6.100000000000001e-01 7.281188158541320e-09
-5.904999999999999e-01 7.347015351324100e-09
-5.709999999999998e-01 7.414167678199652e-09
-5.515000000000001e-01 7.482686707732697e-09
-5.320000000000001e-01 7.552615790457634e-09
-5.125000000000001e-01 7.624000156269751e-09
-4.930000000000001e-01 7.696887018316528e-09
-4.735000000000001e-01 7.771325683903449e-09
-4.540000000000000e-01 7.847367672975970e-09
-4.345000000000002e-01 7.925066844791461e-09
-4.150000000000000e-01 8.004479533452743e-09
-3.955000000000000e-01 8.085664693038679e-09
-3.759999999999999e-01 8.168684053138308e-09
-3.564999999999999e-01 8.253602285673531e-09
-3.370000000000000e-01 8.340487183982963e-09
-3.174999999999999e-01 8.429409855236874e-09
-2.979999999999999e-01 8.520444927361572e-09
-2.785000000000000e-01 8.613670771772731e-09
-2.589999999999999e-01 8.709169743352253e-09
-2.394999999999999e-01 8.617984095593936e-09
-2.199999999999999e-01 8.702632378846243e-09
-2.004999999999999e-01 8.789255513759660e-09
-1.809999999999999e-01 8.877929823594903e-09
-1.615000000000001e-01 8.968735877096958e-09
-1.420000000000001e-01 9.061758801008788e-09
-1.225000000000000e-01 9.157088621388989e-09
-1.029999999999999e-01 9.254820636932529e-09
-8.349999999999999e-02 7.515974375849505e-09
-6.400000000000007e-02 7.613538380083244e-09
-4.449999999999989e-02 7.714302008954623e-09
-2.500000000000004e-02 7.818426028655079e-09
-5.499999999999857e-03 7.926082787911094e-09
1.400000000000017e-02 8.037457271072120e-09
3.349999999999984e-02 8.152748271061026e-09
5.299999999999994e-02 8.272169698388057e-09
7.250000000000016e-02 8.395952045007963e-09
9.200000000000018e-02 8.524344024851026e-09
1.114999999999999e-01 8.657614416480100e-09
1.310000000000002e-01 8.796054137639609e-09
1.505000000000001e-01 9.541839726718214e-09
1.700000000000000e-01 9.631541213594929e-09
1.895000000000001e-01 9.735853547676017e-09
2.090000000000000e-01 9.853681095103426e-09
2.285000000000000e-01 9.984287714166513e-09
2.480000000000000e-01 1.012722151144525e-08
2.675000000000001e-01 1.028226242326075e-08
2.869999999999999e-01 1.147750356898161e-08
3.065000000000000e-01 1.168375933916709e-08
3.260000000000000e-01 1.189937635365224e-08
3.454999999999999e-01 1.381557585851764e-08
3.650000000000002e-01 1.405491452983643e-08
3.844999999999998e-01 1.430603514874385e-08
4.040000000000002e-01 1.456990574774287e-08
4.234999999999999e-01 1.265155857811892e-08
4.429999999999998e-01 1.366486370341205e-08
4.625000000000000e-01 1.392845615136339e-08
4.819999999999999e-01 1.240304161922207e-08
5.014999999999999e-01 1.554371869547148e-08
5.209999999999999e-01 1.605542833146276e-08
5.404999999999998e-01 1.667062968271870e-08
5.600000000000001e-01 1.747074709127122e-08
5.794999999999999e-01 1.665589038483880e-08
5.990000000000000e-01 1.650976310781577e-08
6.185000000000000e-01 1.757066407050219e-08
6.379999999999999e-01 1.806830149052159e-08
6.575000000000000e-01 1.858968316346796e-08
6.769999999999998e-01 1.912526881605924e-08
6.965000000000001e-01 1.964897145614981e-08
7.160000000000000e-01 2.008597345700607e-08
7.354999999999998e-01 2.017187914929055e-08
7.549999999999999e-01 1.825643891543977e-08
7.745000000000000e-01 2.476088712410175e-08
7.940000000000000e-01 2.636978998076627e-08
8.134999999999999e-01 2.976340758837607e-08
8.329999999999997e-01 3.104404004915168e-08
8.525000000000000e-01 3.187520570524800e-08
8.719999999999999e-01 3.464727017136407e-08
8.915000000000000e-01 3.826828290372362e-08
9.110000000000000e-01 4.330082260543296e-08
9.304999999999999e-01 4.753536408646280e-08
9.500000000000000e-01 5.667134368905049e-08
9.504999999999999e-01 5.697945198234148e-08
9.510000000000000e-01 5.729229895334955e-08
9.514999999999999e-01 5.761000660427440e-08
9.520000000000000e-01 5.793270137698426e-08
9.524999999999999e-01 5.826051436285152e-08
9.530000000000000e-01 5.859358152483808e-08
9.534999999999999e-01 5.893204393268202e-08
9.540000000000000e-01 5.927604801211144e-08
9.544999999999999e-01 5.962574580908213e-08
9.550000000000000e-01 5.998129527012439e-08
9.554999999999999e-01 6.034286053996926e-08
9.560000000000000e-01 6.071061227773009e-08
9.564999999999999e-01 6.108472799301967e-08
9.570000000000000e-01 6.146539240350764e-08
9.574999999999999e-01 6.185279781555099e-08
9.580000000000000e-01 6.224714452968106e-08
9.584999999999999e-01 6.264864127288477e-08
9.590000000000000e-01 6.305750565980134e-08
9.594999999999999e-01 6.347396468514526e-08
9.600000000000000e-01 6.389825524988787e-08
9.604999999999999e-01 6.433062472396418e-08
9.610000000000000e-01 6.509638532184894e-08
9.614999999999999e-01 6.553637321394076e-08
9.620000000000000e-01 6.598533448091094e-08
9.624999999999999e-01 6.833793958090277e-08
9.630000000000000e-01 6.890462404342799e-08
9.634999999999999e-01 6.948515535919837e-08
9.640000000000000e-01 7.007998736472620e-08
9.644999999999999e-01 7.068959007697270e-08
9.650000000000000e-01 7.131445157697127e-08
9.654999999999999e-01 7.195508019368471e-08
9.660000000000000e-01 7.261200699768969e-08
9.664999999999999e-01 7.048421228157816e-08
9.670000000000000e-01 7.082255424364303e-08
9.674999999999999e-01 7.140161723244894e-08
9.680000000000000e-01 7.199426568486276e-08
9.684999999999999e-01 7.260103715263414e-08
9.690000000000000e-01 7.322249942689980e-08
9.694999999999999e-01 7.385925276056284e-08
9.700000000000000e-01 7.451193229359528e-08
9.704999999999999e-01 7.937766252652753e-08
9.710000000000000e-01 8.023255506731752e-08
9.714999999999999e-01 8.111228856190025e-08
9.720000000000000e-01 8.201796936299876e-08
9.724999999999999e-01 8.295078942743572e-08
9.730000000000000e-01 7.880314736529471e-08
9.734999999999999e-01 7.958865086153726e-08
9.740000000000000e-01 8.039679627130917e-08
9.744999999999999e-01 8.122868908898960e-08
9.750000000000000e-01 8.208551184357488e-08
9.754999999999999e-01 8.296853113949079e-08
9.760000000000000e-01 8.387910550017956e-08
9.764999999999999e-01 8.481869412491310e-08
9.770000000000000e-01 8.578886668721156e-08
9.774999999999999e-01 8.679131432451730e-08
9.780000000000000e-01 8.782786199415633e-08
9.784999999999999e-01 8.890048240096390e-08
9.790000000000000e-01 9.001131173843448e-08
9.794999999999999e-01 9.116266752922232e-08
9.800000000000000e-01 9.235706890410949e-08
9.804999999999999e-01 9.359725972335829e-08
9.810000000000000e-01 9.488623502360143e-08
9.814999999999999e-01 9.622727137071402e-08
9.820000000000000e-01 9.762396181925574e-08
9.824999999999999e-01 9.908025632816500e-08
9.830000000000000e-01 1.006005086685281e-07
9.834999999999999e-01 1.021895310929569e-07
9.840000000000000e-01 1.038526583314894e-07
9.844999999999999e-01 1.055958228546407e-07
9.850000000000000e-01 1.074256438256323e-07
9.854999999999999e-01 1.093495327851529e-07
9.860000000000000e-01 1.113758199204556e-07
9.864999999999999e-01 1.135139058313683e-07
9.870000000000000e-01 1.157744451104000e-07
9.874999999999999e-01 1.181695699319610e-07
9.880000000000000e-01 1.207131643825341e-07
9.884999999999999e-01 1.234212037289532e-07
9.890000000000000e-01 1.263121776129903e-07
9.894999999999999e-01 1.294076228708220e-07
9.900000000000000e-01 1.327328012081091e-07
9.904999999999999e-01 1.363175707109784e-07
9.910000000000000e-01 1.401975203414716e-07
9.914999999999999e-01 1.444156167304434e-07
9.920000000000000e-01 1.490236150197082e-07
9.924999999999999e-01 1.540856457836224e-07
9.930000000000000e-01 1.596814390017857e-07
9.934999999999999e-01 1.659118080437035e-07
9.940000000000000e-01 1.729064053200276e-07
9.944999999999999e-01 1.808352765251004e-07
9.950000000000000e-01 1.899266281927446e-07
9.954999999999999e-01 2.004951875125916e-07
9.960000000000000e-01 2.129894579277454e-07
9.964999999999999e-01 2.280752638601683e-07
9.970000000000000e-01 2.467926134162443e-07
9.974999999999999e-01 2.708785930571838e-07
9.980000000000000e-01 3.035119030513844e-07
9.984999999999999e-01 3.513368149054358e-07
9.990000000000000e-01 4.315739437362645e-07
9.994999999999999e-01 6.127125024364033e-07
