-1.000000000000000e+00 2.818343918579992e-01
-9.994965423831851e-01 2.818672716556423e-01
-9.979866764718843e-01 2.819659699157253e-01
-9.954719225730846e-01 2.821305246317062e-01
-9.919548128307953e-01 2.823611880777268e-01
-9.874388886763943e-01 2.826581419398282e-01
-9.819286972627066e-01 2.830218368040149e-01
-9.754297868854070e-01 2.834525508707921e-01
-9.679487013963562e-01 2.839508056533988e-01
-9.594929736144974e-01 2.845171010958594e-01
-9.500711177409453e-01 2.851521579741424e-01
-9.396926207859083e-01 2.858566169291976e-01
-9.283679330160726e-01 2.866312853982037e-01
-9.161084574320695e-01 2.874770372476077e-01
-9.029265382866211e-01 2.883948350916455e-01
-8.888354486549234e-01 2.893857286632439e-01
-8.738493770697849e-01 2.904508623144401e-01
-8.579834132349771e-01 2.915914761995027e-01
-8.412535328311810e-01 2.928089081901807e-01
-8.236765814298327e-01 2.941046158810794e-01
-8.052702575310586e-01 2.954801272776013e-01
-7.860530947427873e-01 2.969371195210860e-01
-7.660444431189779e-01 2.984773901541251e-01
-7.452644496757547e-01 3.001028411383903e-01
-7.237340381050702e-01 3.018155139126757e-01
-7.014748877063210e-01 3.036175906715985e-01
-6.785094115571321e-01 3.055113986368736e-01
-6.548607339452851e-01 3.074994189258957e-01
-6.305526670845222e-01 3.095843088665777e-01
-6.056096871376665e-01 3.117688844094405e-01
-5.800569095711980e-01 3.140561311844179e-01
-5.539200638661103e-01 3.164492730722909e-01
-5.272254676105025e-01 3.189517145437143e-01
-4.999999999999998e-01 3.215669538162101e-01
-4.722710747726826e-01 3.242992645608089e-01
-4.440666126057737e-01 3.271523520585607e-01
-4.154150130018863e-01 3.301308149580640e-01
-3.863451256931285e-01 3.332392918119639e-01
-3.568862215918718e-01 3.364828150319597e-01
-3.270679633174214e-01 3.398667345168719e-01
-2.969203753282748e-01 3.433967764705823e-01
-2.664738136900348e-01 3.470790273205857e-01
-2.357589355094272e-01 3.509201218464503e-01
-2.048066680651905e-01 3.549269957085709e-01
-1.736481776669303e-01 3.591071968269180e-01
-1.423148382732850e-01 3.634687949768184e-01
-1.108381999010110e-01 3.680204999523671e-01
-7.924995685678832e-02 3.727716154075630e-01
-4.758191582374206e-02 3.777321761407086e-01
-1.586596383480781e-02 3.829130357798792e-01
1.586596383480815e-02 3.883258859272926e-01
4.758191582374240e-02 3.939833813839941e-01
7.924995685678866e-02 3.998992446706797e-01
1.108381999010111e-01 4.060883125210134e-01
1.423148382732853e-01 4.125667298168000e-01
1.736481776669304e-01 4.193520775915298e-01
2.048066680651908e-01 4.264635059427382e-01
2.357589355094273e-01 4.339219264541179e-01
2.664738136900351e-01 4.417502794698431e-01
2.969203753282749e-01 4.499736781522400e-01
3.270679633174218e-01 4.586198023704977e-01
3.568862215918719e-01 4.677190188145274e-01
3.863451256931288e-01 4.773052382868132e-01
4.154150130018864e-01 4.874154941660634e-01
4.440666126057742e-01 4.980913533190583e-01
4.722710747726827e-01 5.093790377600909e-01
5.000000000000003e-01 5.213302063194659e-01
5.272254676105026e-01 5.340028618178065e-01
5.539200638661104e-01 5.474622639710172e-01
5.800569095711982e-01 5.617822162936841e-01
6.056096871376669e-01 5.770464750204509e-01
6.305526670845226e-01 5.933505146510560e-01
6.548607339452851e-01 6.108037194469258e-01
6.785094115571322e-01 6.295319398672377e-01
7.014748877063215e-01 6.496809638633079e-01
7.237340381050703e-01 6.714201731280904e-01
7.452644496757548e-01 6.949442337414744e-01
7.660444431189780e-01 7.204996208769900e-01
7.860530947427876e-01 7.483524470297265e-01
8.052702575310586e-01 7.788399825293444e-01
8.236765814298328e-01 8.123656141742152e-01
8.412535328311813e-01 8.494201863530737e-01
8.579834132349772e-01 8.906104023605730e-01
8.738493770697850e-01 9.366926271346530e-01
8.888354486549235e-01 9.886240319584255e-01
9.029265382866214e-01 1.047633783429353e+00
9.161084574320697e-01 1.115327232233628e+00
9.283679330160727e-01 1.193842818736765e+00
9.396926207859083e-01 1.286093858416196e+00
9.500711177409454e-01 1.396156167157923e+00
9.594929736144975e-01 1.529912447731362e+00
9.679487013963562e-01 1.696182174409314e+00
9.754297868854070e-01 1.908817794010265e+00
9.819286972627067e-01 2.190898565721960e+00
9.874388886763944e-01 2.617686168174813e+00
9.919548128307953e-01 3.174816898610657e+00
9.954719225730846e-01 4.133255647284728e+00
9.979866764718844e-01 6.063657849081876e+00
9.994965423831851e-01 1.187032465231896e+01
1.000000000000000e+00 8.276146403312633e-01
