1.060025848806882e+18 1.749354469351024e+05
1.191103133283007e+18 1.822253302582617e+05
1.338388753173757e+18 1.873693768281736e+05
1.503886946955410e+18 1.933169831787977e+05
1.689849786812457e+18 1.717297931205955e+05
1.898807824465263e+18 1.555019838292173e+05
2.133604526501411e+18 1.412952072878637e+05
2.397434967801077e+18 1.245301682188602e+05
2.693889309590172e+18 1.088761618854491e+05
3.027001653763462e+18 1.037016564447849e+05
3.401304938279252e+18 9.862784801698798e+04
3.821892620633119e+18 9.528721614722579e+04
4.294487988789275e+18 9.223182799709997e+04
4.825522042741278e+18 8.628035730840304e+04
5.422221006501588e+18 7.600569761231475e+04
6.092704661368677e+18 6.277707292290902e+04
6.846096838574658e+18 4.800370872569922e+04
7.692649574879142e+18 3.488796756375374e+04
8.643882620598268e+18 2.245541860121567e+04
9.712740198471170e+18 1.360441663195607e+04
1.091376714651273e+19 7.400805164980511e+03
1.226330684177563e+19 3.693426241690818e+03
1.377972359833557e+19 1.644388605291956e+03
1.548365256585498e+19 6.357908949357230e+02
1.739828052930364e+19 2.168912451530358e+02
1.954966143091260e+19 6.312372914417571e+01
2.196707090793234e+19 1.566352644821395e+01
2.468340467068649e+19 3.127552915011936e+00
2.773562614198413e+19 5.127459189024455e-01
3.116526944929430e+19 6.580425217967835e-02
3.501900461431709e+19 4.877119855165652e-03
3.934927263095847e+19 4.610841338799846e-04
4.421499907374487e+19 2.335141198238466e-05
4.968239594734385e+19 8.013675126544250e-07
5.582586268862695e+19 1.781413668727541e-08
6.272899858196243e+19 2.292756808401170e-10
7.048574036451899e+19 1.659822242412811e-12
7.920164050192548e+19 6.242967055294016e-15
8.899530352885229e+19 1.097209368507125e-17
9.999999999999995e+19 8.511742379704997e-21
1.123654800138752e+20 2.471591545452422e-24
1.262600109874856e+20 2.762430625545159e-28
1.418726674116596e+20 1.016152390201074e-32
1.594159037456000e+20 8.658687254579663e-38
1.791284454622004e+20 2.429928584699310e-43
2.012785375849940e+20 9.805207173433594e-50
2.261675949222864e+20 7.117970711385228e-57
2.541343036702636e+20 1.285569423422776e-64
2.855592301990109e+20 3.524459412099238e-73
3.208699997370450e+20 4.742285069645477e-83
3.605471154250506e+20 6.885038397078921e-94
4.051304969235382e+20 7.013998189264012e-106
4.552268275507309e+20 9.926119953645884e-120
5.115178099293145e+20 7.014947884840919e-135
5.747694424835353e+20 0.000000000000000e+00
6.458424430196978e+20 0.000000000000000e+00
7.257039612324217e+20 0.000000000000000e+00
8.154407395185162e+20 0.000000000000000e+00
9.162739011886741e+20 0.000000000000000e+00
1.029575567312513e+21 0.000000000000000e+00
1.156887528316282e+21 0.000000000000000e+00
1.299942224413246e+21 0.000000000000000e+00
1.460686320364989e+21 0.000000000000000e+00
1.641307195375130e+21 0.000000000000000e+00
1.844262708585535e+21 0.000000000000000e+00
2.072314645219030e+21 0.000000000000000e+00
2.328566298498196e+21 0.000000000000000e+00
2.616504698748821e+21 0.000000000000000e+00
2.940048064334710e+21 0.000000000000000e+00
3.303599120128339e+21 0.000000000000000e+00
3.712105009066361e+21 0.000000000000000e+00
4.171124612056520e+21 0.000000000000000e+00
4.686904192314192e+21 0.000000000000000e+00
5.266462393484281e+21 0.000000000000000e+00
5.917685748188824e+21 0.000000000000000e+00
6.649435996665046e+21 0.000000000000000e+00
7.471670675868082e+21 0.000000000000000e+00
8.395578619995113e+21 0.000000000000000e+00
9.433732216299773e+21 0.000000000000000e+00
