1.060025848806882e+18 2.012757404487514e+08
1.191103133283007e+18 1.633538891952651e+08
1.338388753173757e+18 1.295327752607640e+08
1.503886946955410e+18 1.011055230347985e+08
1.689849786812457e+18 7.898873718772081e+07
1.898807824465263e+18 5.870860386764011e+07
2.133604526501411e+18 4.697585564140341e+07
2.397434967801077e+18 3.522687677381195e+07
2.693889309590172e+18 2.818598094602938e+07
3.027001653763462e+18 2.214110904741551e+07
3.401304938279252e+18 1.806713598124594e+07
3.821892620633119e+18 1.489344733700454e+07
4.294487988789275e+18 1.290292867740613e+07
4.825522042741278e+18 1.118134594102039e+07
5.422221006501588e+18 9.975892979020759e+06
6.092704661368677e+18 9.002075427346470e+06
6.846096838574658e+18 7.899828066316717e+06
7.692649574879142e+18 7.174257263467753e+06
8.643882620598268e+18 6.849645087899367e+06
9.712740198471170e+18 7.023745138343173e+06
1.091376714651273e+19 7.677632949573383e+06
1.226330684177563e+19 8.376616560010157e+06
1.377972359833557e+19 9.366297298210898e+06
1.548365256585498e+19 1.033209838902367e+07
1.739828052930364e+19 1.103508951537888e+07
1.954966143091260e+19 1.081344496800650e+07
2.196707090793234e+19 9.524369379803440e+06
2.468340467068649e+19 7.745451268202775e+06
2.773562614198413e+19 6.448229317258380e+06
3.116526944929430e+19 5.710825317447509e+06
3.501900461431709e+19 5.329311102201023e+06
3.934927263095847e+19 5.082133568556569e+06
4.421499907374487e+19 4.800574076130817e+06
4.968239594734385e+19 4.751364496656570e+06
5.582586268862695e+19 4.703792714586762e+06
6.272899858196243e+19 5.102467023016476e+06
7.048574036451899e+19 5.025517763507726e+06
7.920164050192548e+19 2.855767234773994e+06
8.899530352885229e+19 1.301741430574578e+06
9.999999999999995e+19 2.521694674859074e+05
1.123654800138752e+20 1.023206304745699e+04
1.262600109874856e+20 4.606738932323490e-59
1.418726674116596e+20 6.993949142904352e-68
1.594159037456000e+20 3.740590503069127e-37
1.791284454622004e+20 7.319171117796668e-89
2.012785375849940e+20 1.310657462128134e-48
2.261675949222864e+20 2.314775204190549e-55
2.541343036702636e+20 4.488924216901849e-63
2.855592301990109e+20 3.442302504867837e-148
3.208699997370450e+20 2.513479870993603e-81
3.605471154250506e+20 0.000000000000000e+00
4.051304969235382e+20 0.000000000000000e+00
4.552268275507309e+20 0.000000000000000e+00
5.115178099293145e+20 0.000000000000000e+00
5.747694424835353e+20 0.000000000000000e+00
6.458424430196978e+20 0.000000000000000e+00
7.257039612324217e+20 0.000000000000000e+00
8.154407395185162e+20 0.000000000000000e+00
9.162739011886741e+20 0.000000000000000e+00
1.029575567312513e+21 0.000000000000000e+00
1.156887528316282e+21 0.000000000000000e+00
1.299942224413246e+21 0.000000000000000e+00
1.460686320364989e+21 0.000000000000000e+00
1.641307195375130e+21 0.000000000000000e+00
1.844262708585535e+21 0.000000000000000e+00
2.072314645219030e+21 0.000000000000000e+00
2.328566298498196e+21 0.000000000000000e+00
2.616504698748821e+21 0.000000000000000e+00
2.940048064334710e+21 0.000000000000000e+00
3.303599120128339e+21 0.000000000000000e+00
3.712105009066361e+21 0.000000000000000e+00
4.171124612056520e+21 0.000000000000000e+00
4.686904192314192e+21 0.000000000000000e+00
5.266462393484281e+21 0.000000000000000e+00
5.917685748188824e+21 0.000000000000000e+00
6.649435996665046e+21 0.000000000000000e+00
7.471670675868082e+21 0.000000000000000e+00
8.395578619995113e+21 0.000000000000000e+00
9.433732216299773e+21 0.000000000000000e+00
