-1.000000000000000e+00 1.730654764017830e-02
-9.994965423831851e-01 1.730772999208849e-02
-9.979866764718843e-01 1.731127805819044e-02
-9.954719225730846e-01 1.731719182061244e-02
-9.919548128307953e-01 1.732547580982807e-02
-9.874388886763943e-01 1.733613215996618e-02
-9.819286972627066e-01 1.734916668920061e-02
-9.754297868854070e-01 1.736458256696462e-02
-9.679487013963562e-01 1.738238894312457e-02
-9.594929736144974e-01 1.740258978501023e-02
-9.500711177409453e-01 1.742519567927844e-02
-9.396926207859083e-01 1.745021747733807e-02
-9.283679330160726e-01 1.747766253291383e-02
-9.161084574320695e-01 1.750754436219875e-02
-9.029265382866211e-01 1.753987578465561e-02
-8.888354486549234e-01 1.757467028584706e-02
-8.738493770697849e-01 1.761194171949427e-02
-8.579834132349771e-01 1.765170733627105e-02
-8.412535328311810e-01 1.769398071278801e-02
-8.236765814298327e-01 1.773878314603998e-02
-8.052702575310586e-01 1.778613214072560e-02
-7.860530947427873e-01 1.783605067573751e-02
-7.660444431189779e-01 1.788855662834020e-02
-7.452644496757547e-01 1.794367180153440e-02
-7.237340381050702e-01 1.800142284245694e-02
-7.014748877063210e-01 1.806183346583530e-02
-6.785094115571321e-01 1.812492857626289e-02
-6.548607339452851e-01 1.819073879029473e-02
-6.305526670845222e-01 1.825928820805044e-02
-6.056096871376665e-01 1.833060995081698e-02
-5.800569095711980e-01 1.840473555118259e-02
-5.539200638661103e-01 1.848169549731251e-02
-5.272254676105025e-01 1.856152455332881e-02
-4.999999999999998e-01 1.864426000930166e-02
-4.722710747726826e-01 1.872993156420270e-02
-4.440666126057737e-01 1.881858565652936e-02
-4.154150130018863e-01 1.891025743226336e-02
-3.863451256931285e-01 1.900498863493665e-02
-3.568862215918718e-01 1.910282293074872e-02
-3.270679633174214e-01 1.920380493550087e-02
-2.969203753282748e-01 1.930797804546605e-02
-2.664738136900348e-01 1.941539336476641e-02
-2.357589355094272e-01 1.952609888877780e-02
-2.048066680651905e-01 1.964014536958468e-02
-1.736481776669303e-01 1.975758481292860e-02
-1.423148382732850e-01 1.987847503671714e-02
-1.108381999010110e-01 2.000286912018424e-02
-7.924995685678832e-02 2.013083174450304e-02
-4.758191582374206e-02 2.026241940032503e-02
-1.586596383480781e-02 2.039769467354971e-02
1.586596383480815e-02 2.053672993904077e-02
4.758191582374240e-02 2.067958668994863e-02
7.924995685678866e-02 2.082633554842079e-02
1.108381999010111e-01 2.097705338807637e-02
1.423148382732853e-01 2.113181125626490e-02
1.736481776669304e-01 2.129068992041281e-02
2.048066680651908e-01 2.145376972683604e-02
2.357589355094273e-01 2.162113772144153e-02
2.664738136900351e-01 2.179288255861804e-02
2.969203753282749e-01 2.196909141340018e-02
3.270679633174218e-01 2.214986460618136e-02
3.568862215918719e-01 2.233529641122462e-02
3.863451256931288e-01 2.252549073981024e-02
4.154150130018864e-01 2.272056061321149e-02
4.440666126057742e-01 2.292061725170963e-02
4.722710747726827e-01 2.312577873580501e-02
5.000000000000003e-01 2.333616953604496e-02
5.272254676105026e-01 2.355192640642970e-02
5.539200638661104e-01 2.377318216114052e-02
5.800569095711982e-01 2.400008654305017e-02
6.056096871376669e-01 2.423279661871191e-02
6.305526670845226e-01 2.447160316341669e-02
6.548607339452851e-01 2.471585598937530e-02
6.785094115571322e-01 2.496576201145203e-02
7.014748877063215e-01 2.522141545051738e-02
7.237340381050703e-01 2.548282400542626e-02
7.452644496757548e-01 2.574995933591684e-02
7.660444431189780e-01 2.602280715218896e-02
7.860530947427876e-01 2.630145848978545e-02
8.052702575310586e-01 2.658623063523188e-02
8.236765814298328e-01 2.687774861052453e-02
8.412535328311813e-01 2.717700260298911e-02
8.579834132349772e-01 2.748535820487904e-02
8.738493770697850e-01 2.780454275458792e-02
8.888354486549235e-01 2.813662526599483e-02
9.029265382866214e-01 2.848397985581884e-02
9.161084574320697e-01 2.884930422676231e-02
9.283679330160727e-01 2.923564616259301e-02
9.396926207859083e-01 2.964654074745345e-02
9.500711177409454e-01 3.008626046135214e-02
9.594929736144975e-01 3.056027008078050e-02
9.679487013963562e-01 3.107605313472485e-02
9.754297868854070e-01 3.164455937563533e-02
9.819286972627067e-01 3.228307043127653e-02
9.874388886763944e-01 3.302099735709511e-02
9.919548128307953e-01 3.391375606569434e-02
9.954719225730846e-01 3.508186158907211e-02
9.979866764718844e-01 3.685909303499399e-02
9.994965423831851e-01 4.077836320725083e-02
1.000000000000000e+00 3.640545942188415e-02
