-1.000000000000000e+00 5.308112370929571e-04
-9.994965423831851e-01 5.308747034840428e-04
-9.979866764718843e-01 5.310650400496425e-04
-9.954719225730846e-01 5.313821688041139e-04
-9.919548128307953e-01 5.318269086742615e-04
-9.874388886763943e-01 5.323994962815722e-04
-9.819286972627066e-01 5.331005608109988e-04
-9.754297868854070e-01 5.339308615790168e-04
-9.679487013963562e-01 5.348912663296756e-04
-9.594929736144974e-01 5.359828296018555e-04
-9.500711177409453e-01 5.372066917594207e-04
-9.396926207859083e-01 5.385641902014103e-04
-9.283679330160726e-01 5.400568432295586e-04
-9.161084574320695e-01 5.416864885372441e-04
-9.029265382866211e-01 5.434542357365096e-04
-8.888354486549234e-01 5.453627574940877e-04
-8.738493770697849e-01 5.474139646040459e-04
-8.579834132349771e-01 5.496100723025435e-04
-8.412535328311810e-01 5.519538257397784e-04
-8.236765814298327e-01 5.544476840301140e-04
-8.052702575310586e-01 5.570946581347956e-04
-7.860530947427873e-01 5.598977924678041e-04
-7.660444431189779e-01 5.628605435457687e-04
-7.452644496757547e-01 5.659862849666796e-04
-7.237340381050702e-01 5.692789050893702e-04
-7.014748877063210e-01 5.727424482518121e-04
-6.785094115571321e-01 5.763812668511823e-04
-6.548607339452851e-01 5.801999434952780e-04
-6.305526670845222e-01 5.842034643897996e-04
-6.056096871376665e-01 5.883969094884455e-04
-5.800569095711980e-01 5.927861977291754e-04
-5.539200638661103e-01 5.973766841591985e-04
-5.272254676105025e-01 6.021749875983251e-04
-4.999999999999998e-01 6.071877478722521e-04
-4.722710747726826e-01 6.124221556624296e-04
-4.440666126057737e-01 6.178857115784865e-04
-4.154150130018863e-01 6.235866523687128e-04
-3.863451256931285e-01 6.295334975383533e-04
-3.568862215918718e-01 6.357355206519639e-04
-3.270679633174214e-01 6.422025498022956e-04
-2.969203753282748e-01 6.489449607543056e-04
-2.664738136900348e-01 6.559740133476110e-04
-2.357589355094272e-01 6.633016469558217e-04
-2.048066680651905e-01 6.709406861264992e-04
-1.736481776669303e-01 6.789047342295373e-04
-1.423148382732850e-01 6.872085432268390e-04
-1.108381999010110e-01 6.958678398355641e-04
-7.924995685678832e-02 7.048995813094322e-04
-4.758191582374206e-02 7.143219235647344e-04
-1.586596383480781e-02 7.241545531672345e-04
1.586596383480815e-02 7.344183775915184e-04
4.758191582374240e-02 7.451363864730035e-04
7.924995685678866e-02 7.563330267016612e-04
1.108381999010111e-01 7.680352087100600e-04
1.423148382732853e-01 7.802718408926523e-04
1.736481776669304e-01 7.930743404939446e-04
2.048066680651908e-01 8.064767670713088e-04
2.357589355094273e-01 8.205165611134068e-04
2.664738136900351e-01 8.352346917524619e-04
2.969203753282749e-01 8.506756531690491e-04
3.270679633174218e-01 8.668885544024428e-04
3.568862215918719e-01 8.839273329135459e-04
3.863451256931288e-01 9.018515765232481e-04
4.154150130018864e-01 9.207267597828988e-04
4.440666126057742e-01 9.406269392278119e-04
4.722710747726827e-01 9.616323530538960e-04
5.000000000000003e-01 9.838337611153881e-04
5.272254676105026e-01 1.007333664059696e-03
5.539200638661104e-01 1.032245164742603e-03
5.800569095711982e-01 1.058697521729890e-03
6.056096871376669e-01 1.086836507863388e-03
6.305526670845226e-01 1.116827724468136e-03
6.548607339452851e-01 1.148862564295823e-03
6.785094115571322e-01 1.183156597970163e-03
7.014748877063215e-01 1.219964686393356e-03
7.237340381050703e-01 1.259576627587891e-03
7.452644496757548e-01 1.302336681909974e-03
7.660444431189780e-01 1.348648198760126e-03
7.860530947427876e-01 1.398987476381484e-03
8.052702575310586e-01 1.453926863032416e-03
8.236765814298328e-01 1.514155999976562e-03
8.412535328311813e-01 1.580515213789621e-03
8.579834132349772e-01 1.654023002574105e-03
8.738493770697850e-01 1.736017198834889e-03
8.888354486549235e-01 1.828078647143958e-03
9.029265382866214e-01 1.932312274430092e-03
9.161084574320697e-01 2.051446393812343e-03
9.283679330160727e-01 2.189106057695397e-03
9.396926207859083e-01 2.350228965071735e-03
9.500711177409454e-01 2.541715463202298e-03
9.594929736144975e-01 2.773517680676163e-03
9.679487013963562e-01 3.060546134533868e-03
9.754297868854070e-01 3.426205469559584e-03
9.819286972627067e-01 3.909471186691815e-03
9.874388886763944e-01 4.580451794328845e-03
9.919548128307953e-01 5.698085302598794e-03
9.954719225730846e-01 7.237686660417036e-03
9.979866764718844e-01 1.048353295736961e-02
9.994965423831851e-01 2.027229956236059e-02
1.000000000000000e+00 6.402637597818643e-04
