-1.000000000000000e+00 2.462878473971476e-03
-9.994965423831851e-01 2.463144189366401e-03
-9.979866764718843e-01 2.463941638809666e-03
-9.954719225730846e-01 2.465271620211949e-03
-9.919548128307953e-01 2.467135519657116e-03
-9.874388886763943e-01 2.469535109659831e-03
-9.819286972627066e-01 2.472472761327351e-03
-9.754297868854070e-01 2.475951450390706e-03
-9.679487013963562e-01 2.479974188131430e-03
-9.594929736144974e-01 2.484546907399363e-03
-9.500711177409453e-01 2.489669859751803e-03
-9.396926207859083e-01 2.495352385486605e-03
-9.283679330160726e-01 2.501599110849214e-03
-9.161084574320695e-01 2.508415952808468e-03
-9.029265382866211e-01 2.515810695106661e-03
-8.888354486549234e-01 2.523789212237472e-03
-8.738493770697849e-01 2.532360653774721e-03
-8.579834132349771e-01 2.541534505117429e-03
-8.412535328311810e-01 2.551319924464648e-03
-8.236765814298327e-01 2.561726640801021e-03
-8.052702575310586e-01 2.572766803975501e-03
-7.860530947427873e-01 2.584452248222920e-03
-7.660444431189779e-01 2.596795612659728e-03
-7.452644496757547e-01 2.609809488286421e-03
-7.237340381050702e-01 2.623509398465998e-03
-7.014748877063210e-01 2.637909829973535e-03
-6.785094115571321e-01 2.653027649610326e-03
-6.548607339452851e-01 2.668879950172788e-03
-6.305526670845222e-01 2.685485445460764e-03
-6.056096871376665e-01 2.702864409293458e-03
-5.800569095711980e-01 2.721035923146164e-03
-5.539200638661103e-01 2.740022005506208e-03
-5.272254676105025e-01 2.759847478377130e-03
-4.999999999999998e-01 2.780535871314466e-03
-4.722710747726826e-01 2.802114079935985e-03
-4.440666126057737e-01 2.824608723574890e-03
-4.154150130018863e-01 2.848049776787359e-03
-3.863451256931285e-01 2.872468526695957e-03
-3.568862215918718e-01 2.897898484128459e-03
-3.270679633174214e-01 2.924373052791389e-03
-2.969203753282748e-01 2.951930444697742e-03
-2.664738136900348e-01 2.980609561561426e-03
-2.357589355094272e-01 3.010454473476963e-03
-2.048066680651905e-01 3.041505190035672e-03
-1.736481776669303e-01 3.073811357040193e-03
-1.423148382732850e-01 3.107423409067078e-03
-1.108381999010110e-01 3.142394867315858e-03
-7.924995685678832e-02 3.178781024269069e-03
-4.758191582374206e-02 3.216646769440186e-03
-1.586596383480781e-02 3.256052242652829e-03
1.586596383480815e-02 3.297068888863993e-03
4.758191582374240e-02 3.339769713497858e-03
7.924995685678866e-02 3.384234991858750e-03
1.108381999010111e-01 3.430549306513249e-03
1.423148382732853e-01 3.478805410089583e-03
1.736481776669304e-01 3.529099163181931e-03
2.048066680651908e-01 3.581537759822381e-03
2.357589355094273e-01 3.636235410438771e-03
2.664738136900351e-01 3.693315687476711e-03
2.969203753282749e-01 3.752912270344434e-03
3.270679633174218e-01 3.815170596906872e-03
3.568862215918719e-01 3.880248765239665e-03
3.863451256931288e-01 3.948319442867784e-03
4.154150130018864e-01 4.019569978416575e-03
4.440666126057742e-01 4.094209209812479e-03
4.722710747726827e-01 4.172460869200183e-03
5.000000000000003e-01 4.254577116967433e-03
5.272254676105026e-01 4.340834762744658e-03
5.539200638661104e-01 4.431541268786235e-03
5.800569095711982e-01 4.527039083906555e-03
6.056096871376669e-01 4.627710832529066e-03
6.305526670845226e-01 4.733986610687785e-03
6.548607339452851e-01 4.846351372455166e-03
6.785094115571322e-01 4.965354562055667e-03
7.014748877063215e-01 5.091622244192264e-03
7.237340381050703e-01 5.225871465559484e-03
7.452644496757548e-01 5.368929154563416e-03
7.660444431189780e-01 5.521753712347833e-03
7.860530947427876e-01 5.685465600480805e-03
8.052702575310586e-01 5.861384278272918e-03
8.236765814298328e-01 6.051076960223297e-03
8.412535328311813e-01 6.256423241778481e-03
8.579834132349772e-01 6.479701639232003e-03
8.738493770697850e-01 6.723707411449692e-03
8.888354486549235e-01 6.991913718538175e-03
9.029265382866214e-01 7.288707289550650e-03
9.161084574320697e-01 7.619716634600631e-03
9.283679330160727e-01 7.992316103081237e-03
9.396926207859083e-01 8.416386867695492e-03
9.500711177409454e-01 8.905529735210950e-03
9.594929736144975e-01 9.479078938932576e-03
9.679487013963562e-01 1.016559735731752e-02
9.754297868854070e-01 1.100934042810084e-02
9.819286972627067e-01 1.208312691450705e-02
9.874388886763944e-01 1.351654877612200e-02
9.919548128307953e-01 1.556629671334048e-02
9.954719225730846e-01 1.882667645735415e-02
9.979866764718844e-01 2.507044858562515e-02
9.994965423831851e-01 4.322684069257787e-02
1.000000000000000e+00 7.647882073476497e-03
