-1.000000000000000e+00 2.163607164636973e-05
-9.994965423831851e-01 2.163990022122549e-05
-9.979866764718843e-01 2.165001544969552e-05
-9.954719225730846e-01 2.166771374875371e-05
-9.919548128307953e-01 2.169230711189444e-05
-9.874388886763943e-01 2.172126471463234e-05
-9.819286972627066e-01 2.175894433381581e-05
-9.754297868854070e-01 2.179695017364071e-05
-9.679487013963562e-01 2.185405850850587e-05
-9.594929736144974e-01 2.190722947337589e-05
-9.500711177409453e-01 2.197201348449787e-05
-9.396926207859083e-01 2.204592604961194e-05
-9.283679330160726e-01 2.212541098867470e-05
-9.161084574320695e-01 2.219095470141444e-05
-9.029265382866211e-01 2.229952956014706e-05
-8.888354486549234e-01 2.240408620478470e-05
-8.738493770697849e-01 2.251262551408480e-05
-8.579834132349771e-01 2.262735893890083e-05
-8.412535328311810e-01 2.275315083635462e-05
-8.236765814298327e-01 2.288505778070039e-05
-8.052702575310586e-01 2.302748887277974e-05
-7.860530947427873e-01 2.317540885350735e-05
-7.660444431189779e-01 2.333680721672170e-05
-7.452644496757547e-01 2.350080320618143e-05
-7.237340381050702e-01 2.368139549870777e-05
-7.014748877063210e-01 2.386798822309465e-05
-6.785094115571321e-01 2.406769429054686e-05
-6.548607339452851e-01 2.427142583001694e-05
-6.305526670845222e-01 2.448759887996423e-05
-6.056096871376665e-01 2.471914595002081e-05
-5.800569095711980e-01 2.495205729119116e-05
-5.539200638661103e-01 2.520909313225332e-05
-5.272254676105025e-01 2.547294137858812e-05
-4.999999999999998e-01 2.574824483880051e-05
-4.722710747726826e-01 2.603997279550833e-05
-4.440666126057737e-01 2.634297209811519e-05
-4.154150130018863e-01 2.666493884621680e-05
-3.863451256931285e-01 2.699597279426761e-05
-3.568862215918718e-01 2.734637708517093e-05
-3.270679633174214e-01 2.776700734163269e-05
-2.969203753282748e-01 2.808659254690281e-05
-2.664738136900348e-01 2.849783251581440e-05
-2.357589355094272e-01 2.891600317505486e-05
-2.048066680651905e-01 2.935765577051186e-05
-1.736481776669303e-01 2.981946882233067e-05
-1.423148382732850e-01 3.030143916168355e-05
-1.108381999010110e-01 3.080958268164554e-05
-7.924995685678832e-02 3.133869741572089e-05
-4.758191582374206e-02 3.189700575441047e-05
-1.586596383480781e-02 3.248403259181271e-05
1.586596383480815e-02 3.311107045321914e-05
4.758191582374240e-02 3.374590217583999e-05
7.924995685678866e-02 3.442507408573961e-05
1.108381999010111e-01 3.513814650320017e-05
1.423148382732853e-01 3.589253287800055e-05
1.736481776669304e-01 3.668750851485662e-05
2.048066680651908e-01 3.752354544797370e-05
2.357589355094273e-01 3.838527403029465e-05
2.664738136900351e-01 3.934193039136358e-05
2.969203753282749e-01 4.032342338333607e-05
3.270679633174218e-01 4.137958185600137e-05
3.568862215918719e-01 4.247664796587087e-05
3.863451256931288e-01 4.362516763758844e-05
4.154150130018864e-01 4.490583284993908e-05
4.440666126057742e-01 4.620906991599261e-05
4.722710747726827e-01 4.765845494439643e-05
5.000000000000003e-01 4.916088960022166e-05
5.272254676105026e-01 5.078017754249612e-05
5.539200638661104e-01 5.251792993187687e-05
5.800569095711982e-01 5.437697458979679e-05
6.056096871376669e-01 5.637758442408156e-05
6.305526670845226e-01 5.853010929829537e-05
6.548607339452851e-01 6.084769682661655e-05
6.785094115571322e-01 6.337445347024110e-05
7.014748877063215e-01 6.610937218138822e-05
7.237340381050703e-01 6.908690836991670e-05
7.452644496757548e-01 7.234192306623458e-05
7.660444431189780e-01 7.592021733796682e-05
7.860530947427876e-01 7.982871198092064e-05
8.052702575310586e-01 8.417700543645651e-05
8.236765814298328e-01 8.897367622512611e-05
8.412535328311813e-01 9.429214196277038e-05
8.579834132349772e-01 1.003773222160189e-04
8.738493770697850e-01 1.071853488278584e-04
8.888354486549235e-01 1.149308512479120e-04
9.029265382866214e-01 1.238178548597919e-04
9.161084574320697e-01 1.341056183539275e-04
9.283679330160727e-01 1.461490872042541e-04
9.396926207859083e-01 1.603740838871270e-04
9.500711177409454e-01 1.775507524907839e-04
9.594929736144975e-01 1.986680972484105e-04
9.679487013963562e-01 2.250548718390226e-04
9.754297868854070e-01 2.590628469228877e-04
9.819286972627067e-01 3.044926786431520e-04
9.874388886763944e-01 3.682114915899673e-04
9.919548128307953e-01 4.639495274707376e-04
9.954719225730846e-01 6.237061597862303e-04
9.979866764718844e-01 9.435267155674645e-04
9.994965423831851e-01 1.903638333408638e-03
1.000000000000000e+00 -1.762471625897882e-05
