-1.000000000000000e+00 3.680740682234475e-05
-9.994965423831851e-01 3.681283468472083e-05
-9.979866764718843e-01 3.682933916628367e-05
-9.954719225730846e-01 3.685473472562031e-05
-9.919548128307953e-01 3.689278516736443e-05
-9.874388886763943e-01 3.694228081504370e-05
-9.819286972627066e-01 3.700739552894893e-05
-9.754297868854070e-01 3.707727971407777e-05
-9.679487013963562e-01 3.715854637040171e-05
-9.594929736144974e-01 3.725604910308260e-05
-9.500711177409453e-01 3.736141541709167e-05
-9.396926207859083e-01 3.747900137201383e-05
-9.283679330160726e-01 3.760730579346238e-05
-9.161084574320695e-01 3.776094154319719e-05
-9.029265382866211e-01 3.790870529141523e-05
-8.888354486549234e-01 3.807166206304035e-05
-8.738493770697849e-01 3.825237211723846e-05
-8.579834132349771e-01 3.844549842872907e-05
-8.412535328311810e-01 3.864546234439321e-05
-8.236765814298327e-01 3.886725172324209e-05
-8.052702575310586e-01 3.910425301136010e-05
-7.860530947427873e-01 3.934914934858204e-05
-7.660444431189779e-01 3.961177028244836e-05
-7.452644496757547e-01 3.989292096689745e-05
-7.237340381050702e-01 4.018486036542880e-05
-7.014748877063210e-01 4.049235524538608e-05
-6.785094115571321e-01 4.082189184039402e-05
-6.548607339452851e-01 4.115577473261082e-05
-6.305526670845222e-01 4.152505832319208e-05
-6.056096871376665e-01 4.190389941278766e-05
-5.800569095711980e-01 4.230191383427115e-05
-5.539200638661103e-01 4.272110000930768e-05
-5.272254676105025e-01 4.315632672869080e-05
-4.999999999999998e-01 4.362561824692548e-05
-4.722710747726826e-01 4.411200497899563e-05
-4.440666126057737e-01 4.462220272798342e-05
-4.154150130018863e-01 4.515233395206865e-05
-3.863451256931285e-01 4.571226273926645e-05
-3.568862215918718e-01 4.629369690899100e-05
-3.270679633174214e-01 4.691630993276489e-05
-2.969203753282748e-01 4.755827377825236e-05
-2.664738136900348e-01 4.824175653034652e-05
-2.357589355094272e-01 4.894412599175570e-05
-2.048066680651905e-01 4.971651106908185e-05
-1.736481776669303e-01 5.049154450060343e-05
-1.423148382732850e-01 5.131998343609242e-05
-1.108381999010110e-01 5.218182023390518e-05
-7.924995685678832e-02 5.309477115309713e-05
-4.758191582374206e-02 5.404397686744105e-05
-1.586596383480781e-02 5.503125177418316e-05
1.586596383480815e-02 5.605962708987090e-05
4.758191582374240e-02 5.711969058237217e-05
7.924995685678866e-02 5.824213993658142e-05
1.108381999010111e-01 5.939885502874627e-05
1.423148382732853e-01 6.059809666162465e-05
1.736481776669304e-01 6.185786346769483e-05
2.048066680651908e-01 6.318757187910562e-05
2.357589355094273e-01 6.457368767700607e-05
2.664738136900351e-01 6.603462829275337e-05
2.969203753282749e-01 6.757277830141840e-05
3.270679633174218e-01 6.920087795616093e-05
3.568862215918719e-01 7.092387798949855e-05
3.863451256931288e-01 7.274638298176186e-05
4.154150130018864e-01 7.469927083228951e-05
4.440666126057742e-01 7.676033183171471e-05
4.722710747726827e-01 7.897078894704789e-05
5.000000000000003e-01 8.131970897232419e-05
5.272254676105026e-01 8.384323906028015e-05
5.539200638661104e-01 8.655498987283168e-05
5.800569095711982e-01 8.945663788685623e-05
6.056096871376669e-01 9.260480279659813e-05
6.305526670845226e-01 9.594856802218015e-05
6.548607339452851e-01 9.958543123071528e-05
6.785094115571322e-01 1.035253002234344e-04
7.014748877063215e-01 1.078101998673569e-04
7.237340381050703e-01 1.124732784645626e-04
7.452644496757548e-01 1.175773461537087e-04
7.660444431189780e-01 1.231717310393128e-04
7.860530947427876e-01 1.293293363873992e-04
8.052702575310586e-01 1.361336389506220e-04
8.236765814298328e-01 1.436746279840403e-04
8.412535328311813e-01 1.521380589879473e-04
8.579834132349772e-01 1.614946769619791e-04
8.738493770697850e-01 1.723117545066961e-04
8.888354486549235e-01 1.844983912866694e-04
9.029265382866214e-01 1.984722860123077e-04
9.161084574320697e-01 2.146465952292386e-04
9.283679330160727e-01 2.336123168575251e-04
9.396926207859083e-01 2.560841928706546e-04
9.500711177409454e-01 2.831626966581231e-04
9.594929736144975e-01 3.162799467631335e-04
9.679487013963562e-01 3.578335049118708e-04
9.754297868854070e-01 4.113760190728119e-04
9.819286972627067e-01 4.829277226506883e-04
9.874388886763944e-01 5.832888794426679e-04
9.919548128307953e-01 7.340622370517641e-04
9.954719225730846e-01 9.856886125496577e-04
9.979866764718844e-01 1.489453167349071e-03
9.994965423831851e-01 3.001785620911349e-03
1.000000000000000e+00 -3.176060459237917e-05
