-1.000000000000000e+00 9.526194978442798e-07
-9.805000000000000e-01 9.588641145573918e-07
-9.610000000000000e-01 9.652079572498923e-07
-9.415000000000000e-01 9.720681991698220e-07
-9.219999999999999e-01 9.786211552436480e-07
-9.025000000000000e-01 9.852812978402827e-07
-8.830000000000000e-01 9.920512232735707e-07
-8.634999999999999e-01 9.989337208098848e-07
-8.440000000000000e-01 1.005932379498840e-06
-8.245000000000000e-01 1.013046061551867e-06
-8.050000000000000e-01 1.020291234765611e-06
-7.855000000000000e-01 1.027657852553261e-06
-7.660000000000000e-01 1.035153628616750e-06
-7.464999999999997e-01 1.042782744609787e-06
-7.270000000000000e-01 1.034442734790107e-06
-7.075000000000001e-01 1.043324821985681e-06
-6.879999999999998e-01 1.066509590083835e-06
-6.685000000000001e-01 1.074710535511403e-06
-6.490000000000000e-01 1.067902925042202e-06
-6.295000000000002e-01 1.091581372901779e-06
-6.100000000000001e-01 1.100259382342615e-06
-5.904999999999999e-01 1.109092802976493e-06
-5.709999999999998e-01 1.118129493138199e-06
-5.515000000000001e-01 1.127423142054992e-06
-5.320000000000001e-01 1.136681847067331e-06
-5.125000000000001e-01 1.146300441972678e-06
-4.930000000000001e-01 1.156073145211428e-06
-4.735000000000001e-01 1.166057495075701e-06
-4.540000000000000e-01 1.176252652692100e-06
-4.345000000000002e-01 1.186661385174154e-06
-4.150000000000000e-01 1.197307856356176e-06
-3.955000000000000e-01 1.208175616350966e-06
-3.759999999999999e-01 1.219290006864786e-06
-3.564999999999999e-01 1.230671910012539e-06
-3.370000000000000e-01 1.242297514315930e-06
-3.174999999999999e-01 1.254212897952699e-06
-2.979999999999999e-01 1.266387644475186e-06
-2.785000000000000e-01 1.278867415489988e-06
-2.589999999999999e-01 1.291656194030357e-06
-2.394999999999999e-01 1.304751993265163e-06
-2.199999999999999e-01 1.317672100450823e-06
-2.004999999999999e-01 1.331443404569354e-06
-1.809999999999999e-01 1.345572500140750e-06
-1.615000000000001e-01 1.360559630601336e-06
-1.420000000000001e-01 1.375485429363493e-06
-1.225000000000000e-01 1.390785876304787e-06
-1.029999999999999e-01 1.406511036493340e-06
-8.349999999999999e-02 1.422679143683114e-06
-6.400000000000007e-02 1.439312250038193e-06
-4.449999999999989e-02 1.456440178767879e-06
-2.500000000000004e-02 1.469543426042894e-06
-5.499999999999857e-03 1.492228500216693e-06
1.400000000000017e-02 1.510956330108371e-06
3.349999999999984e-02 1.530275160777587e-06
5.299999999999994e-02 1.550219599989412e-06
7.250000000000016e-02 1.570811381476095e-06
9.200000000000018e-02 1.587882267359751e-06
1.114999999999999e-01 1.609551898583586e-06
1.310000000000002e-01 1.632387672726575e-06
1.505000000000001e-01 1.656107184486853e-06
1.700000000000000e-01 1.680541979153854e-06
1.895000000000001e-01 1.705987445066388e-06
2.090000000000000e-01 1.732344015446900e-06
2.285000000000000e-01 1.759741092238345e-06
2.480000000000000e-01 1.777264422905761e-06
2.675000000000001e-01 1.806926746338906e-06
2.869999999999999e-01 1.837850371687350e-06
3.065000000000000e-01 1.870123789598947e-06
3.260000000000000e-01 1.903838517031565e-06
3.454999999999999e-01 1.939107665036488e-06
3.650000000000002e-01 1.976048591220672e-06
3.844999999999998e-01 2.014800161796165e-06
4.040000000000002e-01 2.055437941492833e-06
4.234999999999999e-01 2.099948594539309e-06
4.429999999999998e-01 2.145080263980218e-06
4.625000000000000e-01 2.192733330719055e-06
4.819999999999999e-01 2.223349036695646e-06
5.014999999999999e-01 2.276845397077183e-06
5.209999999999999e-01 2.356660525179387e-06
5.404999999999998e-01 2.394071051063056e-06
5.600000000000001e-01 2.480131105124194e-06
5.794999999999999e-01 2.550195702653704e-06
5.990000000000000e-01 2.623918483494487e-06
6.185000000000000e-01 2.704679904155314e-06
6.379999999999999e-01 2.792696563052840e-06
6.575000000000000e-01 2.886245857903030e-06
6.769999999999998e-01 2.988541225049624e-06
6.965000000000001e-01 3.100921277137252e-06
7.160000000000000e-01 3.225063199892349e-06
7.354999999999998e-01 3.363117219141276e-06
7.549999999999999e-01 3.517683989152950e-06
7.745000000000000e-01 3.692408918449591e-06
7.940000000000000e-01 3.891915680556642e-06
8.134999999999999e-01 4.122581619134287e-06
8.329999999999997e-01 4.393338615957583e-06
8.525000000000000e-01 4.717222088794789e-06
8.719999999999999e-01 5.114712243945877e-06
8.915000000000000e-01 5.612273173049078e-06
9.110000000000000e-01 6.268701473007688e-06
9.304999999999999e-01 7.193465168700404e-06
9.500000000000000e-01 8.616837794295634e-06
9.504999999999999e-01 8.664119983965953e-06
9.510000000000000e-01 8.712148793895493e-06
9.514999999999999e-01 8.760922356344543e-06
9.520000000000000e-01 8.810460222481134e-06
9.524999999999999e-01 8.860782465938058e-06
9.530000000000000e-01 8.911909988046979e-06
9.534999999999999e-01 8.963864372540381e-06
9.540000000000000e-01 9.016668076043098e-06
9.544999999999999e-01 9.067293084638583e-06
9.550000000000000e-01 9.121867664480369e-06
9.554999999999999e-01 9.177364267801187e-06
9.560000000000000e-01 9.233810320472996e-06
9.564999999999999e-01 9.291229758964670e-06
9.570000000000000e-01 9.349654439950336e-06
9.574999999999999e-01 9.409111969514314e-06
9.580000000000000e-01 9.469632106485176e-06
9.584999999999999e-01 9.531251536980027e-06
9.590000000000000e-01 9.594004138597088e-06
9.594999999999999e-01 9.657952523794009e-06
9.600000000000000e-01 9.723022102582744e-06
9.604999999999999e-01 9.789372307414393e-06
9.610000000000000e-01 9.857000673202509e-06
9.614999999999999e-01 9.925948422772840e-06
9.620000000000000e-01 9.996259019531827e-06
9.624999999999999e-01 1.006797785498265e-05
9.630000000000000e-01 1.014114079832896e-05
9.634999999999999e-01 1.021585411212465e-05
9.640000000000000e-01 1.029209124983887e-05
9.644999999999999e-01 1.036993780008400e-05
9.650000000000000e-01 1.044945762619125e-05
9.654999999999999e-01 1.054576844687154e-05
9.660000000000000e-01 1.061374753058357e-05
9.664999999999999e-01 1.069864962548520e-05
9.670000000000000e-01 1.078548218001428e-05
9.674999999999999e-01 1.087431930668311e-05
9.680000000000000e-01 1.096524446666815e-05
9.684999999999999e-01 1.105833772630817e-05
9.690000000000000e-01 1.115366124384134e-05
9.694999999999999e-01 1.125134231016779e-05
9.700000000000000e-01 1.135146488554749e-05
9.704999999999999e-01 1.145413214834461e-05
9.710000000000000e-01 1.155945264265507e-05
9.714999999999999e-01 1.166754314149219e-05
9.720000000000000e-01 1.177829697683179e-05
9.724999999999999e-01 1.189209670349501e-05
9.730000000000000e-01 1.201148391849986e-05
9.734999999999999e-01 1.213078408480095e-05
9.740000000000000e-01 1.225474109417906e-05
9.744999999999999e-01 1.238233621580690e-05
9.750000000000000e-01 1.251320441689800e-05
9.754999999999999e-01 1.264863213450216e-05
9.760000000000000e-01 1.278828656061027e-05
9.764999999999999e-01 1.293238923322834e-05
9.770000000000000e-01 1.308117915318802e-05
9.774999999999999e-01 1.323486200964973e-05
9.780000000000000e-01 1.339382618695778e-05
9.784999999999999e-01 1.355831930341347e-05
9.790000000000000e-01 1.372866961759689e-05
9.794999999999999e-01 1.390523206985777e-05
9.800000000000000e-01 1.408841911192791e-05
9.804999999999999e-01 1.427857416477551e-05
9.810000000000000e-01 1.447623020938738e-05
9.814999999999999e-01 1.468186847706923e-05
9.820000000000000e-01 1.489606221033071e-05
9.824999999999999e-01 1.511936640223024e-05
9.830000000000000e-01 1.535248022784043e-05
9.834999999999999e-01 1.559613789117364e-05
9.840000000000000e-01 1.585114851978226e-05
9.844999999999999e-01 1.611843425977461e-05
9.850000000000000e-01 1.639900197478736e-05
9.854999999999999e-01 1.669398971452669e-05
9.860000000000000e-01 1.700467479646023e-05
9.864999999999999e-01 1.733249505453109e-05
9.870000000000000e-01 1.767910666445542e-05
9.874999999999999e-01 1.804633201304136e-05
9.880000000000000e-01 1.843631720624522e-05
9.884999999999999e-01 1.885150470460401e-05
9.890000000000000e-01 1.929474070168594e-05
9.894999999999999e-01 1.976952934310797e-05
9.900000000000000e-01 2.027937761462151e-05
9.904999999999999e-01 2.082908152834751e-05
9.910000000000000e-01 2.142354818919433e-05
9.914999999999999e-01 2.207019499367477e-05
9.920000000000000e-01 2.277632253124418e-05
9.924999999999999e-01 2.355245499303578e-05
9.930000000000000e-01 2.441031211410549e-05
9.934999999999999e-01 2.536553138268687e-05
9.940000000000000e-01 2.643783243434259e-05
9.944999999999999e-01 2.765334459712148e-05
9.950000000000000e-01 2.904674869419475e-05
9.954999999999999e-01 3.066688205261774e-05
9.960000000000000e-01 3.258220523000693e-05
9.964999999999999e-01 3.489468238263818e-05
9.970000000000000e-01 3.776440792153908e-05
9.974999999999999e-01 4.145669444117045e-05
9.980000000000000e-01 4.646378846397099e-05
9.984999999999999e-01 5.379492694345094e-05
9.990000000000000e-01 6.608986661160508e-05
9.994999999999999e-01 9.385665233151971e-05
