-1.000000000000000e+00 4.815681273800359e-05
-9.994965423831851e-01 4.816372582661492e-05
-9.979866764718843e-01 4.818473042830855e-05
-9.954719225730846e-01 4.821905764239450e-05
-9.919548128307953e-01 4.826756170897619e-05
-9.874388886763943e-01 4.833003272566427e-05
-9.819286972627066e-01 4.840657428740033e-05
-9.754297868854070e-01 4.849721159136234e-05
-9.679487013963562e-01 4.860257008759027e-05
-9.594929736144974e-01 4.872155672410634e-05
-9.500711177409453e-01 4.885552536266100e-05
-9.396926207859083e-01 4.900417224810798e-05
-9.283679330160726e-01 4.916783880328140e-05
-9.161084574320695e-01 4.934670119561805e-05
-9.029265382866211e-01 4.954096460044148e-05
-8.888354486549234e-01 4.975082924292315e-05
-8.738493770697849e-01 4.997687665934733e-05
-8.579834132349771e-01 5.021882510795308e-05
-8.412535328311810e-01 5.047809067832500e-05
-8.236765814298327e-01 5.075408070527450e-05
-8.052702575310586e-01 5.104746758322130e-05
-7.860530947427873e-01 5.135878858593600e-05
-7.660444431189779e-01 5.168842517746711e-05
-7.452644496757547e-01 5.203692009335310e-05
-7.237340381050702e-01 5.240529136759909e-05
-7.014748877063210e-01 5.279259815576399e-05
-6.785094115571321e-01 5.320089960695651e-05
-6.548607339452851e-01 5.363063765346844e-05
-6.305526670845222e-01 5.408212382294008e-05
-6.056096871376665e-01 5.455630327347024e-05
-5.800569095711980e-01 5.505399982772397e-05
-5.539200638661103e-01 5.557604324581422e-05
-5.272254676105025e-01 5.612335181741093e-05
-4.999999999999998e-01 5.669692844094018e-05
-4.722710747726826e-01 5.729774275851521e-05
-4.440666126057737e-01 5.792700633784835e-05
-4.154150130018863e-01 5.858580711528307e-05
-3.863451256931285e-01 5.927557255368152e-05
-3.568862215918718e-01 5.999757985973105e-05
-3.270679633174214e-01 6.075353522879135e-05
-2.969203753282748e-01 6.154452539231587e-05
-2.664738136900348e-01 6.237270960658655e-05
-2.357589355094272e-01 6.323976358669306e-05
-2.048066680651905e-01 6.414767957958532e-05
-1.736481776669303e-01 6.509854965383954e-05
-1.423148382732850e-01 6.609464387394270e-05
-1.108381999010110e-01 6.713848751137901e-05
-7.924995685678832e-02 6.823263154374753e-05
-4.758191582374206e-02 6.938008355883931e-05
-1.586596383480781e-02 7.058396578823267e-05
1.586596383480815e-02 7.184766456336752e-05
4.758191582374240e-02 7.317356477193317e-05
7.924995685678866e-02 7.456881180918726e-05
1.108381999010111e-01 7.603484691802148e-05
1.423148382732853e-01 7.757740370776403e-05
1.736481776669304e-01 7.920164045480158e-05
2.048066680651908e-01 8.091299884783647e-05
2.357589355094273e-01 8.271834740680749e-05
2.664738136900351e-01 8.462373494484417e-05
2.969203753282749e-01 8.663725169467181e-05
3.270679633174218e-01 8.876709693544605e-05
3.568862215918719e-01 9.102207304926489e-05
3.863451256931288e-01 9.341282483034024e-05
4.154150130018864e-01 9.595060065484248e-05
4.440666126057742e-01 9.864800136029306e-05
4.722710747726827e-01 1.015194214178789e-04
5.000000000000003e-01 1.045804653918160e-04
5.272254676105026e-01 1.078493200004027e-04
5.539200638661104e-01 1.113460615850862e-04
5.800569095711982e-01 1.186044150909547e-04
6.056096871376669e-01 1.217202149866637e-04
6.305526670845226e-01 1.252544514207958e-04
6.548607339452851e-01 1.297433450544637e-04
6.785094115571322e-01 1.345308415068769e-04
7.014748877063215e-01 1.397379077485951e-04
7.237340381050703e-01 1.454507180528639e-04
7.452644496757548e-01 1.517194376877872e-04
7.660444431189780e-01 1.586344117402075e-04
7.860530947427876e-01 1.661843678145435e-04
8.052702575310586e-01 1.747091540092440e-04
8.236765814298328e-01 1.841116846263933e-04
8.412535328311813e-01 1.946088120798229e-04
8.579834132349772e-01 2.064264356066778e-04
8.738493770697850e-01 2.197731785128605e-04
8.888354486549235e-01 2.349838916250869e-04
9.029265382866214e-01 2.524461091077927e-04
9.161084574320697e-01 2.726735765120394e-04
9.283679330160727e-01 2.963677268695299e-04
9.396926207859083e-01 3.244673811674531e-04
9.500711177409454e-01 3.581412145787832e-04
9.594929736144975e-01 3.997672762811615e-04
9.679487013963562e-01 4.517646102245126e-04
9.754297868854070e-01 5.188183514408863e-04
9.819286972627067e-01 6.083374208847710e-04
9.874388886763944e-01 7.339622272089975e-04
9.919548128307953e-01 9.227144156172314e-04
9.954719225730846e-01 1.237734315777753e-03
9.979866764718844e-01 1.868418574198228e-03
9.994965423831851e-01 3.761830992575915e-03
1.000000000000000e+00 -2.731989726923054e-05
