-1.000000000000000e+00 1.014843684671048e-05
-9.994965423831851e-01 1.014998238245742e-05
-9.979866764718843e-01 1.015442683307135e-05
-9.954719225730846e-01 1.016195289877471e-05
-9.919548128307953e-01 1.017211472134676e-05
-9.874388886763943e-01 1.018660417964455e-05
-9.819286972627066e-01 1.020372647695582e-05
-9.754297868854070e-01 1.023248679327232e-05
-9.679487013963562e-01 1.025786118732841e-05
-9.594929736144974e-01 1.028342521159215e-05
-9.500711177409453e-01 1.031539364366016e-05
-9.396926207859083e-01 1.035072393674767e-05
-9.283679330160726e-01 1.038263183522237e-05
-9.161084574320695e-01 1.043054601676856e-05
-9.029265382866211e-01 1.047583839668656e-05
-8.888354486549234e-01 1.052385793309862e-05
-8.738493770697849e-01 1.057442267866336e-05
-8.579834132349771e-01 1.063885860007230e-05
-8.412535328311810e-01 1.069935562841088e-05
-8.236765814298327e-01 1.076429744654912e-05
-8.052702575310586e-01 1.082735096481005e-05
-7.860530947427873e-01 1.090953693155489e-05
-7.660444431189779e-01 1.098202247430777e-05
-7.452644496757547e-01 1.105973968677948e-05
-7.237340381050702e-01 1.115885895390928e-05
-7.014748877063210e-01 1.124897823638034e-05
-6.785094115571321e-01 1.133966127500903e-05
-6.548607339452851e-01 1.144980035575471e-05
-6.305526670845222e-01 1.155691389913768e-05
-6.056096871376665e-01 1.167061692715401e-05
-5.800569095711980e-01 1.178439725126246e-05
-5.539200638661103e-01 1.191470398393114e-05
-5.272254676105025e-01 1.204213255357461e-05
-4.999999999999998e-01 1.216879242862655e-05
-4.722710747726826e-01 1.232565575224646e-05
-4.440666126057737e-01 1.247579457916602e-05
-4.154150130018863e-01 1.263224772453350e-05
-3.863451256931285e-01 1.280269783697596e-05
-3.568862215918718e-01 1.297680727017839e-05
-3.270679633174214e-01 1.315617292799754e-05
-2.969203753282748e-01 1.334257855959709e-05
-2.664738136900348e-01 1.355321327311807e-05
-2.357589355094272e-01 1.375351021853877e-05
-2.048066680651905e-01 1.396777504333483e-05
-1.736481776669303e-01 1.421071988605574e-05
-1.423148382732850e-01 1.444123129398093e-05
-1.108381999010110e-01 1.470179959601258e-05
-7.924995685678832e-02 1.496031806563987e-05
-4.758191582374206e-02 1.524981679613248e-05
-1.586596383480781e-02 1.554088545414495e-05
1.586596383480815e-02 1.583841314667076e-05
4.758191582374240e-02 1.616764710212196e-05
7.924995685678866e-02 1.651303475828614e-05
1.108381999010111e-01 1.687134258772409e-05
1.423148382732853e-01 1.723800085113527e-05
1.736481776669304e-01 1.764235680934565e-05
2.048066680651908e-01 1.806425820700924e-05
2.357589355094273e-01 1.850884230054967e-05
2.664738136900351e-01 1.897766222230522e-05
2.969203753282749e-01 1.946804258198890e-05
3.270679633174218e-01 2.000080704260551e-05
3.568862215918719e-01 2.055616078593777e-05
3.863451256931288e-01 2.115924732364690e-05
4.154150130018864e-01 2.177102588123657e-05
4.440666126057742e-01 2.245182779807506e-05
4.722710747726827e-01 2.314739346148550e-05
5.000000000000003e-01 2.392407226673612e-05
5.272254676105026e-01 2.473833379211598e-05
5.539200638661104e-01 2.559900962514459e-05
5.800569095711982e-01 2.652963003209822e-05
6.056096871376669e-01 2.754263537117943e-05
6.305526670845226e-01 2.862901615808731e-05
6.548607339452851e-01 2.979550576806196e-05
6.785094115571322e-01 3.106335586663264e-05
7.014748877063215e-01 3.243868044469511e-05
7.237340381050703e-01 3.393282529109927e-05
7.452644496757548e-01 3.556635395799889e-05
7.660444431189780e-01 3.735652583131959e-05
7.860530947427876e-01 3.933262283485757e-05
8.052702575310586e-01 4.151321136144100e-05
8.236765814298328e-01 4.393201286625218e-05
8.412535328311813e-01 4.662533663402641e-05
8.579834132349772e-01 4.965918454953272e-05
8.738493770697850e-01 5.307268819561196e-05
8.888354486549235e-01 5.696063734728246e-05
9.029265382866214e-01 6.143250283718648e-05
9.161084574320697e-01 6.659532087952222e-05
9.283679330160727e-01 7.264795412273329e-05
9.396926207859083e-01 7.981124188049358e-05
9.500711177409454e-01 8.843689033252280e-05
9.594929736144975e-01 9.902188073006471e-05
9.679487013963562e-01 1.122667054175184e-04
9.754297868854070e-01 1.293344916333268e-04
9.819286972627067e-01 1.521445700727047e-04
9.874388886763944e-01 1.841157141796697e-04
9.919548128307953e-01 2.321697671173426e-04
9.954719225730846e-01 3.123643667335848e-04
9.979866764718844e-01 4.728848709895561e-04
9.994965423831851e-01 9.547549836428274e-04
1.000000000000000e+00 -9.532755747173866e-06
