-1.000000000000000e+00 6.370779283236846e-05
-9.994965423831851e-01 6.371670310976550e-05
-9.979866764718843e-01 6.374341288456066e-05
-9.954719225730846e-01 6.378803024175264e-05
-9.919548128307953e-01 6.385041913143494e-05
-9.874388886763943e-01 6.393084493529211e-05
-9.819286972627066e-01 6.402940093187287e-05
-9.754297868854070e-01 6.414621358490148e-05
-9.679487013963562e-01 6.428127678933791e-05
-9.594929736144974e-01 6.443492089898675e-05
-9.500711177409453e-01 6.460733258770518e-05
-9.396926207859083e-01 6.479873398231596e-05
-9.283679330160726e-01 6.500934068826413e-05
-9.161084574320695e-01 6.523948099720141e-05
-9.029265382866211e-01 6.548944864115027e-05
-8.888354486549234e-01 6.575956377900452e-05
-8.738493770697849e-01 6.605023075100827e-05
-8.579834132349771e-01 6.636183769525464e-05
-8.412535328311810e-01 6.669481909273042e-05
-8.236765814298327e-01 6.704966401017927e-05
-8.052702575310586e-01 6.742690439168848e-05
-7.860530947427873e-01 6.782696299289036e-05
-7.660444431189779e-01 6.825021584541124e-05
-7.452644496757547e-01 6.869829033707048e-05
-7.237340381050702e-01 6.917078152014931e-05
-7.014748877063210e-01 6.966877592491366e-05
-6.785094115571321e-01 7.019312112302204e-05
-6.548607339452851e-01 7.074460443701648e-05
-6.305526670845222e-01 7.132406427252114e-05
-6.056096871376665e-01 7.193245267999948e-05
-5.800569095711980e-01 7.257079466190589e-05
-5.539200638661103e-01 7.324018613574356e-05
-5.272254676105025e-01 7.394172687915813e-05
-4.999999999999998e-01 7.467677597670661e-05
-4.722710747726826e-01 7.544651979211577e-05
-4.440666126057737e-01 7.625246646691523e-05
-4.154150130018863e-01 7.709600025468589e-05
-3.863451256931285e-01 7.797880446400464e-05
-3.568862215918718e-01 7.890341782306395e-05
-3.270679633174214e-01 7.986933403141733e-05
-2.969203753282748e-01 8.088181524174779e-05
-2.664738136900348e-01 8.193951385476880e-05
-2.357589355094272e-01 8.304698950204376e-05
-2.048066680651905e-01 8.420687192898499e-05
-1.736481776669303e-01 8.542069184200439e-05
-1.423148382732850e-01 8.669194802276656e-05
-1.108381999010110e-01 8.802356432027131e-05
-7.924995685678832e-02 8.941881978281172e-05
-4.758191582374206e-02 9.088133240120545e-05
-1.586596383480781e-02 9.241512429162567e-05
1.586596383480815e-02 9.402436097508810e-05
4.758191582374240e-02 9.571344521926714e-05
7.924995685678866e-02 9.748759165391196e-05
1.108381999010111e-01 9.935224896541529e-05
1.423148382732853e-01 1.013133187573288e-04
1.736481776669304e-01 1.033770833698632e-04
2.048066680651908e-01 1.055516345795888e-04
2.357589355094273e-01 1.078424526173288e-04
2.664738136900351e-01 1.102603030310728e-04
2.969203753282749e-01 1.128138810574475e-04
3.270679633174218e-01 1.155135771107977e-04
3.568862215918719e-01 1.183708905119759e-04
3.863451256931288e-01 1.213985845285772e-04
4.154150130018864e-01 1.246109301750894e-04
4.440666126057742e-01 1.280125356651428e-04
4.722710747726827e-01 1.316545529024774e-04
5.000000000000003e-01 1.355235591290652e-04
5.272254676105026e-01 1.396529920058705e-04
5.539200638661104e-01 1.440681282337413e-04
5.800569095711982e-01 1.487977386135468e-04
6.056096871376669e-01 1.538744640111167e-04
6.305526670845226e-01 1.593356416869806e-04
6.548607339452851e-01 1.652243507687168e-04
6.785094115571322e-01 1.715898586007214e-04
7.014748877063215e-01 1.784899675180674e-04
7.237340381050703e-01 1.859917609287332e-04
7.452644496757548e-01 1.941740839041353e-04
7.660444431189780e-01 2.083094715149610e-04
7.860530947427876e-01 2.163751604044190e-04
8.052702575310586e-01 2.263133574135615e-04
8.236765814298328e-01 2.376327045114542e-04
8.412535328311813e-01 2.504824931981578e-04
8.579834132349772e-01 2.650028984478339e-04
8.738493770697850e-01 2.815466379342581e-04
8.888354486549235e-01 3.003600388537795e-04
9.029265382866214e-01 3.220385956160774e-04
9.161084574320697e-01 3.472040288194384e-04
9.283679330160727e-01 3.766163837208825e-04
9.396926207859083e-01 4.117301347985954e-04
9.500711177409454e-01 4.539270710914763e-04
9.594929736144975e-01 5.056861508497320e-04
9.679487013963562e-01 5.705726470067911e-04
9.754297868854070e-01 6.542403518218346e-04
9.819286972627067e-01 7.660738610795366e-04
9.874388886763944e-01 9.229603295681522e-04
9.919548128307953e-01 1.158646895902129e-03
9.954719225730846e-01 1.552201365511825e-03
9.979866764718844e-01 2.340043489848842e-03
9.994965423831851e-01 4.705306875861229e-03
1.000000000000000e+00 -2.870335370215169e-05
