-1.000000000000000e+00 3.932654001045279e-05
-9.805000000000000e-01 3.952183838262248e-05
-9.610000000000000e-01 3.971983164500882e-05
-9.415000000000000e-01 3.992060383218973e-05
-9.219999999999999e-01 4.012414002945506e-05
-9.025000000000000e-01 4.033061217765707e-05
-8.830000000000000e-01 4.054002443898889e-05
-8.634999999999999e-01 4.075253026156196e-05
-8.440000000000000e-01 4.096805148154752e-05
-8.245000000000000e-01 4.118680867450612e-05
-8.050000000000000e-01 4.140889030401350e-05
-7.855000000000000e-01 4.163424806598435e-05
-7.660000000000000e-01 4.186317472830013e-05
-7.464999999999997e-01 4.209542229025581e-05
-7.270000000000000e-01 4.233148800481593e-05
-7.075000000000001e-01 4.257119537479909e-05
-6.879999999999998e-01 4.281476079918841e-05
-6.685000000000001e-01 4.306225181951235e-05
-6.490000000000000e-01 4.331381615900019e-05
-6.295000000000002e-01 4.356973435530908e-05
-6.100000000000001e-01 4.382953548300816e-05
-5.904999999999999e-01 4.409392883512704e-05
-5.709999999999998e-01 4.436288655873821e-05
-5.515000000000001e-01 4.463661170267783e-05
-5.320000000000001e-01 4.491495099760527e-05
-5.125000000000001e-01 4.519845864314065e-05
-4.930000000000001e-01 4.548683970326474e-05
-4.735000000000001e-01 4.578062813449894e-05
-4.540000000000000e-01 4.607986522695443e-05
-4.345000000000002e-01 4.638469874234710e-05
-4.150000000000000e-01 4.669535604209826e-05
-3.955000000000000e-01 4.701202838889469e-05
-3.759999999999999e-01 4.733484431354503e-05
-3.564999999999999e-01 4.766427555239533e-05
-3.370000000000000e-01 4.800007061582557e-05
-3.174999999999999e-01 4.834273961609064e-05
-2.979999999999999e-01 4.869259367727175e-05
-2.785000000000000e-01 4.904980343989095e-05
-2.589999999999999e-01 4.941468572021273e-05
-2.394999999999999e-01 4.978750882233897e-05
-2.199999999999999e-01 5.016851843579724e-05
-2.004999999999999e-01 5.055804683929623e-05
-1.809999999999999e-01 5.095613531476628e-05
-1.615000000000001e-01 5.136414046765884e-05
-1.420000000000001e-01 5.178133734859390e-05
-1.225000000000000e-01 5.220870112430022e-05
-1.029999999999999e-01 5.264639793859411e-05
-8.349999999999999e-02 5.309496617496580e-05
-6.400000000000007e-02 5.355511451597067e-05
-4.449999999999989e-02 5.402661997844926e-05
-2.500000000000004e-02 5.451076433201284e-05
-5.499999999999857e-03 5.500788392066946e-05
1.400000000000017e-02 5.551831001902042e-05
3.349999999999984e-02 5.604339940918269e-05
5.299999999999994e-02 5.658316923707262e-05
7.250000000000016e-02 5.713862091337780e-05
9.200000000000018e-02 5.771051068363365e-05
1.114999999999999e-01 5.829974377617209e-05
1.310000000000002e-01 5.890702338545272e-05
1.505000000000001e-01 5.953367574877672e-05
1.700000000000000e-01 6.018099997452091e-05
1.895000000000001e-01 6.084945802822813e-05
2.090000000000000e-01 6.154070338876987e-05
2.285000000000000e-01 6.225607706585921e-05
2.480000000000000e-01 6.299704737145967e-05
2.675000000000001e-01 6.376526987199088e-05
2.869999999999999e-01 6.456261855574953e-05
3.065000000000000e-01 6.539079982676443e-05
3.260000000000000e-01 6.625191567403559e-05
3.454999999999999e-01 6.714862263546612e-05
3.650000000000002e-01 6.808335356713631e-05
3.844999999999998e-01 6.905902731373866e-05
4.040000000000002e-01 7.007876654983969e-05
4.234999999999999e-01 7.114625496837635e-05
4.429999999999998e-01 7.226533440208216e-05
4.625000000000000e-01 7.344060692117822e-05
4.819999999999999e-01 7.467702539271693e-05
5.014999999999999e-01 7.598029753494310e-05
5.209999999999999e-01 7.735706694240389e-05
5.404999999999998e-01 7.881465154685754e-05
5.600000000000001e-01 8.036165067403989e-05
5.794999999999999e-01 8.200803748917483e-05
5.990000000000000e-01 8.376537703039385e-05
6.185000000000000e-01 8.564690066398267e-05
6.379999999999999e-01 8.766901003001130e-05
6.575000000000000e-01 8.985072007545558e-05
6.769999999999998e-01 9.221504447101114e-05
6.965000000000001e-01 9.479007665143928e-05
7.160000000000000e-01 9.761032440188666e-05
7.354999999999998e-01 1.007121278973682e-04
7.549999999999999e-01 1.041711092525579e-04
7.745000000000000e-01 1.080373316253659e-04
7.940000000000000e-01 1.124113558076774e-04
8.134999999999999e-01 1.174193005195847e-04
8.329999999999997e-01 1.232383399268259e-04
8.525000000000000e-01 1.301211982089245e-04
8.719999999999999e-01 1.384534481349438e-04
8.915000000000000e-01 1.488474274709096e-04
9.110000000000000e-01 1.623622563957358e-04
9.304999999999999e-01 1.810271583081796e-04
9.500000000000000e-01 2.094148864227542e-04
9.504999999999999e-01 2.103514447126905e-04
9.510000000000000e-01 2.113018356096309e-04
9.514999999999999e-01 2.122668248722518e-04
9.520000000000000e-01 2.132467641242833e-04
9.524999999999999e-01 2.142410477431684e-04
9.530000000000000e-01 2.152511979224316e-04
9.534999999999999e-01 2.162772513001691e-04
9.540000000000000e-01 2.173196399989016e-04
9.544999999999999e-01 2.183788010854193e-04
9.550000000000000e-01 2.194551981695622e-04
9.554999999999999e-01 2.205493182444342e-04
9.560000000000000e-01 2.216616487228962e-04
9.564999999999999e-01 2.227927196763879e-04
9.570000000000000e-01 2.239430590171892e-04
9.574999999999999e-01 2.251129893660727e-04
9.580000000000000e-01 2.263038219573687e-04
9.584999999999999e-01 2.275154501584123e-04
9.590000000000000e-01 2.287487368843473e-04
9.594999999999999e-01 2.300043521899646e-04
9.600000000000000e-01 2.312829830357658e-04
9.604999999999999e-01 2.325853584290116e-04
9.610000000000000e-01 2.339122208420137e-04
9.614999999999999e-01 2.352645870446346e-04
9.620000000000000e-01 2.366423793908269e-04
9.624999999999999e-01 2.380381167475407e-04
9.630000000000000e-01 2.394809268551269e-04
9.634999999999999e-01 2.409428614954984e-04
9.640000000000000e-01 2.424345722820242e-04
9.644999999999999e-01 2.439571380614154e-04
9.650000000000000e-01 2.455119257062901e-04
9.654999999999999e-01 2.470992533492321e-04
9.660000000000000e-01 2.487213248316928e-04
9.664999999999999e-01 2.503786289632486e-04
9.670000000000000e-01 2.520729382268642e-04
9.674999999999999e-01 2.538055963945673e-04
9.680000000000000e-01 2.555780176878568e-04
9.684999999999999e-01 2.573918019615348e-04
9.690000000000000e-01 2.592485849183023e-04
9.694999999999999e-01 2.611495190113713e-04
9.700000000000000e-01 2.630982658860088e-04
9.704999999999999e-01 2.650949372059186e-04
9.710000000000000e-01 2.671422334294673e-04
9.714999999999999e-01 2.692423642302837e-04
9.720000000000000e-01 2.713976472846355e-04
9.724999999999999e-01 2.736106345753224e-04
9.730000000000000e-01 2.758838512335162e-04
9.734999999999999e-01 2.782202482666755e-04
9.740000000000000e-01 2.806227366948302e-04
9.744999999999999e-01 2.830945558323047e-04
9.750000000000000e-01 2.856391401968395e-04
9.754999999999999e-01 2.882601681540590e-04
9.760000000000000e-01 2.909615895963222e-04
9.764999999999999e-01 2.937476457908010e-04
9.770000000000000e-01 2.966228903046155e-04
9.774999999999999e-01 2.995919734935176e-04
9.780000000000000e-01 3.026609672216932e-04
9.784999999999999e-01 3.058348129126200e-04
9.790000000000000e-01 3.091199701539545e-04
9.794999999999999e-01 3.125231752133586e-04
9.800000000000000e-01 3.160517090287428e-04
9.804999999999999e-01 3.197135667396892e-04
9.810000000000000e-01 3.235173943892376e-04
9.814999999999999e-01 3.274727080964566e-04
9.820000000000000e-01 3.315899263678303e-04
9.824999999999999e-01 3.358805221435247e-04
9.830000000000000e-01 3.403570439150243e-04
9.834999999999999e-01 3.450336410743387e-04
9.840000000000000e-01 3.499253024801157e-04
9.844999999999999e-01 3.550496641370523e-04
9.850000000000000e-01 3.604257586585466e-04
9.854999999999999e-01 3.660749773897082e-04
9.860000000000000e-01 3.720215184263866e-04
9.864999999999999e-01 3.857364166588302e-04
9.870000000000000e-01 3.908864567122348e-04
9.874999999999999e-01 3.969510334712107e-04
9.880000000000000e-01 4.036072012483479e-04
9.884999999999999e-01 4.109420437262294e-04
9.890000000000000e-01 4.188367486208502e-04
9.894999999999999e-01 4.273616816220774e-04
9.900000000000000e-01 4.366480938399815e-04
9.904999999999999e-01 4.466904825007670e-04
9.910000000000000e-01 4.575904831598598e-04
9.914999999999999e-01 4.695080211380688e-04
9.920000000000000e-01 4.825621210045689e-04
9.924999999999999e-01 4.969733258381495e-04
9.930000000000000e-01 5.128846459945122e-04
9.934999999999999e-01 5.306674954611461e-04
9.940000000000000e-01 5.506267800851997e-04
9.944999999999999e-01 5.732480202194854e-04
9.950000000000000e-01 5.993453484187339e-04
9.954999999999999e-01 6.295846149932390e-04
9.960000000000000e-01 6.654806833410556e-04
9.964999999999999e-01 7.088215334648911e-04
9.970000000000000e-01 7.626043301293492e-04
9.974999999999999e-01 8.318540815660599e-04
9.980000000000000e-01 9.257461062593075e-04
9.984999999999999e-01 1.063432282197252e-03
9.990000000000000e-01 1.294474382623905e-03
9.994999999999999e-01 1.816252067512504e-03
