-1.000000000000000e+00 1.182182309053187e-22
-9.805000000000000e-01 1.185609708968008e-22
-9.610000000000000e-01 1.189057042328404e-22
-9.415000000000000e-01 1.192524483568455e-22
-9.219999999999999e-01 1.196012209164249e-22
-9.025000000000000e-01 1.199520397663898e-22
-8.830000000000000e-01 1.203049229718031e-22
-8.634999999999999e-01 1.206598888110846e-22
-8.440000000000000e-01 1.210169557791724e-22
-8.245000000000000e-01 1.213761425907403e-22
-8.050000000000000e-01 1.217374681834699e-22
-7.855000000000000e-01 1.221009517213863e-22
-7.660000000000000e-01 1.224666125982479e-22
-7.464999999999997e-01 1.228344704410050e-22
-7.270000000000000e-01 1.232045451133116e-22
-7.075000000000001e-01 1.235768567191075e-22
-6.879999999999998e-01 1.239514256062664e-22
-6.685000000000001e-01 1.243282723703011e-22
-6.490000000000000e-01 1.247074178581526e-22
-6.295000000000002e-01 1.250888831720305e-22
-6.100000000000001e-01 1.254726896733392e-22
-5.904999999999999e-01 1.258588589866680e-22
-5.709999999999998e-01 1.262474130038562e-22
-5.515000000000001e-01 1.266383738881386e-22
-5.320000000000001e-01 1.270317640783609e-22
-5.125000000000001e-01 1.274276062932810e-22
-4.930000000000001e-01 1.278259235359445e-22
-4.735000000000001e-01 1.282267390981479e-22
-4.540000000000000e-01 1.286300765649831e-22
-4.345000000000002e-01 1.290359598194675e-22
-4.150000000000000e-01 1.294444130472646e-22
-3.955000000000000e-01 1.298554607414903e-22
-3.759999999999999e-01 1.302691277076167e-22
-3.564999999999999e-01 1.306854390684660e-22
-3.370000000000000e-01 1.311044202692972e-22
-3.174999999999999e-01 1.315260970829994e-22
-2.979999999999999e-01 1.319504956153799e-22
-2.785000000000000e-01 1.323776423105539e-22
-2.589999999999999e-01 1.328075639564429e-22
-2.394999999999999e-01 1.332402876903784e-22
-2.199999999999999e-01 1.336758410048148e-22
-2.004999999999999e-01 1.341142517531558e-22
-1.809999999999999e-01 1.345555481556974e-22
-1.615000000000001e-01 1.349997588056822e-22
-1.420000000000001e-01 1.354469126754816e-22
-1.225000000000000e-01 1.358970391228954e-22
-1.029999999999999e-01 1.363501678975816e-22
-8.349999999999999e-02 1.368063291476097e-22
-6.400000000000007e-02 1.372655534261525e-22
-4.449999999999989e-02 1.377278716983062e-22
-2.500000000000004e-02 1.381933153480540e-22
-5.499999999999857e-03 1.386619161853674e-22
1.400000000000017e-02 1.391337064534550e-22
3.349999999999984e-02 1.396087188361567e-22
5.299999999999994e-02 1.400869864654929e-22
7.250000000000016e-02 1.405685429293647e-22
9.200000000000018e-02 1.410534222794199e-22
1.114999999999999e-01 1.415416590390746e-22
1.310000000000002e-01 1.420332882117084e-22
1.505000000000001e-01 1.425283452890221e-22
1.700000000000000e-01 1.430268662595826e-22
1.895000000000001e-01 1.435288876175354e-22
2.090000000000000e-01 1.440344463715080e-22
2.285000000000000e-01 1.445435800537017e-22
2.480000000000000e-01 1.450563267291721e-22
2.675000000000001e-01 1.455727250053118e-22
2.869999999999999e-01 1.460928140415338e-22
3.065000000000000e-01 1.466166335591648e-22
3.260000000000000e-01 1.471442238515483e-22
3.454999999999999e-01 1.476756257943693e-22
3.650000000000002e-01 1.482108808562056e-22
3.844999999999998e-01 1.487500311093010e-22
4.040000000000002e-01 1.492931192405809e-22
4.234999999999999e-01 1.498401885629083e-22
4.429999999999998e-01 1.503912830265873e-22
4.625000000000000e-01 1.509464472311198e-22
4.819999999999999e-01 1.515057264372267e-22
5.014999999999999e-01 1.520691665791333e-22
5.209999999999999e-01 1.526368142771320e-22
5.404999999999998e-01 1.532087168504243e-22
5.600000000000001e-01 1.537849223302570e-22
5.794999999999999e-01 1.543654794733519e-22
5.990000000000000e-01 1.549504377756414e-22
6.185000000000000e-01 1.555398474863185e-22
6.379999999999999e-01 1.561337596222067e-22
6.575000000000000e-01 1.567322259824609e-22
6.769999999999998e-01 1.573352991636115e-22
6.965000000000001e-01 1.579430325749493e-22
7.160000000000000e-01 1.585554804542751e-22
7.354999999999998e-01 1.591726978840135e-22
7.549999999999999e-01 1.597947408077087e-22
7.745000000000000e-01 1.604216660469003e-22
7.940000000000000e-01 1.610535313184127e-22
8.134999999999999e-01 1.616903952520359e-22
8.329999999999997e-01 1.623323174086471e-22
8.525000000000000e-01 1.629793582987509e-22
8.719999999999999e-01 1.636315794014741e-22
8.915000000000000e-01 1.642890431840189e-22
9.110000000000000e-01 1.649518131215793e-22
9.304999999999999e-01 1.656199537177554e-22
9.500000000000000e-01 1.662935305254524e-22
9.504999999999999e-01 1.663108737968988e-22
9.510000000000000e-01 1.663282206873232e-22
9.514999999999999e-01 1.663455711978591e-22
9.520000000000000e-01 1.663629253296407e-22
9.524999999999999e-01 1.663802830838010e-22
9.530000000000000e-01 1.663976444614745e-22
9.534999999999999e-01 1.664150094637974e-22
9.540000000000000e-01 1.664323780919032e-22
9.544999999999999e-01 1.664497503469286e-22
9.550000000000000e-01 1.664671262300095e-22
9.554999999999999e-01 1.664845057422828e-22
9.560000000000000e-01 1.665018888848862e-22
9.564999999999999e-01 1.665192756589570e-22
9.570000000000000e-01 1.665366660656338e-22
9.574999999999999e-01 1.665540601060548e-22
9.580000000000000e-01 1.665714577813583e-22
9.584999999999999e-01 1.665888590926857e-22
9.590000000000000e-01 1.666062640411758e-22
9.594999999999999e-01 1.666236726279697e-22
9.600000000000000e-01 1.666410848542085e-22
9.604999999999999e-01 1.666585007210329e-22
9.610000000000000e-01 1.666759202295861e-22
9.614999999999999e-01 1.666933433810096e-22
9.620000000000000e-01 1.667107701764469e-22
9.624999999999999e-01 1.667282006170411e-22
9.630000000000000e-01 1.667456347039368e-22
9.634999999999999e-01 1.667630724382773e-22
9.640000000000000e-01 1.667805138212080e-22
9.644999999999999e-01 1.667979588538740e-22
9.650000000000000e-01 1.668154075374219e-22
9.654999999999999e-01 1.668328598729975e-22
9.660000000000000e-01 1.668503158617464e-22
9.664999999999999e-01 1.668677755048181e-22
9.670000000000000e-01 1.668852388033586e-22
9.674999999999999e-01 1.669027057585175e-22
9.680000000000000e-01 1.669201763714428e-22
9.684999999999999e-01 1.669376506432830e-22
9.690000000000000e-01 1.669551285751883e-22
9.694999999999999e-01 1.669726101683088e-22
9.700000000000000e-01 1.669900954237956e-22
9.704999999999999e-01 1.670075843427994e-22
9.710000000000000e-01 1.670250769264729e-22
9.714999999999999e-01 1.670425731759652e-22
9.720000000000000e-01 1.670600730924314e-22
9.724999999999999e-01 1.670775766770247e-22
9.730000000000000e-01 1.670950839308971e-22
9.734999999999999e-01 1.671125948552032e-22
9.740000000000000e-01 1.671301094510986e-22
9.744999999999999e-01 1.671476277197362e-22
9.750000000000000e-01 1.671651496622731e-22
9.754999999999999e-01 1.671826752798650e-22
9.760000000000000e-01 1.672002045736673e-22
9.764999999999999e-01 1.672177375448382e-22
9.770000000000000e-01 1.672352741945342e-22
9.774999999999999e-01 1.672528145239133e-22
9.780000000000000e-01 1.672703585341345e-22
9.784999999999999e-01 1.672879062263562e-22
9.790000000000000e-01 1.673054576017377e-22
9.794999999999999e-01 1.673230126614387e-22
9.800000000000000e-01 1.673405714066203e-22
9.804999999999999e-01 1.673581338384413e-22
9.810000000000000e-01 1.673756999580660e-22
9.814999999999999e-01 1.673932697666530e-22
9.820000000000000e-01 1.674108432653675e-22
9.824999999999999e-01 1.674284204553704e-22
9.830000000000000e-01 1.674460013378253e-22
9.834999999999999e-01 1.674635859138963e-22
9.840000000000000e-01 1.674811741847476e-22
9.844999999999999e-01 1.674987661515425e-22
9.850000000000000e-01 1.675163618154484e-22
9.854999999999999e-01 1.675339611776298e-22
9.860000000000000e-01 1.675515642392528e-22
9.864999999999999e-01 1.675691710014844e-22
9.870000000000000e-01 1.675867814654912e-22
9.874999999999999e-01 1.676043956324417e-22
9.880000000000000e-01 1.676220135035040e-22
9.884999999999999e-01 1.676396350798456e-22
9.890000000000000e-01 1.676572603626378e-22
9.894999999999999e-01 1.676748893530476e-22
9.900000000000000e-01 1.676925220522457e-22
9.904999999999999e-01 1.677101584614042e-22
9.910000000000000e-01 1.677277985816937e-22
9.914999999999999e-01 1.677454424142842e-22
9.920000000000000e-01 1.677630899603496e-22
9.924999999999999e-01 1.677807412210614e-22
9.930000000000000e-01 1.677983961975937e-22
9.934999999999999e-01 1.678160548911185e-22
9.940000000000000e-01 1.678337173028112e-22
9.944999999999999e-01 1.678513834338461e-22
9.950000000000000e-01 1.678690532853985e-22
9.954999999999999e-01 1.678867268586420e-22
9.960000000000000e-01 1.679044041547552e-22
9.964999999999999e-01 1.679220851749137e-22
9.970000000000000e-01 1.679397699202942e-22
9.974999999999999e-01 1.679574583920736e-22
9.980000000000000e-01 1.679751505914312e-22
9.984999999999999e-01 1.679928465195447e-22
9.990000000000000e-01 1.680105461775937e-22
9.994999999999999e-01 1.680282495667570e-22
