-1.000000000000000e+00 3.518226486974729e-03
-9.805000000000000e-01 3.534098187297486e-03
-9.610000000000000e-01 3.550187853913342e-03
-9.415000000000000e-01 3.566501014904830e-03
-9.219999999999999e-01 3.583042769700400e-03
-9.025000000000000e-01 3.599818689723625e-03
-8.830000000000000e-01 3.616834437283192e-03
-8.634999999999999e-01 3.634096443917338e-03
-8.440000000000000e-01 3.651614706949109e-03
-8.245000000000000e-01 3.669383779042977e-03
-8.050000000000000e-01 3.687421320853795e-03
-7.855000000000000e-01 3.705731134093811e-03
-7.660000000000000e-01 3.724319486541847e-03
-7.464999999999997e-01 3.743194510573337e-03
-7.270000000000000e-01 3.762363762121511e-03
-7.075000000000001e-01 3.781835152312573e-03
-6.879999999999998e-01 3.801616958695424e-03
-6.685000000000001e-01 3.821717827674080e-03
-6.490000000000000e-01 3.842146589132763e-03
-6.295000000000002e-01 3.862912678412401e-03
-6.100000000000001e-01 3.884025656855100e-03
-5.904999999999999e-01 3.905497053974238e-03
-5.709999999999998e-01 3.927334965364820e-03
-5.515000000000001e-01 3.949551131425098e-03
-5.320000000000001e-01 3.972157464137442e-03
-5.125000000000001e-01 3.995162705205548e-03
-4.930000000000001e-01 4.018585001527061e-03
-4.735000000000001e-01 4.042434673053210e-03
-4.540000000000000e-01 4.066724276447389e-03
-4.345000000000002e-01 4.091471652096305e-03
-4.150000000000000e-01 4.116687710562744e-03
-3.955000000000000e-01 4.142389328197818e-03
-3.759999999999999e-01 4.168593196442889e-03
-3.564999999999999e-01 4.195316882319619e-03
-3.370000000000000e-01 4.222576280014490e-03
-3.174999999999999e-01 4.250392435964706e-03
-2.979999999999999e-01 4.278784513557489e-03
-2.785000000000000e-01 4.307773244820380e-03
-2.589999999999999e-01 4.337380758686908e-03
-2.394999999999999e-01 4.367630116214847e-03
-2.199999999999999e-01 4.398545474489610e-03
-2.004999999999999e-01 4.430153083320744e-03
-1.809999999999999e-01 4.462479615275280e-03
-1.615000000000001e-01 4.495553904342487e-03
-1.420000000000001e-01 4.529406366967765e-03
-1.225000000000000e-01 4.564068981693942e-03
-1.029999999999999e-01 4.599576017485326e-03
-8.349999999999999e-02 4.635963424375979e-03
-6.400000000000007e-02 4.673269720533840e-03
-4.449999999999989e-02 4.711535547826495e-03
-2.500000000000004e-02 4.750804496095986e-03
-5.499999999999857e-03 4.791122811603835e-03
1.400000000000017e-02 4.832539774976313e-03
3.349999999999984e-02 4.875109045165969e-03
5.299999999999994e-02 4.918885330488776e-03
7.250000000000016e-02 4.963930006478218e-03
9.200000000000018e-02 5.010307842350365e-03
1.114999999999999e-01 5.058088554796049e-03
1.310000000000002e-01 5.107347079533742e-03
1.505000000000001e-01 5.158164244962371e-03
1.700000000000000e-01 5.210628011672778e-03
1.895000000000001e-01 5.264830036246746e-03
2.090000000000000e-01 5.320875824283216e-03
2.285000000000000e-01 5.378874922627192e-03
2.480000000000000e-01 5.438948200813969e-03
2.675000000000001e-01 5.501225903335133e-03
2.869999999999999e-01 5.565856869502592e-03
3.065000000000000e-01 5.632992103484231e-03
3.260000000000000e-01 5.702808890156187e-03
3.454999999999999e-01 5.775495382948864e-03
3.650000000000002e-01 5.851263559209340e-03
3.844999999999998e-01 5.930346109994450e-03
4.040000000000002e-01 6.013001792269989e-03
4.234999999999999e-01 6.099518759465481e-03
4.429999999999998e-01 6.190220071911287e-03
4.625000000000000e-01 6.285468329342217e-03
4.819999999999999e-01 6.385672569895029e-03
5.014999999999999e-01 6.491295775721448e-03
5.209999999999999e-01 6.602865358837428e-03
5.404999999999998e-01 6.720984713282056e-03
5.600000000000001e-01 6.846346597217906e-03
5.794999999999999e-01 6.979754610053290e-03
5.990000000000000e-01 7.122143853718098e-03
6.185000000000000e-01 7.274613009627721e-03
6.379999999999999e-01 7.438459420077385e-03
6.575000000000000e-01 7.615232334769216e-03
6.769999999999998e-01 7.806797670697459e-03
6.965000000000001e-01 8.015427939266627e-03
7.160000000000000e-01 8.243923920270549e-03
7.354999999999998e-01 8.495785506304667e-03
7.549999999999999e-01 8.775455823983700e-03
7.745000000000000e-01 9.088674817727006e-03
7.940000000000000e-01 9.443018276366514e-03
8.134999999999999e-01 9.848732053396272e-03
8.329999999999997e-01 1.032008673158887e-02
8.525000000000000e-01 1.087768539242136e-02
8.719999999999999e-01 1.155262760321795e-02
8.915000000000000e-01 1.239461992167951e-02
9.110000000000000e-01 1.348937365851775e-02
9.304999999999999e-01 1.500128529281120e-02
9.500000000000000e-01 1.730074837921819e-02
9.504999999999999e-01 1.737660848120721e-02
9.510000000000000e-01 1.745360235678910e-02
9.514999999999999e-01 1.753175722723658e-02
9.520000000000000e-01 1.761110348175341e-02
9.524999999999999e-01 1.769167288958316e-02
9.530000000000000e-01 1.777349622292344e-02
9.534999999999999e-01 1.785660807858700e-02
9.540000000000000e-01 1.794104276439223e-02
9.544999999999999e-01 1.802683630064239e-02
9.550000000000000e-01 1.811402598383509e-02
9.554999999999999e-01 1.820265087047896e-02
9.560000000000000e-01 1.829275116266685e-02
9.564999999999999e-01 1.838436812651898e-02
9.570000000000000e-01 1.847754776947656e-02
9.574999999999999e-01 1.857233330779515e-02
9.580000000000000e-01 1.866877329085783e-02
9.584999999999999e-01 1.876691620433662e-02
9.590000000000000e-01 1.886681383851930e-02
9.594999999999999e-01 1.896851974220963e-02
9.600000000000000e-01 1.907209109311193e-02
9.604999999999999e-01 1.917758410867246e-02
9.610000000000000e-01 1.928506174067325e-02
9.614999999999999e-01 1.939458725293079e-02
9.620000000000000e-01 1.950622732942554e-02
9.624999999999999e-01 1.962005177582793e-02
9.630000000000000e-01 1.973613387717684e-02
9.634999999999999e-01 1.985455013301178e-02
9.640000000000000e-01 1.997529180861549e-02
9.644999999999999e-01 2.009871029930814e-02
9.650000000000000e-01 2.022462689899809e-02
9.654999999999999e-01 2.035322362889730e-02
9.660000000000000e-01 2.048459804139726e-02
9.664999999999999e-01 2.061885198486550e-02
9.670000000000000e-01 2.075609615293184e-02
9.674999999999999e-01 2.089644166305598e-02
9.680000000000000e-01 2.104001060136997e-02
9.684999999999999e-01 2.118692886776490e-02
9.690000000000000e-01 2.133732937593200e-02
9.694999999999999e-01 2.149135497484530e-02
9.700000000000000e-01 2.164915488311642e-02
9.704999999999999e-01 2.181088747128714e-02
9.710000000000000e-01 2.197672114174549e-02
9.714999999999999e-01 2.214683385796944e-02
9.720000000000000e-01 2.232141489174712e-02
9.724999999999999e-01 2.250066561600322e-02
9.730000000000000e-01 2.268480029490129e-02
9.734999999999999e-01 2.287404720070371e-02
9.740000000000000e-01 2.306864982258910e-02
9.744999999999999e-01 2.326886859821543e-02
9.750000000000000e-01 2.347498136506462e-02
9.754999999999999e-01 2.368727770895257e-02
9.760000000000000e-01 2.390610356836085e-02
9.764999999999999e-01 2.413177663928755e-02
9.770000000000000e-01 2.436467146389047e-02
9.774999999999999e-01 2.460518920952231e-02
9.780000000000000e-01 2.485375768787677e-02
9.784999999999999e-01 2.511084014862627e-02
9.790000000000000e-01 2.537694016127442e-02
9.794999999999999e-01 2.565260069352640e-02
9.800000000000000e-01 2.593841303524396e-02
9.804999999999999e-01 2.623502511253241e-02
9.810000000000000e-01 2.654313634221852e-02
9.814999999999999e-01 2.686351924851481e-02
9.820000000000000e-01 2.719701590874149e-02
9.824999999999999e-01 2.754455351720285e-02
9.830000000000000e-01 2.790715439982287e-02
9.834999999999999e-01 2.828594803286646e-02
9.840000000000000e-01 2.868218610801517e-02
9.844999999999999e-01 2.909726124027711e-02
9.850000000000000e-01 2.953272403733432e-02
9.854999999999999e-01 2.999031495645272e-02
9.860000000000000e-01 3.047198614650186e-02
9.864999999999999e-01 3.159291161308168e-02
9.870000000000000e-01 3.199993594413446e-02
9.874999999999999e-01 3.249148199253792e-02
9.880000000000000e-01 3.303276231743398e-02
9.884999999999999e-01 3.362158340214603e-02
9.890000000000000e-01 3.426383397011060e-02
9.894999999999999e-01 3.495848197016424e-02
9.900000000000000e-01 3.570675887349062e-02
9.904999999999999e-01 3.651870729149050e-02
9.910000000000000e-01 3.740052565946678e-02
9.914999999999999e-01 3.836842476895126e-02
9.920000000000000e-01 3.942701182405141e-02
9.924999999999999e-01 4.059184272942984e-02
9.930000000000000e-01 4.188080995969023e-02
9.934999999999999e-01 4.332116639039329e-02
9.940000000000000e-01 4.494053243161233e-02
9.944999999999999e-01 4.677642091658485e-02
9.950000000000000e-01 4.888536918769835e-02
9.954999999999999e-01 5.133820254108076e-02
9.960000000000000e-01 5.424314686479036e-02
9.964999999999999e-01 5.775153315608868e-02
9.970000000000000e-01 6.210921147755302e-02
9.974999999999999e-01 6.771948371702372e-02
9.980000000000000e-01 7.532453634850737e-02
9.984999999999999e-01 8.647530509580917e-02
9.990000000000000e-01 1.051888755249972e-01
9.994999999999999e-01 1.474549015709507e-01
