-1.000000000000000e+00 7.694812821604092e-07
-9.805000000000000e-01 7.744370999368419e-07
-9.610000000000000e-01 7.795463688356019e-07
-9.415000000000000e-01 7.850667281109270e-07
-9.219999999999999e-01 7.902451668256843e-07
-9.025000000000000e-01 7.970551914895243e-07
-8.830000000000000e-01 8.012093446355886e-07
-8.634999999999999e-01 8.079078441824031e-07
-8.440000000000000e-01 8.134922371384001e-07
-8.245000000000000e-01 8.190222486757811e-07
-8.050000000000000e-01 8.215912028378846e-07
-7.855000000000000e-01 8.333216575554249e-07
-7.660000000000000e-01 8.341535947013392e-07
-7.464999999999997e-01 8.433198372836981e-07
-7.270000000000000e-01 8.489882170813921e-07
-7.075000000000001e-01 8.561240983743991e-07
-6.879999999999998e-01 8.645436325709445e-07
-6.685000000000001e-01 8.689105286351934e-07
-6.490000000000000e-01 8.754886311602042e-07
-6.295000000000002e-01 8.820485403971498e-07
-6.100000000000001e-01 8.890746956666691e-07
-5.904999999999999e-01 8.962009014918726e-07
-5.709999999999998e-01 9.031283580211151e-07
-5.515000000000001e-01 9.104735158415554e-07
-5.320000000000001e-01 9.181286694920393e-07
-5.125000000000001e-01 9.255188584485016e-07
-4.930000000000001e-01 9.332314328661414e-07
-4.735000000000001e-01 9.440838726230676e-07
-4.540000000000000e-01 9.501219960573408e-07
-4.345000000000002e-01 9.581946236420671e-07
-4.150000000000000e-01 9.665633588003693e-07
-3.955000000000000e-01 9.738558288828230e-07
-3.759999999999999e-01 9.819703477608833e-07
-3.564999999999999e-01 9.910063270888911e-07
-3.370000000000000e-01 9.995206277492363e-07
-3.174999999999999e-01 1.008659585521302e-06
-2.979999999999999e-01 1.021726256971976e-06
-2.785000000000000e-01 1.031694639709929e-06
-2.589999999999999e-01 1.041785573060770e-06
-2.394999999999999e-01 1.064555463044943e-06
-2.199999999999999e-01 1.074303165318003e-06
-2.004999999999999e-01 1.073094733437329e-06
-1.809999999999999e-01 1.085571430254753e-06
-1.615000000000001e-01 1.097124865042172e-06
-1.420000000000001e-01 1.118677364054689e-06
-1.225000000000000e-01 1.121123435800175e-06
-1.029999999999999e-01 1.134135752140526e-06
-8.349999999999999e-02 1.146450789950419e-06
-6.400000000000007e-02 1.170920606132602e-06
-4.449999999999989e-02 1.182572583470814e-06
-2.500000000000004e-02 1.187745680537402e-06
-5.499999999999857e-03 1.202239193203153e-06
1.400000000000017e-02 1.217172241692719e-06
3.349999999999984e-02 1.229396889402135e-06
5.299999999999994e-02 1.248341027899304e-06
7.250000000000016e-02 1.266115755854283e-06
9.200000000000018e-02 1.286030787854212e-06
1.114999999999999e-01 1.300841763238790e-06
1.310000000000002e-01 1.318645833824001e-06
1.505000000000001e-01 1.338739718249547e-06
1.700000000000000e-01 1.358643965810458e-06
1.895000000000001e-01 1.377655996046885e-06
2.090000000000000e-01 1.399281410070240e-06
2.285000000000000e-01 1.420749388703716e-06
2.480000000000000e-01 1.443122456276023e-06
2.675000000000001e-01 1.466637549674389e-06
2.869999999999999e-01 1.491267285891871e-06
3.065000000000000e-01 1.516921984089587e-06
3.260000000000000e-01 1.543790137699763e-06
3.454999999999999e-01 1.572028032015715e-06
3.650000000000002e-01 1.601415176326073e-06
3.844999999999998e-01 1.630639554751345e-06
4.040000000000002e-01 1.663065173688441e-06
4.234999999999999e-01 1.697435502680277e-06
4.429999999999998e-01 1.733749611459996e-06
4.625000000000000e-01 1.773249218291681e-06
4.819999999999999e-01 1.813572846662013e-06
5.014999999999999e-01 1.856348502159357e-06
5.209999999999999e-01 1.901782343368897e-06
5.404999999999998e-01 1.950160766492688e-06
5.600000000000001e-01 2.001772975795696e-06
5.794999999999999e-01 2.057087862480417e-06
5.990000000000000e-01 2.116534501045082e-06
6.185000000000000e-01 2.180449443311367e-06
6.379999999999999e-01 2.249361928737237e-06
6.575000000000000e-01 2.324791879285437e-06
6.769999999999998e-01 2.407001951123598e-06
6.965000000000001e-01 2.498121396448307e-06
7.160000000000000e-01 2.596919585346113e-06
7.354999999999998e-01 2.704920415174794e-06
7.549999999999999e-01 2.831956786455649e-06
7.745000000000000e-01 2.972030285121956e-06
7.940000000000000e-01 3.131731724960692e-06
8.134999999999999e-01 3.316567575738988e-06
8.329999999999997e-01 3.533289547038920e-06
8.525000000000000e-01 3.792505291803798e-06
8.719999999999999e-01 4.109739941574327e-06
8.915000000000000e-01 4.510222928584803e-06
9.110000000000000e-01 5.036646131261130e-06
9.304999999999999e-01 5.775875093992305e-06
9.500000000000000e-01 6.915756371759408e-06
9.504999999999999e-01 6.953644064650583e-06
9.510000000000000e-01 6.992119689417600e-06
9.514999999999999e-01 7.031189818495439e-06
9.520000000000000e-01 7.070870365538839e-06
9.524999999999999e-01 7.111180547694031e-06
9.530000000000000e-01 7.152143717717765e-06
9.534999999999999e-01 7.193753442381331e-06
9.540000000000000e-01 7.235742425193427e-06
9.544999999999999e-01 7.278682571306881e-06
9.550000000000000e-01 7.322365732842413e-06
9.554999999999999e-01 7.366793054163184e-06
9.560000000000000e-01 7.411976078454728e-06
9.564999999999999e-01 7.457958575469137e-06
9.570000000000000e-01 7.504760472744210e-06
9.574999999999999e-01 7.552367725389055e-06
9.580000000000000e-01 7.600866192905696e-06
9.584999999999999e-01 7.647790771811886e-06
9.590000000000000e-01 7.700528134301226e-06
9.594999999999999e-01 7.751755063342584e-06
9.600000000000000e-01 7.803926398340831e-06
9.604999999999999e-01 7.857102070405211e-06
9.610000000000000e-01 7.911291719251065e-06
9.614999999999999e-01 7.966566704794165e-06
9.620000000000000e-01 8.023104760051924e-06
9.624999999999999e-01 8.080544293809157e-06
9.630000000000000e-01 8.130776503806208e-06
9.634999999999999e-01 8.190516713829562e-06
9.640000000000000e-01 8.247295087869774e-06
9.644999999999999e-01 8.322572988221492e-06
9.650000000000000e-01 8.386283029644637e-06
9.654999999999999e-01 8.451378175495352e-06
9.660000000000000e-01 8.517916627851875e-06
9.664999999999999e-01 8.585920222963090e-06
9.670000000000000e-01 8.645405904201541e-06
9.674999999999999e-01 8.726644483674784e-06
9.680000000000000e-01 8.799469698379313e-06
9.684999999999999e-01 8.874053615134783e-06
9.690000000000000e-01 8.950400705581604e-06
9.694999999999999e-01 9.028647982090910e-06
9.700000000000000e-01 9.108879107319335e-06
9.704999999999999e-01 9.191124651615358e-06
9.710000000000000e-01 9.275464390994089e-06
9.714999999999999e-01 9.362043138747621e-06
9.720000000000000e-01 9.451010683299922e-06
9.724999999999999e-01 9.542345438284198e-06
9.730000000000000e-01 9.636200632707051e-06
9.734999999999999e-01 9.732663139277197e-06
9.740000000000000e-01 9.831959146611445e-06
9.744999999999999e-01 9.934172046424994e-06
9.750000000000000e-01 1.003944678493095e-05
9.754999999999999e-01 1.014794414264733e-05
9.760000000000000e-01 1.025981413396695e-05
9.764999999999999e-01 1.037529504639037e-05
9.770000000000000e-01 1.049446608441980e-05
9.774999999999999e-01 1.061762480188978e-05
9.780000000000000e-01 1.074496505762639e-05
9.784999999999999e-01 1.087673250072527e-05
9.790000000000000e-01 1.101321993380644e-05
9.794999999999999e-01 1.115466221166318e-05
9.800000000000000e-01 1.130139719925733e-05
9.804999999999999e-01 1.145375109138095e-05
9.810000000000000e-01 1.161126406731455e-05
9.814999999999999e-01 1.177686843187968e-05
9.820000000000000e-01 1.194842523311155e-05
9.824999999999999e-01 1.212657421028021e-05
9.830000000000000e-01 1.231331426405270e-05
9.834999999999999e-01 1.250847025694016e-05
9.840000000000000e-01 1.271269102580517e-05
9.844999999999999e-01 1.292691172117738e-05
9.850000000000000e-01 1.315159981363014e-05
9.854999999999999e-01 1.338837104318606e-05
9.860000000000000e-01 1.363726335074447e-05
9.864999999999999e-01 1.389986069675887e-05
9.870000000000000e-01 1.417752763338268e-05
9.874999999999999e-01 1.447219441372572e-05
9.880000000000000e-01 1.478456423191741e-05
9.884999999999999e-01 1.511611708028085e-05
9.890000000000000e-01 1.547230862884600e-05
9.894999999999999e-01 1.585252863868670e-05
9.900000000000000e-01 1.626093442552194e-05
9.904999999999999e-01 1.670133919680736e-05
9.910000000000000e-01 1.717794962374569e-05
9.914999999999999e-01 1.769588658397881e-05
9.920000000000000e-01 1.826187918169587e-05
9.924999999999999e-01 1.888358449207210e-05
9.930000000000000e-01 1.957087879393257e-05
9.934999999999999e-01 2.033611114072487e-05
9.940000000000000e-01 2.119519306508645e-05
9.944999999999999e-01 2.216898737910723e-05
9.950000000000000e-01 2.328561591692989e-05
9.954999999999999e-01 2.458362692675927e-05
9.960000000000000e-01 2.611818543645611e-05
9.964999999999999e-01 2.797081259301336e-05
9.970000000000000e-01 3.026967139585147e-05
9.974999999999999e-01 3.322790954813958e-05
9.980000000000000e-01 3.723664034109270e-05
9.984999999999999e-01 4.311032271123473e-05
9.990000000000000e-01 5.296475610712213e-05
9.994999999999999e-01 7.521149599371372e-05
