-1.000000000000000e+00 1.530327228902543e-06
-9.805000000000000e-01 1.535437554988067e-06
-9.610000000000000e-01 1.540582748850690e-06
-9.415000000000000e-01 1.545763176460789e-06
-9.219999999999999e-01 1.550979209063708e-06
-9.025000000000000e-01 1.556231223278087e-06
-8.830000000000000e-01 1.561519601196466e-06
-8.634999999999999e-01 1.566844730488251e-06
-8.440000000000000e-01 1.572207004505087e-06
-8.245000000000000e-01 1.577606822388731e-06
-8.050000000000000e-01 1.583044589181465e-06
-7.855000000000000e-01 1.588520715939161e-06
-7.660000000000000e-01 1.594035619847038e-06
-7.464999999999997e-01 1.599589724338218e-06
-7.270000000000000e-01 1.605183459215146e-06
-7.075000000000001e-01 1.610817260773975e-06
-6.879999999999998e-01 1.616491571931979e-06
-6.685000000000001e-01 1.622206842358117e-06
-6.490000000000000e-01 1.627963528606815e-06
-6.295000000000002e-01 1.633762094255082e-06
-6.100000000000001e-01 1.639603010043049e-06
-5.904999999999999e-01 1.645486754018051e-06
-5.709999999999998e-01 1.651413811682340e-06
-5.515000000000001e-01 1.657384676144569e-06
-5.320000000000001e-01 1.663399848275139e-06
-5.125000000000001e-01 1.669459836865550e-06
-4.930000000000001e-01 1.675565158791869e-06
-4.735000000000001e-01 1.681716339182464e-06
-4.540000000000000e-01 1.687913911590111e-06
-4.345000000000002e-01 1.694158418168661e-06
-4.150000000000000e-01 1.700450409854359e-06
-3.955000000000000e-01 1.706790446552026e-06
-3.759999999999999e-01 1.713179097326218e-06
-3.564999999999999e-01 1.719616940597553e-06
-3.370000000000000e-01 1.726104564344369e-06
-3.174999999999999e-01 1.732642566309904e-06
-2.979999999999999e-01 1.739230997937293e-06
-2.785000000000000e-01 1.745871554007054e-06
-2.589999999999999e-01 1.752564341325851e-06
-2.394999999999999e-01 1.759309998905079e-06
-2.199999999999999e-01 1.766109176650448e-06
-2.004999999999999e-01 1.772962535606753e-06
-1.809999999999999e-01 1.779870748209660e-06
-1.615000000000001e-01 1.786834498544761e-06
-1.420000000000001e-01 1.793854482614159e-06
-1.225000000000000e-01 1.800931408610869e-06
-1.029999999999999e-01 1.808065997201313e-06
-8.349999999999999e-02 1.815258981816200e-06
-6.400000000000007e-02 1.822511108950130e-06
-4.449999999999989e-02 1.829823138470222e-06
-2.500000000000004e-02 1.837195843934131e-06
-5.499999999999857e-03 1.844630012917804e-06
1.400000000000017e-02 1.852126447353349e-06
3.349999999999984e-02 1.859685963877427e-06
5.299999999999994e-02 1.867309394190564e-06
7.250000000000016e-02 1.874997585427827e-06
9.200000000000018e-02 1.882751400541325e-06
1.114999999999999e-01 1.890571718695003e-06
1.310000000000002e-01 1.898459435672246e-06
1.505000000000001e-01 1.906415464296809e-06
1.700000000000000e-01 1.914440734867651e-06
1.895000000000001e-01 1.922536195608236e-06
2.090000000000000e-01 1.930702813130941e-06
2.285000000000000e-01 1.938941572917212e-06
2.480000000000000e-01 1.947253479814157e-06
2.675000000000001e-01 1.955639558548310e-06
2.869999999999999e-01 1.964100854257318e-06
3.065000000000000e-01 1.972638433040388e-06
3.260000000000000e-01 1.981253382528315e-06
3.454999999999999e-01 1.989946812474044e-06
3.650000000000002e-01 1.998719855364683e-06
3.844999999999998e-01 2.007573667056030e-06
4.040000000000002e-01 2.016509427430669e-06
4.234999999999999e-01 2.025528341080796e-06
4.429999999999998e-01 2.034631638017007e-06
4.625000000000000e-01 2.043820574404338e-06
4.819999999999999e-01 2.053096433326958e-06
5.014999999999999e-01 2.062460525582996e-06
5.209999999999999e-01 2.071914190511077e-06
5.404999999999998e-01 2.081458796850274e-06
5.600000000000001e-01 2.091095743635276e-06
5.794999999999999e-01 2.100826461128727e-06
5.990000000000000e-01 2.110652411792826e-06
6.185000000000000e-01 2.120575091302410e-06
6.379999999999999e-01 2.130596029601976e-06
6.575000000000000e-01 2.140716792009224e-06
6.769999999999998e-01 2.150938980367938e-06
6.965000000000001e-01 2.161264234253291e-06
7.160000000000000e-01 2.171694232232846e-06
7.354999999999998e-01 2.182230693186889e-06
7.549999999999999e-01 2.192875377692005e-06
7.745000000000000e-01 2.203630089472195e-06
7.940000000000000e-01 2.214496676922241e-06
8.134999999999999e-01 2.225477034708478e-06
8.329999999999997e-01 2.236573105452692e-06
8.525000000000000e-01 2.247786881505444e-06
8.719999999999999e-01 2.259120406815844e-06
8.915000000000000e-01 2.270575778905616e-06
9.110000000000000e-01 2.282155150956283e-06
9.304999999999999e-01 2.293860734019429e-06
9.500000000000000e-01 2.305694799361441e-06
9.504999999999999e-01 2.305999946962418e-06
9.510000000000000e-01 2.306305180606458e-06
9.514999999999999e-01 2.306610500333488e-06
9.520000000000000e-01 2.306915906183465e-06
9.524999999999999e-01 2.307221398196374e-06
9.530000000000000e-01 2.307526976412226e-06
9.534999999999999e-01 2.307832640871065e-06
9.540000000000000e-01 2.308138391612960e-06
9.544999999999999e-01 2.308444228678008e-06
9.550000000000000e-01 2.308750152106336e-06
9.554999999999999e-01 2.309056161938100e-06
9.560000000000000e-01 2.309362258213483e-06
9.564999999999999e-01 2.309668440972698e-06
9.570000000000000e-01 2.309974710255984e-06
9.574999999999999e-01 2.310281066103614e-06
9.580000000000000e-01 2.310587508555884e-06
9.584999999999999e-01 2.310894037653121e-06
9.590000000000000e-01 2.311200653435680e-06
9.594999999999999e-01 2.311507355943948e-06
9.600000000000000e-01 2.311814145218336e-06
9.604999999999999e-01 2.312121021299287e-06
9.610000000000000e-01 2.312427984227270e-06
9.614999999999999e-01 2.312735034042788e-06
9.620000000000000e-01 2.313042170786367e-06
9.624999999999999e-01 2.313349394498566e-06
9.630000000000000e-01 2.313656705219971e-06
9.634999999999999e-01 2.313964102991199e-06
9.640000000000000e-01 2.314271587852894e-06
9.644999999999999e-01 2.314579159845729e-06
9.650000000000000e-01 2.314886819010408e-06
9.654999999999999e-01 2.315194565387662e-06
9.660000000000000e-01 2.315502399018253e-06
9.664999999999999e-01 2.315810319942971e-06
9.670000000000000e-01 2.316118328202637e-06
9.674999999999999e-01 2.316426423838097e-06
9.680000000000000e-01 2.316734606890233e-06
9.684999999999999e-01 2.317042877399950e-06
9.690000000000000e-01 2.317351235408186e-06
9.694999999999999e-01 2.317659680955906e-06
9.700000000000000e-01 2.317968214084109e-06
9.704999999999999e-01 2.318276834833816e-06
9.710000000000000e-01 2.318585543246085e-06
9.714999999999999e-01 2.318894339361998e-06
9.720000000000000e-01 2.319203223222672e-06
9.724999999999999e-01 2.319512194869246e-06
9.730000000000000e-01 2.319821254342898e-06
9.734999999999999e-01 2.320130401684827e-06
9.740000000000000e-01 2.320439636936266e-06
9.744999999999999e-01 2.320748960138478e-06
9.750000000000000e-01 2.321058371332756e-06
9.754999999999999e-01 2.321367870560419e-06
9.760000000000000e-01 2.321677457862821e-06
9.764999999999999e-01 2.321987133281342e-06
9.770000000000000e-01 2.322296896857393e-06
9.774999999999999e-01 2.322606748632416e-06
9.780000000000000e-01 2.322916688647883e-06
9.784999999999999e-01 2.323226716945293e-06
9.790000000000000e-01 2.323536833566179e-06
9.794999999999999e-01 2.323847038552102e-06
9.800000000000000e-01 2.324157331944652e-06
9.804999999999999e-01 2.324467713785452e-06
9.810000000000000e-01 2.324778184116153e-06
9.814999999999999e-01 2.325088742978436e-06
9.820000000000000e-01 2.325399390414014e-06
9.824999999999999e-01 2.325710126464630e-06
9.830000000000000e-01 2.326020951172055e-06
9.834999999999999e-01 2.326331864578093e-06
9.840000000000000e-01 2.326642866724578e-06
9.844999999999999e-01 2.326953957653371e-06
9.850000000000000e-01 2.327265137406369e-06
9.854999999999999e-01 2.327576406025495e-06
9.860000000000000e-01 2.327887763552704e-06
9.864999999999999e-01 2.328199210029983e-06
9.870000000000000e-01 2.328510745499347e-06
9.874999999999999e-01 2.328822370002843e-06
9.880000000000000e-01 2.329134083582549e-06
9.884999999999999e-01 2.329445886280572e-06
9.890000000000000e-01 2.329757778139052e-06
9.894999999999999e-01 2.330069759200158e-06
9.900000000000000e-01 2.330381829506091e-06
9.904999999999999e-01 2.330693989099080e-06
9.910000000000000e-01 2.331006238021390e-06
9.914999999999999e-01 2.331318576315312e-06
9.920000000000000e-01 2.331631004023171e-06
9.924999999999999e-01 2.331943521187320e-06
9.930000000000000e-01 2.332256127850146e-06
9.934999999999999e-01 2.332568824054066e-06
9.940000000000000e-01 2.332881609841526e-06
9.944999999999999e-01 2.333194485255007e-06
9.950000000000000e-01 2.333507450337019e-06
9.954999999999999e-01 2.333820505130102e-06
9.960000000000000e-01 2.334133649676829e-06
9.964999999999999e-01 2.334446884019805e-06
9.970000000000000e-01 2.334760208201661e-06
9.974999999999999e-01 2.335073622265068e-06
9.980000000000000e-01 2.335387126252720e-06
9.984999999999999e-01 2.335700720207348e-06
9.990000000000000e-01 2.336014404171713e-06
9.994999999999999e-01 2.336328178188604e-06
