-1.000000000000000e+00 1.030302764273718e-05
-9.805000000000000e-01 1.034429504466659e-05
-9.610000000000000e-01 1.038591522947157e-05
-9.415000000000000e-01 1.042789307170875e-05
-9.219999999999999e-01 1.047023354327631e-05
-9.025000000000000e-01 1.051294171605008e-05
-8.830000000000000e-01 1.055602276461203e-05
-8.634999999999999e-01 1.059948196907564e-05
-8.440000000000000e-01 1.064332471801202e-05
-8.245000000000000e-01 1.068755651148156e-05
-8.050000000000000e-01 1.073218296417585e-05
-7.855000000000000e-01 1.077720980867480e-05
-7.660000000000000e-01 1.082264289882434e-05
-7.464999999999997e-01 1.086848821324029e-05
-7.270000000000000e-01 1.091475185894442e-05
-7.075000000000001e-01 1.096144007513872e-05
-6.879999999999998e-01 1.100855923712485e-05
-6.685000000000001e-01 1.105611566398571e-05
-6.490000000000000e-01 1.110411635248146e-05
-6.295000000000002e-01 1.115256795876267e-05
-6.100000000000001e-01 1.120147744251777e-05
-5.904999999999999e-01 1.125085192100904e-05
-5.709999999999998e-01 1.130069867385411e-05
-5.515000000000001e-01 1.135102514794450e-05
-5.320000000000001e-01 1.140183896247922e-05
-5.125000000000001e-01 1.145314791407257e-05
-4.930000000000001e-01 1.150495998186171e-05
-4.735000000000001e-01 1.155728333247981e-05
-4.540000000000000e-01 1.161012632464694e-05
-4.345000000000002e-01 1.166349751290787e-05
-4.150000000000000e-01 1.171740564957926e-05
-3.955000000000000e-01 1.177185968292903e-05
-3.759999999999999e-01 1.182686874708652e-05
-3.564999999999999e-01 1.188244213238723e-05
-3.370000000000000e-01 1.193858920389706e-05
-3.174999999999999e-01 1.199531915806711e-05
-2.979999999999999e-01 1.205264012775040e-05
-2.785000000000000e-01 1.211055417508850e-05
-2.589999999999999e-01 1.216895792328864e-05
-2.394999999999999e-01 1.222841874726175e-05
-2.199999999999999e-01 1.228818056831390e-05
-2.004999999999999e-01 1.234863262081708e-05
-1.809999999999999e-01 1.240975418632736e-05
-1.615000000000001e-01 1.247155284177321e-05
-1.420000000000001e-01 1.253403986642687e-05
-1.225000000000000e-01 1.259722774791094e-05
-1.029999999999999e-01 1.266112964826891e-05
-8.349999999999999e-02 1.272575925027130e-05
-6.400000000000007e-02 1.279113070968515e-05
-4.449999999999989e-02 1.285717722836915e-05
-2.500000000000004e-02 1.292407381468024e-05
-5.499999999999857e-03 1.299175736063147e-05
1.400000000000017e-02 1.306033457667365e-05
3.349999999999984e-02 1.312964415816529e-05
5.299999999999994e-02 1.319979062712727e-05
7.250000000000016e-02 1.327079166545675e-05
9.200000000000018e-02 1.334266554459868e-05
1.114999999999999e-01 1.341543115371741e-05
1.310000000000002e-01 1.348910802991638e-05
1.505000000000001e-01 1.356371639063057e-05
1.700000000000000e-01 1.363927716835197e-05
1.895000000000001e-01 1.373236806994612e-05
2.090000000000000e-01 1.379334350631149e-05
2.285000000000000e-01 1.387189487718161e-05
2.480000000000000e-01 1.395149033101663e-05
2.675000000000001e-01 1.403215499159739e-05
2.869999999999999e-01 1.411391496871450e-05
3.065000000000000e-01 1.419679743192478e-05
3.260000000000000e-01 1.428083062274742e-05
3.454999999999999e-01 1.436604398727499e-05
3.650000000000002e-01 1.445246821137392e-05
3.844999999999998e-01 1.454002730209935e-05
4.040000000000002e-01 1.462896030275024e-05
4.234999999999999e-01 1.471920344902098e-05
4.429999999999998e-01 1.481079317960529e-05
4.625000000000000e-01 1.490376766148590e-05
4.819999999999999e-01 1.499816689842196e-05
5.014999999999999e-01 1.509403290250894e-05
5.209999999999999e-01 1.519140978734858e-05
5.404999999999998e-01 1.529034400776654e-05
5.600000000000001e-01 1.539113551036210e-05
5.794999999999999e-01 1.549336295494034e-05
5.990000000000000e-01 1.559730680258186e-05
6.185000000000000e-01 1.570302554668045e-05
6.379999999999999e-01 1.581058137120646e-05
6.575000000000000e-01 1.592004051431972e-05
6.769999999999998e-01 1.603097128830050e-05
6.965000000000001e-01 1.614438557269647e-05
7.160000000000000e-01 1.625991836610432e-05
7.354999999999998e-01 1.637765486068418e-05
7.549999999999999e-01 1.649768835766279e-05
7.745000000000000e-01 1.662012433180344e-05
7.940000000000000e-01 1.674508950112018e-05
8.134999999999999e-01 1.687274649076227e-05
8.329999999999997e-01 1.700330008231800e-05
8.525000000000000e-01 1.713803460873278e-05
8.719999999999999e-01 1.727466799728313e-05
8.915000000000000e-01 1.741456227109834e-05
9.110000000000000e-01 1.755807340784815e-05
9.304999999999999e-01 1.770544231460408e-05
9.500000000000000e-01 1.785704375692176e-05
9.504999999999999e-01 1.786099082419427e-05
9.510000000000000e-01 1.786494119187372e-05
9.514999999999999e-01 1.786889450067514e-05
9.520000000000000e-01 1.787285100358066e-05
9.524999999999999e-01 1.787681071133542e-05
9.530000000000000e-01 1.788077354125540e-05
9.534999999999999e-01 1.788473955172249e-05
9.540000000000000e-01 1.788870875979988e-05
9.544999999999999e-01 1.789268101948484e-05
9.550000000000000e-01 1.789665682466107e-05
9.554999999999999e-01 1.790063569898810e-05
9.560000000000000e-01 1.790461779741648e-05
9.564999999999999e-01 1.790860318601013e-05
9.570000000000000e-01 1.791259182700217e-05
9.574999999999999e-01 1.791658381226441e-05
9.580000000000000e-01 1.792057904303880e-05
9.584999999999999e-01 1.792457764114883e-05
9.590000000000000e-01 1.792857948930693e-05
9.594999999999999e-01 1.793258477901644e-05
9.600000000000000e-01 1.793659333905320e-05
9.604999999999999e-01 1.794060527877261e-05
9.610000000000000e-01 1.794462059833059e-05
9.614999999999999e-01 1.794863932236635e-05
9.620000000000000e-01 1.795266143815031e-05
9.624999999999999e-01 1.795668702814454e-05
9.630000000000000e-01 1.796071604148045e-05
9.634999999999999e-01 1.796474853447884e-05
9.640000000000000e-01 1.796878449763285e-05
9.644999999999999e-01 1.797282395718390e-05
9.650000000000000e-01 1.797686694380940e-05
9.654999999999999e-01 1.798091346499548e-05
9.660000000000000e-01 1.798496353241358e-05
9.664999999999999e-01 1.798901731227384e-05
9.670000000000000e-01 1.799307453569174e-05
9.674999999999999e-01 1.799713540157605e-05
9.680000000000000e-01 1.800119988761419e-05
9.684999999999999e-01 1.800526803565716e-05
9.690000000000000e-01 1.800933991920281e-05
9.694999999999999e-01 1.801341543719948e-05
9.700000000000000e-01 1.801749522774575e-05
9.704999999999999e-01 1.802157828470352e-05
9.710000000000000e-01 1.802566502364063e-05
9.714999999999999e-01 1.802975560233046e-05
9.720000000000000e-01 1.803384997697783e-05
9.724999999999999e-01 1.803794824097614e-05
9.730000000000000e-01 1.804205048305985e-05
9.734999999999999e-01 1.804615651684243e-05
9.740000000000000e-01 1.805026647733803e-05
9.744999999999999e-01 1.805438041326330e-05
9.750000000000000e-01 1.805849833287393e-05
9.754999999999999e-01 1.806262042166895e-05
9.760000000000000e-01 1.806674643559266e-05
9.764999999999999e-01 1.807087653562865e-05
9.770000000000000e-01 1.807501078303216e-05
9.774999999999999e-01 1.807914915834897e-05
9.780000000000000e-01 1.808329185899717e-05
9.784999999999999e-01 1.808743889671173e-05
9.790000000000000e-01 1.809159010827799e-05
9.794999999999999e-01 1.809574618854488e-05
9.800000000000000e-01 1.809990590067345e-05
9.804999999999999e-01 1.810406922970524e-05
9.810000000000000e-01 1.810823791761718e-05
9.814999999999999e-01 1.811241178239481e-05
9.820000000000000e-01 1.811658938967339e-05
9.824999999999999e-01 1.812077086168158e-05
9.830000000000000e-01 1.812495768732396e-05
9.834999999999999e-01 1.812914922273929e-05
9.840000000000000e-01 1.813334552676005e-05
9.844999999999999e-01 1.813754820877897e-05
9.850000000000000e-01 1.814175431133067e-05
9.854999999999999e-01 1.814596538310469e-05
9.860000000000000e-01 1.815018139668454e-05
9.864999999999999e-01 1.815440262693656e-05
9.870000000000000e-01 1.815862906178460e-05
9.874999999999999e-01 1.816286079292909e-05
9.880000000000000e-01 1.816709748546924e-05
9.884999999999999e-01 1.817134010559654e-05
9.890000000000000e-01 1.817558856754198e-05
9.894999999999999e-01 1.817984260445356e-05
9.900000000000000e-01 1.818410257580447e-05
9.904999999999999e-01 1.818836866172935e-05
9.910000000000000e-01 1.819264112882349e-05
9.914999999999999e-01 1.819692039537621e-05
9.920000000000000e-01 1.820120623208381e-05
9.924999999999999e-01 1.820549927264081e-05
9.930000000000000e-01 1.820979965768620e-05
9.934999999999999e-01 1.821340083162626e-05
9.940000000000000e-01 1.821779867093156e-05
9.944999999999999e-01 1.822220418337661e-05
9.950000000000000e-01 1.822662041621183e-05
9.954999999999999e-01 1.823104943651825e-05
9.960000000000000e-01 1.823549308619471e-05
9.964999999999999e-01 1.823995520950507e-05
9.970000000000000e-01 1.824444329831789e-05
9.974999999999999e-01 1.824896266484277e-05
9.980000000000000e-01 1.825355325517725e-05
9.984999999999999e-01 1.825777085536504e-05
9.990000000000000e-01 1.826234626798980e-05
9.994999999999999e-01 1.826660074055689e-05
