-1.000000000000000e+00 4.283995091057766e-08
-9.805000000000000e-01 4.297333287394928e-08
-9.610000000000000e-01 4.310755340038934e-08
-9.415000000000000e-01 4.324262048011630e-08
-9.219999999999999e-01 4.337854220574931e-08
-9.025000000000000e-01 4.351532677395839e-08
-8.830000000000000e-01 4.365298248714713e-08
-8.634999999999999e-01 4.379151775516789e-08
-8.440000000000000e-01 4.393094109707096e-08
-8.245000000000000e-01 4.407126114288836e-08
-8.050000000000000e-01 4.421248663545250e-08
-7.855000000000000e-01 4.435462643225156e-08
-7.660000000000000e-01 4.449768950732144e-08
-7.464999999999997e-01 4.464168495317585e-08
-7.270000000000000e-01 4.478662198277510e-08
-7.075000000000001e-01 4.493250993153478e-08
-6.879999999999998e-01 4.507935825937489e-08
-6.685000000000001e-01 4.522717655281100e-08
-6.490000000000000e-01 4.537597452708778e-08
-6.295000000000002e-01 4.552576202835662e-08
-6.100000000000001e-01 4.567654903589787e-08
-5.904999999999999e-01 4.582834566438924e-08
-5.709999999999998e-01 4.598116216622107e-08
-5.515000000000001e-01 4.613500893386012e-08
-5.320000000000001e-01 4.628989650226279e-08
-5.125000000000001e-01 4.644583555133896e-08
-4.930000000000001e-01 4.660283690846817e-08
-4.735000000000001e-01 4.676091155106889e-08
-4.540000000000000e-01 4.692007060922269e-08
-4.345000000000002e-01 4.708032536835463e-08
-4.150000000000000e-01 4.724168727197117e-08
-3.955000000000000e-01 4.740416792445720e-08
-3.759999999999999e-01 4.756777909393378e-08
-3.564999999999999e-01 4.773253271517832e-08
-3.370000000000000e-01 4.789844089260831e-08
-3.174999999999999e-01 4.806551590333119e-08
-2.979999999999999e-01 4.823377020026111e-08
-2.785000000000000e-01 4.840321641530531e-08
-2.589999999999999e-01 4.857386736262131e-08
-2.394999999999999e-01 4.874573604194722e-08
-2.199999999999999e-01 4.891883564200724e-08
-2.004999999999999e-01 4.909317954399388e-08
-1.809999999999999e-01 4.926878132512968e-08
-1.615000000000001e-01 4.944565476231038e-08
-1.420000000000001e-01 4.962381383583160e-08
-1.225000000000000e-01 4.980327273320184e-08
-1.029999999999999e-01 4.998404585304364e-08
-8.349999999999999e-02 5.016614780908624e-08
-6.400000000000007e-02 5.034959343425151e-08
-4.449999999999989e-02 5.053439778483628e-08
-2.500000000000004e-02 5.072057614479397e-08
-5.499999999999857e-03 5.090814403011815e-08
1.400000000000017e-02 5.109711719333111e-08
3.349999999999984e-02 5.128751162808054e-08
5.299999999999994e-02 5.147934357384748e-08
7.250000000000016e-02 5.167262952076928e-08
9.200000000000018e-02 5.186738621458019e-08
1.114999999999999e-01 5.206363066167391e-08
1.310000000000002e-01 5.226138013429154e-08
1.505000000000001e-01 5.246065217583859e-08
1.700000000000000e-01 5.266146460633537e-08
1.895000000000001e-01 5.286383552800451e-08
2.090000000000000e-01 5.306778333100041e-08
2.285000000000000e-01 5.327332669928432e-08
2.480000000000000e-01 5.348048461665050e-08
2.675000000000001e-01 5.368927637290763e-08
2.869999999999999e-01 5.389972157022068e-08
3.065000000000000e-01 5.411184012961841e-08
3.260000000000000e-01 5.432565229767180e-08
3.454999999999999e-01 5.454117865334907e-08
3.650000000000002e-01 5.475844011505288e-08
3.844999999999998e-01 5.497745794784617e-08
4.040000000000002e-01 5.519825377087220e-08
4.234999999999999e-01 5.542084956497603e-08
4.429999999999998e-01 5.564526768053379e-08
4.625000000000000e-01 5.587153084549672e-08
4.819999999999999e-01 5.609966217365778e-08
5.014999999999999e-01 5.632968517314769e-08
5.209999999999999e-01 5.656162375516931e-08
5.404999999999998e-01 5.679550224297759e-08
5.600000000000001e-01 5.703134538111469e-08
5.794999999999999e-01 5.726696374102086e-08
5.990000000000000e-01 5.750678952880376e-08
6.185000000000000e-01 5.774865885089366e-08
6.379999999999999e-01 5.799259837152118e-08
6.575000000000000e-01 5.823863523089760e-08
6.769999999999998e-01 5.848679705619365e-08
6.965000000000001e-01 5.873711197283468e-08
7.160000000000000e-01 5.898960861612393e-08
7.354999999999998e-01 5.924431614320525e-08
7.549999999999999e-01 5.950126424537761e-08
7.745000000000000e-01 5.976048316077393e-08
7.940000000000000e-01 6.002200368741736e-08
8.134999999999999e-01 6.028585719666919e-08
8.329999999999997e-01 6.055207564708246e-08
8.525000000000000e-01 6.082069159867609e-08
8.719999999999999e-01 6.109173822764604e-08
8.915000000000000e-01 6.136524934152912e-08
9.110000000000000e-01 6.164125939483708e-08
9.304999999999999e-01 6.191980350517867e-08
9.500000000000000e-01 6.220091746988886e-08
9.504999999999999e-01 6.220815963439358e-08
9.510000000000000e-01 6.221540351305618e-08
9.514999999999999e-01 6.222264910649826e-08
9.520000000000000e-01 6.222989641534180e-08
9.524999999999999e-01 6.223714544020900e-08
9.530000000000000e-01 6.224439618172243e-08
9.534999999999999e-01 6.225164864050499e-08
9.540000000000000e-01 6.225890281717987e-08
9.544999999999999e-01 6.226615871237050e-08
9.550000000000000e-01 6.227341632670069e-08
9.554999999999999e-01 6.228067566079461e-08
9.560000000000000e-01 6.228793671527662e-08
9.564999999999999e-01 6.229519949077148e-08
9.570000000000000e-01 6.230246398790422e-08
9.574999999999999e-01 6.230973020730020e-08
9.580000000000000e-01 6.231699814958513e-08
9.584999999999999e-01 6.232426781538492e-08
9.590000000000000e-01 6.233153920532583e-08
9.594999999999999e-01 6.233881232003458e-08
9.600000000000000e-01 6.234608716013799e-08
9.604999999999999e-01 6.235336372626336e-08
9.610000000000000e-01 6.236064201903817e-08
9.614999999999999e-01 6.236792203909029e-08
9.620000000000000e-01 6.237520378704792e-08
9.624999999999999e-01 6.238248726353948e-08
9.630000000000000e-01 6.238977246919381e-08
9.634999999999999e-01 6.239705940464002e-08
9.640000000000000e-01 6.240434807050750e-08
9.644999999999999e-01 6.241163846742601e-08
9.650000000000000e-01 6.241893059602561e-08
9.654999999999999e-01 6.242622445693662e-08
9.660000000000000e-01 6.243352005078974e-08
9.664999999999999e-01 6.244081737821602e-08
9.670000000000000e-01 6.244811643984669e-08
9.674999999999999e-01 6.245541723631342e-08
9.680000000000000e-01 6.246271976824817e-08
9.684999999999999e-01 6.247002403628314e-08
9.690000000000000e-01 6.247733004105094e-08
9.694999999999999e-01 6.248463778318445e-08
9.700000000000000e-01 6.249194726331691e-08
9.704999999999999e-01 6.249925848208182e-08
9.710000000000000e-01 6.250657144011297e-08
9.714999999999999e-01 6.251388613804462e-08
9.720000000000000e-01 6.252120257651116e-08
9.724999999999999e-01 6.252852075614743e-08
9.730000000000000e-01 6.253584067758852e-08
9.734999999999999e-01 6.254316234146986e-08
9.740000000000000e-01 6.255048574842718e-08
9.744999999999999e-01 6.255781089909658e-08
9.750000000000000e-01 6.256513779411442e-08
9.754999999999999e-01 6.257246643411740e-08
9.760000000000000e-01 6.257979681974257e-08
9.764999999999999e-01 6.258712895162723e-08
9.770000000000000e-01 6.259446283040907e-08
9.774999999999999e-01 6.260179845672606e-08
9.780000000000000e-01 6.260913583121653e-08
9.784999999999999e-01 6.261647495451903e-08
9.790000000000000e-01 6.262381582727255e-08
9.794999999999999e-01 6.263115845011637e-08
9.800000000000000e-01 6.263850282369001e-08
9.804999999999999e-01 6.264584894863339e-08
9.810000000000000e-01 6.265319682558677e-08
9.814999999999999e-01 6.266054645519065e-08
9.820000000000000e-01 6.266789783808594e-08
9.824999999999999e-01 6.267525097491379e-08
9.830000000000000e-01 6.268260586631572e-08
9.834999999999999e-01 6.268996251293356e-08
9.840000000000000e-01 6.269732091540950e-08
9.844999999999999e-01 6.270468107438593e-08
9.850000000000000e-01 6.271204299050575e-08
9.854999999999999e-01 6.271940666441202e-08
9.860000000000000e-01 6.272677209674818e-08
9.864999999999999e-01 6.273413928815804e-08
9.870000000000000e-01 6.274150823928568e-08
9.874999999999999e-01 6.274887895077550e-08
9.880000000000000e-01 6.275625142327224e-08
9.884999999999999e-01 6.276362565742098e-08
9.890000000000000e-01 6.277100165386711e-08
9.894999999999999e-01 6.277837941325633e-08
9.900000000000000e-01 6.278575893623469e-08
9.904999999999999e-01 6.279314022344857e-08
9.910000000000000e-01 6.280052327554459e-08
9.914999999999999e-01 6.280790809316984e-08
9.920000000000000e-01 6.281529467697162e-08
9.924999999999999e-01 6.282268302759762e-08
9.930000000000000e-01 6.283007314569584e-08
9.934999999999999e-01 6.283746503191455e-08
9.940000000000000e-01 6.284485868690243e-08
9.944999999999999e-01 6.285225411130846e-08
9.950000000000000e-01 6.285965130578192e-08
9.954999999999999e-01 6.286705027097246e-08
9.960000000000000e-01 6.287445100753001e-08
9.964999999999999e-01 6.288185351610487e-08
9.970000000000000e-01 6.288925779734762e-08
9.974999999999999e-01 6.289666385190920e-08
9.980000000000000e-01 6.290407168044093e-08
9.984999999999999e-01 6.291148128359434e-08
9.990000000000000e-01 6.291889266202139e-08
9.994999999999999e-01 6.292630581637432e-08
