-1.000000000000000e+00 2.874107553306454e+00
-9.805000000000000e-01 2.875053043672567e+00
-9.610000000000000e-01 2.875999789018393e+00
-9.415000000000000e-01 2.876947793274605e+00
-9.219999999999999e-01 2.877897062225063e+00
-9.025000000000000e-01 2.878847596190775e+00
-8.830000000000000e-01 2.879799399145365e+00
-8.634999999999999e-01 2.880752478795314e+00
-8.440000000000000e-01 2.881706837344824e+00
-8.245000000000000e-01 2.882662478860279e+00
-8.050000000000000e-01 2.883619407431360e+00
-7.855000000000000e-01 2.884577627171511e+00
-7.660000000000000e-01 2.885537142217388e+00
-7.464999999999997e-01 2.886497956730078e+00
-7.270000000000000e-01 2.887460074894689e+00
-7.075000000000001e-01 2.888423500920730e+00
-6.879999999999998e-01 2.889388239042318e+00
-6.685000000000001e-01 2.890354293518400e+00
-6.490000000000000e-01 2.891321668633022e+00
-6.295000000000002e-01 2.892290368695496e+00
-6.100000000000001e-01 2.893260398040745e+00
-5.904999999999999e-01 2.894231761029265e+00
-5.709999999999998e-01 2.895204462047753e+00
-5.515000000000001e-01 2.896178506804896e+00
-5.320000000000001e-01 2.897153895852670e+00
-5.125000000000001e-01 2.898130637544648e+00
-4.930000000000001e-01 2.899108735078114e+00
-4.735000000000001e-01 2.900088192973489e+00
-4.540000000000000e-01 2.901069015778688e+00
-4.345000000000002e-01 2.902051208069412e+00
-4.150000000000000e-01 2.903034774449420e+00
-3.955000000000000e-01 2.904019719550770e+00
-3.759999999999999e-01 2.905006048034138e+00
-3.564999999999999e-01 2.905993764589077e+00
-3.370000000000000e-01 2.906982873934283e+00
-3.174999999999999e-01 2.907973380817914e+00
-2.979999999999999e-01 2.908965290017856e+00
-2.785000000000000e-01 2.909958606342029e+00
-2.589999999999999e-01 2.910953335017737e+00
-2.394999999999999e-01 2.911949479746703e+00
-2.199999999999999e-01 2.912947046595916e+00
-2.004999999999999e-01 2.913946040107405e+00
-1.809999999999999e-01 2.914946465243823e+00
-1.615000000000001e-01 2.915948326999717e+00
-1.420000000000001e-01 2.916951630471691e+00
-1.225000000000000e-01 2.917956380509558e+00
-1.029999999999999e-01 2.918962582415030e+00
-8.349999999999999e-02 2.919970241253581e+00
-6.400000000000007e-02 2.920979362158338e+00
-4.449999999999989e-02 2.921989950340647e+00
-2.500000000000004e-02 2.923002011029074e+00
-5.499999999999857e-03 2.924015549481747e+00
1.400000000000017e-02 2.925030570995555e+00
3.349999999999984e-02 2.926047080902771e+00
5.299999999999994e-02 2.927065084571442e+00
7.250000000000016e-02 2.928084587405764e+00
9.200000000000018e-02 2.929105594846487e+00
1.114999999999999e-01 2.930128112371301e+00
1.310000000000002e-01 2.931152145495251e+00
1.505000000000001e-01 2.932177699771138e+00
1.700000000000000e-01 2.933204780789947e+00
1.895000000000001e-01 2.934233394181262e+00
2.090000000000000e-01 2.935263545613705e+00
2.285000000000000e-01 2.936295240795372e+00
2.480000000000000e-01 2.937328485474276e+00
2.675000000000001e-01 2.938363285438806e+00
2.869999999999999e-01 2.939399646518185e+00
3.065000000000000e-01 2.940437574582939e+00
3.260000000000000e-01 2.941477075545375e+00
3.454999999999999e-01 2.942518155360067e+00
3.650000000000002e-01 2.943560820024345e+00
3.844999999999998e-01 2.944605075578801e+00
4.040000000000002e-01 2.945650928107802e+00
4.234999999999999e-01 2.946698383740004e+00
4.429999999999998e-01 2.947747448648887e+00
4.625000000000000e-01 2.948798129053291e+00
4.819999999999999e-01 2.949850431217963e+00
5.014999999999999e-01 2.950904361454116e+00
5.209999999999999e-01 2.951959926120005e+00
5.404999999999998e-01 2.953017131621494e+00
5.600000000000001e-01 2.954075984412653e+00
5.794999999999999e-01 2.955136490996359e+00
5.990000000000000e-01 2.956198657924908e+00
6.185000000000000e-01 2.957262491800634e+00
6.379999999999999e-01 2.958327999276553e+00
6.575000000000000e-01 2.959395187057006e+00
6.769999999999998e-01 2.960464061898322e+00
6.965000000000001e-01 2.961534630609489e+00
7.160000000000000e-01 2.962606900052845e+00
7.354999999999998e-01 2.963680877144777e+00
7.549999999999999e-01 2.964756568856435e+00
7.745000000000000e-01 2.965833982214466e+00
7.940000000000000e-01 2.966913124301752e+00
8.134999999999999e-01 2.967994002258176e+00
8.329999999999997e-01 2.969076623281397e+00
8.525000000000000e-01 2.970160994627636e+00
8.719999999999999e-01 2.971247123612498e+00
8.915000000000000e-01 2.972335017611787e+00
9.110000000000000e-01 2.973424684062349e+00
9.304999999999999e-01 2.974516130462955e+00
9.500000000000000e-01 2.975609364375158e+00
9.504999999999999e-01 2.975637419585921e+00
9.510000000000000e-01 2.975665475977044e+00
9.514999999999999e-01 2.975693533548656e+00
9.520000000000000e-01 2.975721592300887e+00
9.524999999999999e-01 2.975749652233865e+00
9.530000000000000e-01 2.975777713347719e+00
9.534999999999999e-01 2.975805775642581e+00
9.540000000000000e-01 2.975833839118578e+00
9.544999999999999e-01 2.975861903775839e+00
9.550000000000000e-01 2.975889969614495e+00
9.554999999999999e-01 2.975918036634673e+00
9.560000000000000e-01 2.975946104836504e+00
9.564999999999999e-01 2.975974174220118e+00
9.570000000000000e-01 2.976002244785643e+00
9.574999999999999e-01 2.976030316533210e+00
9.580000000000000e-01 2.976058389462946e+00
9.584999999999999e-01 2.976086463574983e+00
9.590000000000000e-01 2.976114538869449e+00
9.594999999999999e-01 2.976142615346475e+00
9.600000000000000e-01 2.976170693006189e+00
9.604999999999999e-01 2.976198771848722e+00
9.610000000000000e-01 2.976226851874202e+00
9.614999999999999e-01 2.976254933082765e+00
9.620000000000000e-01 2.976283015474530e+00
9.624999999999999e-01 2.976311099049634e+00
9.630000000000000e-01 2.976339183808205e+00
9.634999999999999e-01 2.976367269750372e+00
9.640000000000000e-01 2.976395356876265e+00
9.644999999999999e-01 2.976423445186016e+00
9.650000000000000e-01 2.976451534679752e+00
9.654999999999999e-01 2.976479625357606e+00
9.660000000000000e-01 2.976507717219705e+00
9.664999999999999e-01 2.976535810266180e+00
9.670000000000000e-01 2.976563904497161e+00
9.674999999999999e-01 2.976591999912780e+00
9.680000000000000e-01 2.976620096513164e+00
9.684999999999999e-01 2.976648194298444e+00
9.690000000000000e-01 2.976676293268751e+00
9.694999999999999e-01 2.976704393424216e+00
9.700000000000000e-01 2.976732494764966e+00
9.704999999999999e-01 2.976760597291134e+00
9.710000000000000e-01 2.976788701002849e+00
9.714999999999999e-01 2.976816805900241e+00
9.720000000000000e-01 2.976844911983441e+00
9.724999999999999e-01 2.976873019252576e+00
9.730000000000000e-01 2.976901127707782e+00
9.734999999999999e-01 2.976929237349188e+00
9.740000000000000e-01 2.976957348176923e+00
9.744999999999999e-01 2.976985460191117e+00
9.750000000000000e-01 2.977013573391902e+00
9.754999999999999e-01 2.977041687779407e+00
9.760000000000000e-01 2.977069803353763e+00
9.764999999999999e-01 2.977097920115101e+00
9.770000000000000e-01 2.977126038063551e+00
9.774999999999999e-01 2.977154157199243e+00
9.780000000000000e-01 2.977182277522310e+00
9.784999999999999e-01 2.977210399032880e+00
9.790000000000000e-01 2.977238521731085e+00
9.794999999999999e-01 2.977266645617056e+00
9.800000000000000e-01 2.977294770690923e+00
9.804999999999999e-01 2.977322896952816e+00
9.810000000000000e-01 2.977351024402866e+00
9.814999999999999e-01 2.977379153041207e+00
9.820000000000000e-01 2.977407282867966e+00
9.824999999999999e-01 2.977435413883276e+00
9.830000000000000e-01 2.977463546087268e+00
9.834999999999999e-01 2.977491679480071e+00
9.840000000000000e-01 2.977519814061817e+00
9.844999999999999e-01 2.977547949832637e+00
9.850000000000000e-01 2.977576086792663e+00
9.854999999999999e-01 2.977604224942024e+00
9.860000000000000e-01 2.977632364280853e+00
9.864999999999999e-01 2.977660504809281e+00
9.870000000000000e-01 2.977688646527439e+00
9.874999999999999e-01 2.977716789435455e+00
9.880000000000000e-01 2.977744933533465e+00
9.884999999999999e-01 2.977773078821598e+00
9.890000000000000e-01 2.977801225299986e+00
9.894999999999999e-01 2.977829372968758e+00
9.900000000000000e-01 2.977857521828048e+00
9.904999999999999e-01 2.977885671877986e+00
9.910000000000000e-01 2.977913823118704e+00
9.914999999999999e-01 2.977941975550333e+00
9.920000000000000e-01 2.977970129173007e+00
9.924999999999999e-01 2.977998283986850e+00
9.930000000000000e-01 2.978026439992000e+00
9.934999999999999e-01 2.978054597188589e+00
9.940000000000000e-01 2.978082755576745e+00
9.944999999999999e-01 2.978110915156601e+00
9.950000000000000e-01 2.978139075928290e+00
9.954999999999999e-01 2.978167237891941e+00
9.960000000000000e-01 2.978195401047687e+00
9.964999999999999e-01 2.978223565395661e+00
9.970000000000000e-01 2.978251730935992e+00
9.974999999999999e-01 2.978279897668815e+00
9.980000000000000e-01 2.978308065594258e+00
9.984999999999999e-01 2.978336234712456e+00
9.990000000000000e-01 2.978364405023538e+00
9.994999999999999e-01 2.978392576527638e+00
