-1.000000000000000e+00 1.996015468942584e-03
-9.805000000000000e-01 2.001553390605228e-03
-9.610000000000000e-01 2.007141076969931e-03
-9.415000000000000e-01 2.012779213978590e-03
-9.219999999999999e-01 2.018468207446189e-03
-9.025000000000000e-01 2.024210333841823e-03
-8.830000000000000e-01 2.030004320422102e-03
-8.634999999999999e-01 2.035853071873626e-03
-8.440000000000000e-01 2.041756343544241e-03
-8.245000000000000e-01 2.047716083891241e-03
-8.050000000000000e-01 2.053732879199939e-03
-7.855000000000000e-01 2.059807210235168e-03
-7.660000000000000e-01 2.065941421090216e-03
-7.464999999999997e-01 2.072135670140404e-03
-7.270000000000000e-01 2.078391337734298e-03
-7.075000000000001e-01 2.084710439229190e-03
-6.879999999999998e-01 2.091092400306741e-03
-6.685000000000001e-01 2.097539918326400e-03
-6.490000000000000e-01 2.104053951857272e-03
-6.295000000000002e-01 2.110636307602920e-03
-6.100000000000001e-01 2.117287159600144e-03
-5.904999999999999e-01 2.124009345303277e-03
-5.709999999999998e-01 2.130803679295576e-03
-5.515000000000001e-01 2.137671643079411e-03
-5.320000000000001e-01 2.144614088996755e-03
-5.125000000000001e-01 2.151634293534984e-03
-4.930000000000001e-01 2.158733113411549e-03
-4.735000000000001e-01 2.165912167789849e-03
-4.540000000000000e-01 2.173173574082669e-03
-4.345000000000002e-01 2.180518030663603e-03
-4.150000000000000e-01 2.187949697067358e-03
-3.955000000000000e-01 2.195468985956660e-03
-3.759999999999999e-01 2.203078299070441e-03
-3.564999999999999e-01 2.210780282408873e-03
-3.370000000000000e-01 2.218575616715172e-03
-3.174999999999999e-01 2.226468904623990e-03
-2.979999999999999e-01 2.234460660205124e-03
-2.785000000000000e-01 2.242554689225362e-03
-2.589999999999999e-01 2.250752767782282e-03
-2.394999999999999e-01 2.259058302129747e-03
-2.199999999999999e-01 2.267473195150192e-03
-2.004999999999999e-01 2.276001134738589e-03
-1.809999999999999e-01 2.284645291428242e-03
-1.615000000000001e-01 2.293408739248108e-03
-1.420000000000001e-01 2.302293784273848e-03
-1.225000000000000e-01 2.311305242909422e-03
-1.029999999999999e-01 2.320447333449064e-03
-8.349999999999999e-02 2.329721213722718e-03
-6.400000000000007e-02 2.339133959415674e-03
-4.449999999999989e-02 2.348687836624081e-03
-2.500000000000004e-02 2.358387850917151e-03
-5.499999999999857e-03 2.368238459294341e-03
1.400000000000017e-02 2.378243871034111e-03
3.349999999999984e-02 2.388411208723686e-03
5.299999999999994e-02 2.398742991843343e-03
7.250000000000016e-02 2.409246776102715e-03
9.200000000000018e-02 2.419927732522152e-03
1.114999999999999e-01 2.430795414567551e-03
1.310000000000002e-01 2.441852033309311e-03
1.505000000000001e-01 2.453105926883590e-03
1.700000000000000e-01 2.464565155229600e-03
1.895000000000001e-01 2.476237218597462e-03
2.090000000000000e-01 2.488130926730308e-03
2.285000000000000e-01 2.500253686444902e-03
2.480000000000000e-01 2.512617955475376e-03
2.675000000000001e-01 2.525231986980769e-03
2.869999999999999e-01 2.538106350852693e-03
3.065000000000000e-01 2.551252997610817e-03
3.260000000000000e-01 2.564685025152095e-03
3.454999999999999e-01 2.578415228289802e-03
3.650000000000002e-01 2.592458713063407e-03
3.844999999999998e-01 2.606829705743254e-03
4.040000000000002e-01 2.621547121655055e-03
4.234999999999999e-01 2.636627913105153e-03
4.429999999999998e-01 2.652092524558653e-03
4.625000000000000e-01 2.667963347255374e-03
4.819999999999999e-01 2.684261281650180e-03
5.014999999999999e-01 2.701015641191788e-03
5.209999999999999e-01 2.718254229676343e-03
5.404999999999998e-01 2.736008632358386e-03
5.600000000000001e-01 2.754313628387156e-03
5.794999999999999e-01 2.773209452982871e-03
5.990000000000000e-01 2.792740954838752e-03
6.185000000000000e-01 2.812957226722678e-03
6.379999999999999e-01 2.833914110873101e-03
6.575000000000000e-01 2.855677740141916e-03
6.769999999999998e-01 2.878320009839645e-03
6.965000000000001e-01 2.901929097504301e-03
7.160000000000000e-01 2.926601482700837e-03
7.354999999999998e-01 2.952469877469539e-03
7.549999999999999e-01 2.979633435246348e-03
7.745000000000000e-01 3.008224083511540e-03
7.940000000000000e-01 3.038437731362031e-03
8.134999999999999e-01 3.070487667471426e-03
8.329999999999997e-01 3.104654053042563e-03
8.525000000000000e-01 3.141311901267750e-03
8.719999999999999e-01 3.181033124968343e-03
8.915000000000000e-01 3.224748703861959e-03
9.110000000000000e-01 3.274019558377308e-03
9.304999999999999e-01 3.331604615251216e-03
9.500000000000000e-01 3.402842176587752e-03
9.504999999999999e-01 3.404935826531212e-03
9.510000000000000e-01 3.407039554306476e-03
9.514999999999999e-01 3.409161863537078e-03
9.520000000000000e-01 3.411297191536858e-03
9.524999999999999e-01 3.413458975671259e-03
9.530000000000000e-01 3.415633126072096e-03
9.534999999999999e-01 3.417825624380697e-03
9.540000000000000e-01 3.420036363439759e-03
9.544999999999999e-01 3.422266191587686e-03
9.550000000000000e-01 3.424512607250025e-03
9.554999999999999e-01 3.426783204490475e-03
9.560000000000000e-01 3.429069007599859e-03
9.564999999999999e-01 3.431377807263764e-03
9.570000000000000e-01 3.433710245673501e-03
9.574999999999999e-01 3.436062031123458e-03
9.580000000000000e-01 3.438434105386415e-03
9.584999999999999e-01 3.440828809111023e-03
9.590000000000000e-01 3.443247251970746e-03
9.594999999999999e-01 3.445686445712090e-03
9.600000000000000e-01 3.448155161280567e-03
9.604999999999999e-01 3.450643223281543e-03
9.610000000000000e-01 3.453158226510739e-03
9.614999999999999e-01 3.455698083253046e-03
9.620000000000000e-01 3.458263878365019e-03
9.624999999999999e-01 3.460858449976805e-03
9.630000000000000e-01 3.463478610683939e-03
9.634999999999999e-01 3.466128163162271e-03
9.640000000000000e-01 3.468808700012680e-03
9.644999999999999e-01 3.471516268285343e-03
9.650000000000000e-01 3.474254543990479e-03
9.654999999999999e-01 3.477023970520788e-03
9.660000000000000e-01 3.479825758586087e-03
9.664999999999999e-01 3.482660282634933e-03
9.670000000000000e-01 3.485530077655630e-03
9.674999999999999e-01 3.488433813718556e-03
9.680000000000000e-01 3.491373460015294e-03
9.684999999999999e-01 3.494350139427875e-03
9.690000000000000e-01 3.497365131444352e-03
9.694999999999999e-01 3.500420401985172e-03
9.700000000000000e-01 3.503515295459951e-03
9.704999999999999e-01 3.506652594346095e-03
9.710000000000000e-01 3.509832797824502e-03
9.714999999999999e-01 3.513057640429004e-03
9.720000000000000e-01 3.516325083774570e-03
9.724999999999999e-01 3.519647846195152e-03
9.730000000000000e-01 3.523015596901425e-03
9.734999999999999e-01 3.526434374629263e-03
9.740000000000000e-01 3.529906300298692e-03
9.744999999999999e-01 3.533432771252834e-03
9.750000000000000e-01 3.537017369805094e-03
9.754999999999999e-01 3.540660237667190e-03
9.760000000000000e-01 3.544364742142163e-03
9.764999999999999e-01 3.548134073616039e-03
9.770000000000000e-01 3.551969190112471e-03
9.774999999999999e-01 3.555875704614311e-03
9.780000000000000e-01 3.559852053462272e-03
9.784999999999999e-01 3.563907669158423e-03
9.790000000000000e-01 3.568040369030630e-03
9.794999999999999e-01 3.572252489138740e-03
9.800000000000000e-01 3.576555145342507e-03
9.804999999999999e-01 3.580948552246559e-03
9.810000000000000e-01 3.585437384372932e-03
9.814999999999999e-01 3.590027803741943e-03
9.820000000000000e-01 3.594723524929962e-03
9.824999999999999e-01 3.599531664910390e-03
9.830000000000000e-01 3.604458651207537e-03
9.834999999999999e-01 3.609511016948232e-03
9.840000000000000e-01 3.614696699903177e-03
9.844999999999999e-01 3.620023867352624e-03
9.850000000000000e-01 3.625501886929352e-03
9.854999999999999e-01 3.631141647120552e-03
9.860000000000000e-01 3.636952985355896e-03
9.864999999999999e-01 3.642949601664645e-03
9.870000000000000e-01 3.649146372902279e-03
9.874999999999999e-01 3.655557655330486e-03
9.880000000000000e-01 3.662201223648369e-03
9.884999999999999e-01 3.669098410651622e-03
9.890000000000000e-01 3.676271472338169e-03
9.894999999999999e-01 3.683747982565027e-03
9.900000000000000e-01 3.691556911512238e-03
9.904999999999999e-01 3.699734364706860e-03
9.910000000000000e-01 3.708320710971694e-03
9.914999999999999e-01 3.717366082592562e-03
9.920000000000000e-01 3.726929414438506e-03
9.924999999999999e-01 3.737079574873054e-03
9.930000000000000e-01 3.747902788566275e-03
9.934999999999999e-01 3.759505819347638e-03
9.940000000000000e-01 3.772021886801275e-03
9.944999999999999e-01 3.785623542417496e-03
9.950000000000000e-01 3.800532464076266e-03
9.954999999999999e-01 3.817051523957006e-03
9.960000000000000e-01 3.835599170242460e-03
9.964999999999999e-01 3.856777027663455e-03
9.970000000000000e-01 3.881496477378360e-03
9.974999999999999e-01 3.911230837830335e-03
9.980000000000000e-01 3.948573134634025e-03
9.984999999999999e-01 3.998727809270987e-03
9.990000000000000e-01 4.074546007031465e-03
9.994999999999999e-01 4.224188478632015e-03
