-1.000000000000000e+00 6.200713315033018e-03
-9.805000000000000e-01 6.227829107126187e-03
-9.610000000000000e-01 6.255309677450663e-03
-9.415000000000000e-01 6.283162988378144e-03
-9.219999999999999e-01 6.311397892447816e-03
-9.025000000000000e-01 6.340023791648388e-03
-8.830000000000000e-01 6.369048788032096e-03
-8.634999999999999e-01 6.398483724307450e-03
-8.440000000000000e-01 6.428338595532089e-03
-8.245000000000000e-01 6.458623595645408e-03
-8.050000000000000e-01 6.489349585524058e-03
-7.855000000000000e-01 6.520528050294368e-03
-7.660000000000000e-01 6.552169962747872e-03
-7.464999999999997e-01 6.584287510254173e-03
-7.270000000000000e-01 6.616893278903725e-03
-7.075000000000001e-01 6.650000483209498e-03
-6.879999999999998e-01 6.683622020073258e-03
-6.685000000000001e-01 6.717772138564508e-03
-6.490000000000000e-01 6.752465374082930e-03
-6.295000000000002e-01 6.787716625810633e-03
-6.100000000000001e-01 6.823541801156976e-03
-5.904999999999999e-01 6.859957640652825e-03
-5.709999999999998e-01 6.896980093816753e-03
-5.515000000000001e-01 6.934627525439263e-03
-5.320000000000001e-01 6.972918152039436e-03
-5.125000000000001e-01 7.011871590598200e-03
-4.930000000000001e-01 7.051507260484047e-03
-4.735000000000001e-01 7.091846947643920e-03
-4.540000000000000e-01 7.132912042057018e-03
-4.345000000000002e-01 7.174725646595724e-03
-4.150000000000000e-01 7.217311554168026e-03
-3.955000000000000e-01 7.260694846595503e-03
-3.759999999999999e-01 7.304901721318409e-03
-3.564999999999999e-01 7.349960642550775e-03
-3.370000000000000e-01 7.395897973013393e-03
-3.174999999999999e-01 7.442746363790788e-03
-2.979999999999999e-01 7.490536627898443e-03
-2.785000000000000e-01 7.539301894526303e-03
-2.589999999999999e-01 7.589077394148562e-03
-2.394999999999999e-01 7.639899953107191e-03
-2.199999999999999e-01 7.691808758145163e-03
-2.004999999999999e-01 7.744844506706077e-03
-1.809999999999999e-01 7.799051291696135e-03
-1.615000000000001e-01 7.854472029307554e-03
-1.420000000000001e-01 7.911159851799883e-03
-1.225000000000000e-01 7.969158256558900e-03
-1.029999999999999e-01 8.028527828268968e-03
-8.349999999999999e-02 8.089323522548035e-03
-6.400000000000007e-02 8.151605954620517e-03
-4.449999999999989e-02 8.215439816329559e-03
-2.500000000000004e-02 8.280893379264090e-03
-5.499999999999857e-03 8.348039665675933e-03
1.400000000000017e-02 8.416957186381094e-03
3.349999999999984e-02 8.487727531967278e-03
5.299999999999994e-02 8.560441171631964e-03
7.250000000000016e-02 8.635190861979796e-03
9.200000000000018e-02 8.712078986765629e-03
1.114999999999999e-01 8.791214964923995e-03
1.310000000000002e-01 8.872715863215997e-03
1.505000000000001e-01 8.956707868773995e-03
1.700000000000000e-01 9.043327158470452e-03
1.895000000000001e-01 9.132720431730277e-03
2.090000000000000e-01 9.225046776988322e-03
2.285000000000000e-01 9.320478591629169e-03
2.480000000000000e-01 9.419203076275768e-03
2.675000000000001e-01 9.521424191590702e-03
2.869999999999999e-01 9.627364259386748e-03
3.065000000000000e-01 9.737266724245438e-03
3.260000000000000e-01 9.851398151844812e-03
3.454999999999999e-01 9.970051802120239e-03
3.650000000000002e-01 1.009355098149784e-02
3.844999999999998e-01 1.022225296542853e-02
4.040000000000002e-01 1.035655422217142e-02
4.234999999999999e-01 1.049689570276616e-02
4.429999999999998e-01 1.064377000005522e-02
4.625000000000000e-01 1.079772914311321e-02
4.819999999999999e-01 1.095939471793291e-02
5.014999999999999e-01 1.112946925019247e-02
5.209999999999999e-01 1.130874936274478e-02
5.404999999999998e-01 1.149814873237524e-02
5.600000000000001e-01 1.169871319354434e-02
5.794999999999999e-01 1.191164776875785e-02
5.990000000000000e-01 1.213835648308033e-02
6.185000000000000e-01 1.238048277122846e-02
6.379999999999999e-01 1.263996470293921e-02
6.575000000000000e-01 1.291910882903645e-02
6.769999999999998e-01 1.322068644871830e-02
6.965000000000001e-01 1.354806274876548e-02
7.160000000000000e-01 1.390537313968212e-02
7.354999999999998e-01 1.429776995758713e-02
7.549999999999999e-01 1.473177423077475e-02
7.745000000000000e-01 1.521578157473791e-02
7.940000000000000e-01 1.576083520804682e-02
8.134999999999999e-01 1.638181600671601e-02
8.329999999999997e-01 1.709937229265358e-02
8.525000000000000e-01 1.794319414547393e-02
8.719999999999999e-01 1.895790997933706e-02
8.915000000000000e-01 2.021452236947811e-02
9.110000000000000e-01 2.183488309507126e-02
9.304999999999999e-01 2.405146625863934e-02
9.500000000000000e-01 2.738508525241520e-02
9.504999999999999e-01 2.749441695021568e-02
9.510000000000000e-01 2.760534291524943e-02
9.514999999999999e-01 2.771790431575643e-02
9.520000000000000e-01 2.783214210342387e-02
9.524999999999999e-01 2.794809985596373e-02
9.530000000000000e-01 2.806582284210558e-02
9.534999999999999e-01 2.818535661148380e-02
9.540000000000000e-01 2.830675050256437e-02
9.544999999999999e-01 2.843005433990443e-02
9.550000000000000e-01 2.855532022122481e-02
9.554999999999999e-01 2.868260226750859e-02
9.560000000000000e-01 2.881195678770345e-02
9.564999999999999e-01 2.894344215883416e-02
9.570000000000000e-01 2.907711942317787e-02
9.574999999999999e-01 2.921305175163965e-02
9.580000000000000e-01 2.935130512240154e-02
9.584999999999999e-01 2.949194823021397e-02
9.590000000000000e-01 2.963505270927438e-02
9.594999999999999e-01 2.978069317420659e-02
9.600000000000000e-01 2.992894746901855e-02
9.604999999999999e-01 3.007989723263619e-02
9.610000000000000e-01 3.023362699217270e-02
9.614999999999999e-01 3.039022562084636e-02
9.620000000000000e-01 3.054978588013661e-02
9.624999999999999e-01 3.071240507449277e-02
9.630000000000000e-01 3.087818451769780e-02
9.634999999999999e-01 3.104723087305784e-02
9.640000000000000e-01 3.121965556851005e-02
9.644999999999999e-01 3.139557573855710e-02
9.650000000000000e-01 3.157511358780550e-02
9.654999999999999e-01 3.175839959601941e-02
9.660000000000000e-01 3.194556809060228e-02
9.664999999999999e-01 3.213676182310013e-02
9.670000000000000e-01 3.233213096702394e-02
9.674999999999999e-01 3.253183288086639e-02
9.680000000000000e-01 3.273603620753055e-02
9.684999999999999e-01 3.294491472797824e-02
9.690000000000000e-01 3.315865467636129e-02
9.694999999999999e-01 3.337745226816350e-02
9.700000000000000e-01 3.360151489748672e-02
9.704999999999999e-01 3.383106209985660e-02
9.710000000000000e-01 3.406632750429322e-02
9.714999999999999e-01 3.430755718283800e-02
9.720000000000000e-01 3.455501357562750e-02
9.724999999999999e-01 3.480897561942042e-02
9.730000000000000e-01 3.506973991632224e-02
9.734999999999999e-01 3.533762264770410e-02
9.740000000000000e-01 3.561296081762927e-02
9.744999999999999e-01 3.589611449597786e-02
9.750000000000000e-01 3.618746873813643e-02
9.754999999999999e-01 3.648743580441564e-02
9.760000000000000e-01 3.679645771247123e-02
9.764999999999999e-01 3.711500909469951e-02
9.770000000000000e-01 3.744360030386398e-02
9.774999999999999e-01 3.778278099630570e-02
9.780000000000000e-01 3.813314422681859e-02
9.784999999999999e-01 3.849533070501467e-02
9.790000000000000e-01 3.887003406772246e-02
9.794999999999999e-01 3.925800650401143e-02
9.800000000000000e-01 3.966006548302303e-02
9.804999999999999e-01 4.007710087136853e-02
9.810000000000000e-01 4.051008414814564e-02
9.814999999999999e-01 4.096007704798347e-02
9.820000000000000e-01 4.142824391813395e-02
9.824999999999999e-01 4.191586417861905e-02
9.830000000000000e-01 4.242434755570879e-02
9.834999999999999e-01 4.295525010804858e-02
9.840000000000000e-01 4.351030316657006e-02
9.844999999999999e-01 4.409142020103816e-02
9.850000000000000e-01 4.470074331290371e-02
9.854999999999999e-01 4.534066834082848e-02
9.860000000000000e-01 4.601388498267234e-02
9.864999999999999e-01 4.672343451377726e-02
9.870000000000000e-01 4.747275221069377e-02
9.874999999999999e-01 4.826575553562493e-02
9.880000000000000e-01 4.910692398382435e-02
9.884999999999999e-01 5.000141059595874e-02
9.890000000000000e-01 5.095517607760627e-02
9.894999999999999e-01 5.197516156703070e-02
9.900000000000000e-01 5.306950584474344e-02
9.904999999999999e-01 5.424782398382866e-02
9.910000000000000e-01 5.552157255289543e-02
9.914999999999999e-01 5.690453468357512e-02
9.920000000000000e-01 5.841344512801887e-02
9.924999999999999e-01 6.006888621872014e-02
9.930000000000000e-01 6.189648746083153e-02
9.934999999999999e-01 6.392864367641847e-02
9.940000000000000e-01 6.620700077950784e-02
9.944999999999999e-01 6.970287950462108e-02
9.950000000000000e-01 7.236299418320993e-02
9.954999999999999e-01 7.559056960655677e-02
9.960000000000000e-01 7.947253692617899e-02
9.964999999999999e-01 8.419900468463978e-02
9.970000000000000e-01 9.010092918128410e-02
9.974999999999999e-01 9.773279766993830e-02
9.980000000000000e-01 1.081012195158944e-01
9.984999999999999e-01 1.233289339147868e-01
9.990000000000000e-01 1.489174990684874e-01
9.994999999999999e-01 2.067511952121123e-01
