-1.000000000000000e+00 8.287780690925914e+00
-9.805000000000000e-01 8.288458010731683e+00
-9.610000000000000e-01 8.289135471943968e+00
-9.415000000000000e-01 8.289813074621186e+00
-9.219999999999999e-01 8.290490818821795e+00
-9.025000000000000e-01 8.291168704604283e+00
-8.830000000000000e-01 8.291846732027194e+00
-8.634999999999999e-01 8.292524901149104e+00
-8.440000000000000e-01 8.293203212028640e+00
-8.245000000000000e-01 8.293881664724465e+00
-8.050000000000000e-01 8.294560259295288e+00
-7.855000000000000e-01 8.295238995799860e+00
-7.660000000000000e-01 8.295917874296970e+00
-7.464999999999997e-01 8.296596894845457e+00
-7.270000000000000e-01 8.297276057504195e+00
-7.075000000000001e-01 8.297955362332107e+00
-6.879999999999998e-01 8.298634809388155e+00
-6.685000000000001e-01 8.299314398731338e+00
-6.490000000000000e-01 8.299994130420712e+00
-6.295000000000002e-01 8.300674004515367e+00
-6.100000000000001e-01 8.301354021074427e+00
-5.904999999999999e-01 8.302034180157078e+00
-5.709999999999998e-01 8.302714481822539e+00
-5.515000000000001e-01 8.303394926130071e+00
-5.320000000000001e-01 8.304075513138976e+00
-5.125000000000001e-01 8.304756242908605e+00
-4.930000000000001e-01 8.305437115498348e+00
-4.735000000000001e-01 8.306118130967640e+00
-4.540000000000000e-01 8.306799289375961e+00
-4.345000000000002e-01 8.307480590782831e+00
-4.150000000000000e-01 8.308162035247808e+00
-3.955000000000000e-01 8.308843622830508e+00
-3.759999999999999e-01 8.309525353590580e+00
-3.564999999999999e-01 8.310207227587719e+00
-3.370000000000000e-01 8.310889244881663e+00
-3.174999999999999e-01 8.311571405532188e+00
-2.979999999999999e-01 8.312253709599126e+00
-2.785000000000000e-01 8.312936157142344e+00
-2.589999999999999e-01 8.313618748221751e+00
-2.394999999999999e-01 8.314301482897305e+00
-2.199999999999999e-01 8.314984361229014e+00
-2.004999999999999e-01 8.315667383276908e+00
-1.809999999999999e-01 8.316350549101086e+00
-1.615000000000001e-01 8.317033858761674e+00
-1.420000000000001e-01 8.317717312318853e+00
-1.225000000000000e-01 8.318400909832841e+00
-1.029999999999999e-01 8.319084651363896e+00
-8.349999999999999e-02 8.319768536972331e+00
-6.400000000000007e-02 8.320452566718499e+00
-4.449999999999989e-02 8.321136740662800e+00
-2.500000000000004e-02 8.321821058865666e+00
-5.499999999999857e-03 8.322505521387589e+00
1.400000000000017e-02 8.323190128289095e+00
3.349999999999984e-02 8.323874879630765e+00
5.299999999999994e-02 8.324559775473208e+00
7.250000000000016e-02 8.325244815877092e+00
9.200000000000018e-02 8.325930000903126e+00
1.114999999999999e-01 8.326615330612061e+00
1.310000000000002e-01 8.327300805064699e+00
1.505000000000001e-01 8.327986424321876e+00
1.700000000000000e-01 8.328672188444481e+00
1.895000000000001e-01 8.329358097493445e+00
2.090000000000000e-01 8.330044151529746e+00
2.285000000000000e-01 8.330730350614408e+00
2.480000000000000e-01 8.331416694808492e+00
2.675000000000001e-01 8.332103184173118e+00
2.869999999999999e-01 8.332789818769434e+00
3.065000000000000e-01 8.333476598658647e+00
3.260000000000000e-01 8.334163523902005e+00
3.454999999999999e-01 8.334850594560802e+00
3.650000000000002e-01 8.335537810696373e+00
3.844999999999998e-01 8.336225172370103e+00
4.040000000000002e-01 8.336912679643421e+00
4.234999999999999e-01 8.337600332577804e+00
4.429999999999998e-01 8.338288131234764e+00
4.625000000000000e-01 8.338976075675877e+00
4.819999999999999e-01 8.339664165962748e+00
5.014999999999999e-01 8.340352402157039e+00
5.209999999999999e-01 8.341040784320448e+00
5.404999999999998e-01 8.341729312514731e+00
5.600000000000001e-01 8.342417986801674e+00
5.794999999999999e-01 8.343106807243121e+00
5.990000000000000e-01 8.343795773900966e+00
6.185000000000000e-01 8.344484886837130e+00
6.379999999999999e-01 8.345174146113596e+00
6.575000000000000e-01 8.345863551792394e+00
6.769999999999998e-01 8.346553103935596e+00
6.965000000000001e-01 8.347242802605306e+00
7.160000000000000e-01 8.347932647863701e+00
7.354999999999998e-01 8.348622639772989e+00
7.549999999999999e-01 8.349312778395426e+00
7.745000000000000e-01 8.350003063793315e+00
7.940000000000000e-01 8.350693496029006e+00
8.134999999999999e-01 8.351384075164892e+00
8.329999999999997e-01 8.352074801263422e+00
8.525000000000000e-01 8.352765674387083e+00
8.719999999999999e-01 8.353456694598410e+00
8.915000000000000e-01 8.354147861959992e+00
9.110000000000000e-01 8.354839176534453e+00
9.304999999999999e-01 8.355530638384471e+00
9.500000000000000e-01 8.356222247572775e+00
9.504999999999999e-01 8.356239983079650e+00
9.510000000000000e-01 8.356257718683439e+00
9.514999999999999e-01 8.356275454384138e+00
9.520000000000000e-01 8.356293190181752e+00
9.524999999999999e-01 8.356310926076281e+00
9.530000000000000e-01 8.356328662067725e+00
9.534999999999999e-01 8.356346398156084e+00
9.540000000000000e-01 8.356364134341362e+00
9.544999999999999e-01 8.356381870623563e+00
9.550000000000000e-01 8.356399607002681e+00
9.554999999999999e-01 8.356417343478718e+00
9.560000000000000e-01 8.356435080051682e+00
9.564999999999999e-01 8.356452816721568e+00
9.570000000000000e-01 8.356470553488379e+00
9.574999999999999e-01 8.356488290352109e+00
9.580000000000000e-01 8.356506027312772e+00
9.584999999999999e-01 8.356523764370360e+00
9.590000000000000e-01 8.356541501524875e+00
9.594999999999999e-01 8.356559238776324e+00
9.600000000000000e-01 8.356576976124703e+00
9.604999999999999e-01 8.356594713570013e+00
9.610000000000000e-01 8.356612451112257e+00
9.614999999999999e-01 8.356630188751431e+00
9.620000000000000e-01 8.356647926487543e+00
9.624999999999999e-01 8.356665664320595e+00
9.630000000000000e-01 8.356683402250576e+00
9.634999999999999e-01 8.356701140277501e+00
9.640000000000000e-01 8.356718878401360e+00
9.644999999999999e-01 8.356736616622165e+00
9.650000000000000e-01 8.356754354939907e+00
9.654999999999999e-01 8.356772093354595e+00
9.660000000000000e-01 8.356789831866223e+00
9.664999999999999e-01 8.356807570474798e+00
9.670000000000000e-01 8.356825309180318e+00
9.674999999999999e-01 8.356843047982782e+00
9.680000000000000e-01 8.356860786882198e+00
9.684999999999999e-01 8.356878525878559e+00
9.690000000000000e-01 8.356896264971871e+00
9.694999999999999e-01 8.356914004162137e+00
9.700000000000000e-01 8.356931743449348e+00
9.704999999999999e-01 8.356949482833516e+00
9.710000000000000e-01 8.356967222314639e+00
9.714999999999999e-01 8.356984961892719e+00
9.720000000000000e-01 8.357002701567749e+00
9.724999999999999e-01 8.357020441339740e+00
9.730000000000000e-01 8.357038181208692e+00
9.734999999999999e-01 8.357055921174599e+00
9.740000000000000e-01 8.357073661237466e+00
9.744999999999999e-01 8.357091401397295e+00
9.750000000000000e-01 8.357109141654092e+00
9.754999999999999e-01 8.357126882007845e+00
9.760000000000000e-01 8.357144622458565e+00
9.764999999999999e-01 8.357162363006253e+00
9.770000000000000e-01 8.357180103650908e+00
9.774999999999999e-01 8.357197844392527e+00
9.780000000000000e-01 8.357215585231117e+00
9.784999999999999e-01 8.357233326166675e+00
9.790000000000000e-01 8.357251067199210e+00
9.794999999999999e-01 8.357268808328710e+00
9.800000000000000e-01 8.357286549555189e+00
9.804999999999999e-01 8.357304290878636e+00
9.810000000000000e-01 8.357322032299063e+00
9.814999999999999e-01 8.357339773816463e+00
9.820000000000000e-01 8.357357515430845e+00
9.824999999999999e-01 8.357375257142200e+00
9.830000000000000e-01 8.357392998950537e+00
9.834999999999999e-01 8.357410740855855e+00
9.840000000000000e-01 8.357428482858152e+00
9.844999999999999e-01 8.357446224957439e+00
9.850000000000000e-01 8.357463967153702e+00
9.854999999999999e-01 8.357481709446949e+00
9.860000000000000e-01 8.357499451837189e+00
9.864999999999999e-01 8.357517194324410e+00
9.870000000000000e-01 8.357534936908623e+00
9.874999999999999e-01 8.357552679589823e+00
9.880000000000000e-01 8.357570422368010e+00
9.884999999999999e-01 8.357588165243191e+00
9.890000000000000e-01 8.357605908215367e+00
9.894999999999999e-01 8.357623651284532e+00
9.900000000000000e-01 8.357641394450692e+00
9.904999999999999e-01 8.357659137713851e+00
9.910000000000000e-01 8.357676881074003e+00
9.914999999999999e-01 8.357694624531149e+00
9.920000000000000e-01 8.357712368085302e+00
9.924999999999999e-01 8.357730111736446e+00
9.930000000000000e-01 8.357747855484595e+00
9.934999999999999e-01 8.357765599329747e+00
9.940000000000000e-01 8.357783343271901e+00
9.944999999999999e-01 8.357801087311062e+00
9.950000000000000e-01 8.357818831447219e+00
9.954999999999999e-01 8.357836575680388e+00
9.960000000000000e-01 8.357854320010565e+00
9.964999999999999e-01 8.357872064437750e+00
9.970000000000000e-01 8.357889808961939e+00
9.974999999999999e-01 8.357907553583143e+00
9.980000000000000e-01 8.357925298301357e+00
9.984999999999999e-01 8.357943043116585e+00
9.990000000000000e-01 8.357960788028821e+00
9.994999999999999e-01 8.357978533038079e+00
