-1.000000000000000e+00 1.105769043429672e-05
-9.805000000000000e-01 1.111742987921073e-05
-9.610000000000000e-01 1.117861670299938e-05
-9.415000000000000e-01 1.123888338115244e-05
-9.219999999999999e-01 1.130199931002010e-05
-9.025000000000000e-01 1.136518039902207e-05
-8.830000000000000e-01 1.142965780671948e-05
-8.634999999999999e-01 1.149498963201430e-05
-8.440000000000000e-01 1.156105941582573e-05
-8.245000000000000e-01 1.162851443383326e-05
-8.050000000000000e-01 1.169764871893803e-05
-7.855000000000000e-01 1.176657553781815e-05
-7.660000000000000e-01 1.183726982645895e-05
-7.464999999999997e-01 1.190916525084390e-05
-7.270000000000000e-01 1.198220415713652e-05
-7.075000000000001e-01 1.205652401743765e-05
-6.879999999999998e-01 1.213207918424603e-05
-6.685000000000001e-01 1.220901147140274e-05
-6.490000000000000e-01 1.228689977678605e-05
-6.295000000000002e-01 1.236690682761809e-05
-6.100000000000001e-01 1.244803105300223e-05
-5.904999999999999e-01 1.253050516153881e-05
-5.709999999999998e-01 1.261456601313524e-05
-5.515000000000001e-01 1.270018488549426e-05
-5.320000000000001e-01 1.278743556716523e-05
-5.125000000000001e-01 1.287630125817389e-05
-4.930000000000001e-01 1.296696799440251e-05
-4.735000000000001e-01 1.306021639030084e-05
-4.540000000000000e-01 1.315362896828870e-05
-4.345000000000002e-01 1.324986954085928e-05
-4.150000000000000e-01 1.334779393742985e-05
-3.955000000000000e-01 1.344794451137112e-05
-3.759999999999999e-01 1.355026788958182e-05
-3.564999999999999e-01 1.365466331661188e-05
-3.370000000000000e-01 1.376139226530924e-05
-3.174999999999999e-01 1.387038062676885e-05
-2.979999999999999e-01 1.398175601147160e-05
-2.785000000000000e-01 1.409613483983353e-05
-2.589999999999999e-01 1.421237744974299e-05
-2.394999999999999e-01 1.433181834780110e-05
-2.199999999999999e-01 1.445348142824405e-05
-2.004999999999999e-01 1.457903602369584e-05
-1.809999999999999e-01 1.470660297168490e-05
-1.615000000000001e-01 1.483859697345708e-05
-1.420000000000001e-01 1.497320897526652e-05
-1.225000000000000e-01 1.511167244992337e-05
-1.029999999999999e-01 1.525307328857382e-05
-8.349999999999999e-02 1.539867847834673e-05
-6.400000000000007e-02 1.554825015256081e-05
-4.449999999999989e-02 1.570174464016798e-05
-2.500000000000004e-02 1.585848848132600e-05
-5.499999999999857e-03 1.602251244051289e-05
1.400000000000017e-02 1.618970219423222e-05
3.349999999999984e-02 1.636181093065761e-05
5.299999999999994e-02 1.653977998132510e-05
7.250000000000016e-02 1.672329482448786e-05
9.200000000000018e-02 1.691033308380784e-05
1.114999999999999e-01 1.710680389234109e-05
1.310000000000002e-01 1.730841331320056e-05
1.505000000000001e-01 1.751688822777887e-05
1.700000000000000e-01 1.773273546678786e-05
1.895000000000001e-01 1.795610561444780e-05
2.090000000000000e-01 1.818770724871765e-05
2.285000000000000e-01 1.842801580225484e-05
2.480000000000000e-01 1.867707594256081e-05
2.675000000000001e-01 1.893677882139471e-05
2.869999999999999e-01 1.920690385083091e-05
3.065000000000000e-01 1.948812790417774e-05
3.260000000000000e-01 1.978142629446868e-05
3.454999999999999e-01 2.008759261130517e-05
3.650000000000002e-01 2.040597087418573e-05
3.844999999999998e-01 2.074303653691426e-05
4.040000000000002e-01 2.109451445964106e-05
4.234999999999999e-01 2.146357557287792e-05
4.429999999999998e-01 2.185195705171840e-05
4.625000000000000e-01 2.226072878323535e-05
4.819999999999999e-01 2.269311060608536e-05
5.014999999999999e-01 2.314958896203541e-05
5.209999999999999e-01 2.363475900060085e-05
5.404999999999998e-01 2.414987131937417e-05
5.600000000000001e-01 2.469874309023125e-05
5.794999999999999e-01 2.528522792489760e-05
5.990000000000000e-01 2.591552162019223e-05
6.185000000000000e-01 2.659036840331821e-05
6.379999999999999e-01 2.732054074165822e-05
6.575000000000000e-01 2.811177684229604e-05
6.769999999999998e-01 2.897396519012670e-05
6.965000000000001e-01 2.991749688221573e-05
7.160000000000000e-01 3.095756147771105e-05
7.354999999999998e-01 3.210975496451271e-05
7.549999999999999e-01 3.339665009918705e-05
7.745000000000000e-01 3.484808991086015e-05
7.940000000000000e-01 3.650027406599516e-05
8.134999999999999e-01 3.840451044707152e-05
8.329999999999997e-01 4.063445798965474e-05
8.525000000000000e-01 4.329582870514738e-05
8.719999999999999e-01 4.653717501153249e-05
8.915000000000000e-01 5.062437118015533e-05
9.110000000000000e-01 5.670727083098337e-05
9.304999999999999e-01 6.376804471862116e-05
9.500000000000000e-01 7.496988903292245e-05
9.504999999999999e-01 7.533943834329995e-05
9.510000000000000e-01 7.572200075486948e-05
9.514999999999999e-01 7.610314234266745e-05
9.520000000000000e-01 7.650299089707881e-05
9.524999999999999e-01 7.690199863195946e-05
9.530000000000000e-01 7.729755608142357e-05
9.534999999999999e-01 7.769780831193147e-05
9.540000000000000e-01 7.795236742755609e-05
9.544999999999999e-01 7.856348855744103e-05
9.550000000000000e-01 7.899582023916462e-05
9.554999999999999e-01 7.943589801347799e-05
9.560000000000000e-01 7.988971099000540e-05
9.564999999999999e-01 8.034067571142981e-05
9.570000000000000e-01 8.080447876595294e-05
9.574999999999999e-01 8.128196020001562e-05
9.580000000000000e-01 8.175566424387279e-05
9.584999999999999e-01 8.225749352358931e-05
9.590000000000000e-01 8.275234818115215e-05
9.594999999999999e-01 8.325504472694617e-05
9.600000000000000e-01 8.377464286002506e-05
9.604999999999999e-01 8.430669169206570e-05
9.610000000000000e-01 8.478380130137217e-05
9.614999999999999e-01 8.540739025218807e-05
9.620000000000000e-01 8.594965759906866e-05
9.624999999999999e-01 8.652249591713672e-05
9.630000000000000e-01 8.710570156924472e-05
9.634999999999999e-01 8.770115098334046e-05
9.640000000000000e-01 8.830794667027642e-05
9.644999999999999e-01 8.892969990919556e-05
9.650000000000000e-01 8.956877037410777e-05
9.654999999999999e-01 9.020847213889836e-05
9.660000000000000e-01 9.086612922454299e-05
9.664999999999999e-01 9.155098284211393e-05
9.670000000000000e-01 9.224292935269502e-05
9.674999999999999e-01 9.293710951090408e-05
9.680000000000000e-01 9.367676706381290e-05
9.684999999999999e-01 9.441748797611301e-05
9.690000000000000e-01 9.517842050226836e-05
9.694999999999999e-01 9.595240287636594e-05
9.700000000000000e-01 9.676864571327214e-05
9.704999999999999e-01 9.757450832956637e-05
9.710000000000000e-01 9.841956969359271e-05
9.714999999999999e-01 9.928915276387911e-05
9.720000000000000e-01 1.001745153797505e-04
9.724999999999999e-01 1.010752048603142e-04
9.730000000000000e-01 1.020139199793610e-04
9.734999999999999e-01 1.029724090329910e-04
9.740000000000000e-01 1.039642800096697e-04
9.744999999999999e-01 1.049858501685040e-04
9.750000000000000e-01 1.060313107690650e-04
9.754999999999999e-01 1.071149690200075e-04
9.760000000000000e-01 1.082344594113062e-04
9.764999999999999e-01 1.093860578404723e-04
9.770000000000000e-01 1.105867023089325e-04
9.774999999999999e-01 1.118229843788417e-04
9.780000000000000e-01 1.130771168853506e-04
9.784999999999999e-01 1.143900272136411e-04
9.790000000000000e-01 1.157592009389739e-04
9.794999999999999e-01 1.171704905269504e-04
9.800000000000000e-01 1.186252328297051e-04
9.804999999999999e-01 1.201541036495658e-04
9.810000000000000e-01 1.217328007325571e-04
9.814999999999999e-01 1.233759233127364e-04
9.820000000000000e-01 1.250913829852374e-04
9.824999999999999e-01 1.268762919508862e-04
9.830000000000000e-01 1.287437740065682e-04
9.834999999999999e-01 1.306943810596179e-04
9.840000000000000e-01 1.327368399623910e-04
9.844999999999999e-01 1.348749108595308e-04
9.850000000000000e-01 1.371218970306703e-04
9.854999999999999e-01 1.394850033410362e-04
9.860000000000000e-01 1.419708578493483e-04
9.864999999999999e-01 1.445944835124145e-04
9.870000000000000e-01 1.473747101824013e-04
9.874999999999999e-01 1.503073311483536e-04
9.880000000000000e-01 1.534792643109691e-04
9.884999999999999e-01 1.567597705858208e-04
9.890000000000000e-01 1.603092146340434e-04
9.894999999999999e-01 1.641229669564541e-04
9.900000000000000e-01 1.682032321976255e-04
9.904999999999999e-01 1.726047705753620e-04
9.910000000000000e-01 1.773740644019042e-04
9.914999999999999e-01 1.825478286949185e-04
9.920000000000000e-01 1.882085558632057e-04
9.924999999999999e-01 1.944167880560201e-04
9.930000000000000e-01 2.013104452571269e-04
9.934999999999999e-01 2.088608267221947e-04
9.940000000000000e-01 2.175625430148500e-04
9.944999999999999e-01 2.273034929945966e-04
9.950000000000000e-01 2.384760737002262e-04
9.954999999999999e-01 2.514966082380462e-04
9.960000000000000e-01 2.668273468243989e-04
9.964999999999999e-01 2.853690777044673e-04
9.970000000000000e-01 3.083825085604643e-04
9.974999999999999e-01 3.379752701811549e-04
9.980000000000000e-01 3.781138584801159e-04
9.984999999999999e-01 4.369111049977481e-04
9.990000000000000e-01 5.355632592639933e-04
9.994999999999999e-01 7.582825104209615e-04
