-1.000000000000000e+00 2.233680185622030e-25
-9.805000000000000e-01 2.240140472229522e-25
-9.610000000000000e-01 2.246638238383752e-25
-9.415000000000000e-01 2.253173811203016e-25
-9.219999999999999e-01 2.259747521623806e-25
-9.025000000000000e-01 2.266359704456753e-25
-8.830000000000000e-01 2.273010698443491e-25
-8.634999999999999e-01 2.279700846314538e-25
-8.440000000000000e-01 2.286430494848210e-25
-8.245000000000000e-01 2.293199994930627e-25
-8.050000000000000e-01 2.300009701616692e-25
-7.855000000000000e-01 2.306859974192257e-25
-7.660000000000000e-01 2.313751176237331e-25
-7.464999999999997e-01 2.320683675690519e-25
-7.270000000000000e-01 2.327657844914509e-25
-7.075000000000001e-01 2.334674060762802e-25
-6.879999999999998e-01 2.341732704647726e-25
-6.685000000000001e-01 2.348834162609494e-25
-6.490000000000000e-01 2.355978825386808e-25
-6.295000000000002e-01 2.363167088488441e-25
-6.100000000000001e-01 2.370399352266404e-25
-5.904999999999999e-01 2.377676021990317e-25
-5.709999999999998e-01 2.384997507923145e-25
-5.515000000000001e-01 2.392364225398469e-25
-5.320000000000001e-01 2.399776594899044e-25
-5.125000000000001e-01 2.407235042136937e-25
-4.930000000000001e-01 2.414739998135072e-25
-4.735000000000001e-01 2.422291899310407e-25
-4.540000000000000e-01 2.429891187558608e-25
-4.345000000000002e-01 2.437538310340331e-25
-4.150000000000000e-01 2.445233720769185e-25
-3.955000000000000e-01 2.452977877701288e-25
-3.759999999999999e-01 2.460771245826641e-25
-3.564999999999999e-01 2.468614295762192e-25
-3.370000000000000e-01 2.476507504146606e-25
-3.174999999999999e-01 2.484451353737020e-25
-2.979999999999999e-01 2.492446333507610e-25
-2.785000000000000e-01 2.500492938749972e-25
-2.589999999999999e-01 2.508591671175611e-25
-2.394999999999999e-01 2.516743039020303e-25
-2.199999999999999e-01 2.524947557150591e-25
-2.004999999999999e-01 2.533205747172301e-25
-1.809999999999999e-01 2.541518137541282e-25
-1.615000000000001e-01 2.549885263676218e-25
-1.420000000000001e-01 2.558307668073784e-25
-1.225000000000000e-01 2.566785900426048e-25
-1.029999999999999e-01 2.575320517740228e-25
-8.349999999999999e-02 2.583912084460820e-25
-6.400000000000007e-02 2.592561172594240e-25
-4.449999999999989e-02 2.601268361835890e-25
-2.500000000000004e-02 2.610034239699915e-25
-5.499999999999857e-03 2.618859401651453e-25
1.400000000000017e-02 2.627744451241724e-25
3.349999999999984e-02 2.636690000245732e-25
5.299999999999994e-02 2.645696668802942e-25
7.250000000000016e-02 2.654765085560685e-25
9.200000000000018e-02 2.663895887820711e-25
1.114999999999999e-01 2.673089721688609e-25
1.310000000000002e-01 2.682347242226454e-25
1.505000000000001e-01 2.691669113608493e-25
1.700000000000000e-01 2.701056009280308e-25
1.895000000000001e-01 2.710508612121089e-25
2.090000000000000e-01 2.720027614609458e-25
2.285000000000000e-01 2.729613718992831e-25
2.480000000000000e-01 2.739267637460230e-25
2.675000000000001e-01 2.748990092318890e-25
2.869999999999999e-01 2.758781816174629e-25
3.065000000000000e-01 2.768643552116018e-25
3.260000000000000e-01 2.778576053902587e-25
3.454999999999999e-01 2.788580086157027e-25
3.650000000000002e-01 2.798656424561680e-25
3.844999999999998e-01 2.808805856059119e-25
4.040000000000002e-01 2.819029179057224e-25
4.234999999999999e-01 2.829327203638758e-25
4.429999999999998e-01 2.839700751775485e-25
4.625000000000000e-01 2.850150657547048e-25
4.819999999999999e-01 2.860677767364706e-25
5.014999999999999e-01 2.871282940199997e-25
5.209999999999999e-01 2.881967047818544e-25
5.404999999999998e-01 2.892730975019038e-25
5.600000000000001e-01 2.903575619877676e-25
5.794999999999999e-01 2.914501893998026e-25
5.990000000000000e-01 2.925510722766610e-25
6.185000000000000e-01 2.936603045614249e-25
6.379999999999999e-01 2.947779816283357e-25
6.575000000000000e-01 2.959042003101407e-25
6.769999999999998e-01 2.970390589260673e-25
6.965000000000001e-01 2.981826573104339e-25
7.160000000000000e-01 2.993350968419357e-25
7.354999999999998e-01 3.004964804735961e-25
7.549999999999999e-01 3.016669127634383e-25
7.745000000000000e-01 3.028464999058455e-25
7.940000000000000e-01 3.040353497636939e-25
8.134999999999999e-01 3.052335719012061e-25
8.329999999999997e-01 3.064412776176186e-25
8.525000000000000e-01 3.076585799816214e-25
8.719999999999999e-01 3.088855938666377e-25
8.915000000000000e-01 3.101224359869500e-25
9.110000000000000e-01 3.113692249346751e-25
9.304999999999999e-01 3.126260812176659e-25
9.500000000000000e-01 3.138931272982979e-25
9.504999999999999e-01 3.139257507481040e-25
9.510000000000000e-01 3.139583809811454e-25
9.514999999999999e-01 3.139910179995392e-25
9.520000000000000e-01 3.140236618054040e-25
9.524999999999999e-01 3.140563124008563e-25
9.530000000000000e-01 3.140889697880153e-25
9.534999999999999e-01 3.141216339690034e-25
9.540000000000000e-01 3.141543049459383e-25
9.544999999999999e-01 3.141869827209426e-25
9.550000000000000e-01 3.142196672961389e-25
9.554999999999999e-01 3.142523586736508e-25
9.560000000000000e-01 3.142850568556034e-25
9.564999999999999e-01 3.143177618441208e-25
9.570000000000000e-01 3.143504736413305e-25
9.574999999999999e-01 3.143831922493580e-25
9.580000000000000e-01 3.144159176703298e-25
9.584999999999999e-01 3.144486499063785e-25
9.590000000000000e-01 3.144813889596313e-25
9.594999999999999e-01 3.145141348322184e-25
9.600000000000000e-01 3.145468875262731e-25
9.604999999999999e-01 3.145796470439259e-25
9.610000000000000e-01 3.146124133873109e-25
9.614999999999999e-01 3.146451865585617e-25
9.620000000000000e-01 3.146779665598137e-25
9.624999999999999e-01 3.147107533932024e-25
9.630000000000000e-01 3.147435470608661e-25
9.634999999999999e-01 3.147763475649400e-25
9.640000000000000e-01 3.148091549075635e-25
9.644999999999999e-01 3.148419690908766e-25
9.650000000000000e-01 3.148747901170202e-25
9.654999999999999e-01 3.149076179881340e-25
9.660000000000000e-01 3.149404527063587e-25
9.664999999999999e-01 3.149732942738422e-25
9.670000000000000e-01 3.150061426927240e-25
9.674999999999999e-01 3.150389979651519e-25
9.680000000000000e-01 3.150718600932705e-25
9.684999999999999e-01 3.151047290792247e-25
9.690000000000000e-01 3.151376049251633e-25
9.694999999999999e-01 3.151704876332343e-25
9.700000000000000e-01 3.152033772055879e-25
9.704999999999999e-01 3.152362736443736e-25
9.710000000000000e-01 3.152691769517454e-25
9.714999999999999e-01 3.153020871298478e-25
9.720000000000000e-01 3.153350041808403e-25
9.724999999999999e-01 3.153679281068756e-25
9.730000000000000e-01 3.154008589101067e-25
9.734999999999999e-01 3.154337965926893e-25
9.740000000000000e-01 3.154667411567826e-25
9.744999999999999e-01 3.154996926045397e-25
9.750000000000000e-01 3.155326509381222e-25
9.754999999999999e-01 3.155656161596892e-25
9.760000000000000e-01 3.155985882713971e-25
9.764999999999999e-01 3.156315672754114e-25
9.770000000000000e-01 3.156645531738914e-25
9.774999999999999e-01 3.156975459690003e-25
9.780000000000000e-01 3.157305456629026e-25
9.784999999999999e-01 3.157635522577629e-25
9.790000000000000e-01 3.157965657557451e-25
9.794999999999999e-01 3.158295861590174e-25
9.800000000000000e-01 3.158626134697472e-25
9.804999999999999e-01 3.158956476900988e-25
9.810000000000000e-01 3.159286888222477e-25
9.814999999999999e-01 3.159617368683575e-25
9.820000000000000e-01 3.159947918306056e-25
9.824999999999999e-01 3.160278537111593e-25
9.830000000000000e-01 3.160609225121925e-25
9.834999999999999e-01 3.160939982358790e-25
9.840000000000000e-01 3.161270808843950e-25
9.844999999999999e-01 3.161601704599115e-25
9.850000000000000e-01 3.161932669646094e-25
9.854999999999999e-01 3.162263704006645e-25
9.860000000000000e-01 3.162594807702548e-25
9.864999999999999e-01 3.162925980755600e-25
9.870000000000000e-01 3.163257223187588e-25
9.874999999999999e-01 3.163588535020331e-25
9.880000000000000e-01 3.163919916275668e-25
9.884999999999999e-01 3.164251366975386e-25
9.890000000000000e-01 3.164582887141371e-25
9.894999999999999e-01 3.164914476795422e-25
9.900000000000000e-01 3.165246135959401e-25
9.904999999999999e-01 3.165577864655202e-25
9.910000000000000e-01 3.165909662904695e-25
9.914999999999999e-01 3.166241530729725e-25
9.920000000000000e-01 3.166573468152223e-25
9.924999999999999e-01 3.166905475194073e-25
9.930000000000000e-01 3.167237551877199e-25
9.934999999999999e-01 3.167569698223495e-25
9.940000000000000e-01 3.167901914254913e-25
9.944999999999999e-01 3.168234199993392e-25
9.950000000000000e-01 3.168566555460877e-25
9.954999999999999e-01 3.168898980679296e-25
9.960000000000000e-01 3.169231475670656e-25
9.964999999999999e-01 3.169564040456921e-25
9.970000000000000e-01 3.169896675060062e-25
9.974999999999999e-01 3.170229379502069e-25
9.980000000000000e-01 3.170562153804963e-25
9.984999999999999e-01 3.170894997990742e-25
9.990000000000000e-01 3.171227912081441e-25
9.994999999999999e-01 3.171560896099075e-25
