-1.000000000000000e+00 1.088896994282313e-02
-9.805000000000000e-01 1.093513907891093e-02
-9.610000000000000e-01 1.098191955427598e-02
-9.415000000000000e-01 1.102932431868144e-02
-9.219999999999999e-01 1.107736890041127e-02
-9.025000000000000e-01 1.112606686353000e-02
-8.830000000000000e-01 1.117543377662432e-02
-8.634999999999999e-01 1.122549260093750e-02
-8.440000000000000e-01 1.127624092175047e-02
-8.245000000000000e-01 1.132771393820971e-02
-8.050000000000000e-01 1.137992360407488e-02
-7.855000000000000e-01 1.143288826639617e-02
-7.660000000000000e-01 1.148662652118921e-02
-7.464999999999997e-01 1.154115950426543e-02
-7.270000000000000e-01 1.159650555035709e-02
-7.075000000000001e-01 1.165268727367450e-02
-6.879999999999998e-01 1.170972551672945e-02
-6.685000000000001e-01 1.176764398152951e-02
-6.490000000000000e-01 1.182646577231111e-02
-6.295000000000002e-01 1.188621563008363e-02
-6.100000000000001e-01 1.194692043569813e-02
-5.904999999999999e-01 1.200860316724574e-02
-5.709999999999998e-01 1.207129514942389e-02
-5.515000000000001e-01 1.213502410028676e-02
-5.320000000000001e-01 1.219981979301027e-02
-5.125000000000001e-01 1.226571363167496e-02
-4.930000000000001e-01 1.233273797837916e-02
-4.735000000000001e-01 1.240092801143860e-02
-4.540000000000000e-01 1.247031592472500e-02
-4.345000000000002e-01 1.254094307196045e-02
-4.150000000000000e-01 1.261284524867617e-02
-3.955000000000000e-01 1.268606332350952e-02
-3.759999999999999e-01 1.276064081777813e-02
-3.564999999999999e-01 1.283662063414364e-02
-3.370000000000000e-01 1.291404708706139e-02
-3.174999999999999e-01 1.299297472441645e-02
-2.979999999999999e-01 1.307345144660596e-02
-2.785000000000000e-01 1.315553117628583e-02
-2.589999999999999e-01 1.323927021689261e-02
-2.394999999999999e-01 1.332472728311566e-02
-2.199999999999999e-01 1.341196498010601e-02
-2.004999999999999e-01 1.350104949787158e-02
-1.809999999999999e-01 1.359205183823726e-02
-1.615000000000001e-01 1.368503976267359e-02
-1.420000000000001e-01 1.378009295869729e-02
-1.225000000000000e-01 1.387729277020048e-02
-1.029999999999999e-01 1.397672574539270e-02
-8.349999999999999e-02 1.407848208158485e-02
-6.400000000000007e-02 1.418265941235385e-02
-4.449999999999989e-02 1.428935746146347e-02
-2.500000000000004e-02 1.439868854341795e-02
-5.499999999999857e-03 1.451076690128105e-02
1.400000000000017e-02 1.462571558764677e-02
3.349999999999984e-02 1.474366585480880e-02
5.299999999999994e-02 1.486475767083493e-02
7.250000000000016e-02 1.498914127124281e-02
9.200000000000018e-02 1.511697517086227e-02
1.114999999999999e-01 1.524843378664276e-02
1.310000000000002e-01 1.538369845378194e-02
1.505000000000001e-01 1.552296841388190e-02
1.700000000000000e-01 1.566645686641532e-02
1.895000000000001e-01 1.581439395101423e-02
2.090000000000000e-01 1.596702757445825e-02
2.285000000000000e-01 1.612462689003699e-02
2.480000000000000e-01 1.628748394278318e-02
2.675000000000001e-01 1.645591542939610e-02
2.869999999999999e-01 1.663026665566864e-02
3.065000000000000e-01 1.681091537362797e-02
3.260000000000000e-01 1.699827420247654e-02
3.454999999999999e-01 1.719279563252262e-02
3.650000000000002e-01 1.739497792389137e-02
3.844999999999998e-01 1.760537248861936e-02
4.040000000000002e-01 1.782458602059887e-02
4.234999999999999e-01 1.805329540365745e-02
4.429999999999998e-01 1.829225414940401e-02
4.625000000000000e-01 1.854230495521170e-02
4.819999999999999e-01 1.880439399147822e-02
5.014999999999999e-01 1.907958803479769e-02
5.209999999999999e-01 1.936909807658446e-02
5.404999999999998e-01 1.967430030689500e-02
5.600000000000001e-01 1.999677162950670e-02
5.794999999999999e-01 2.033832744208938e-02
5.990000000000000e-01 2.070107232306529e-02
6.185000000000000e-01 2.108746215093996e-02
6.379999999999999e-01 2.150038615257069e-02
6.575000000000000e-01 2.194326807287338e-02
6.769999999999998e-01 2.242021345438355e-02
6.965000000000001e-01 2.293618370383358e-02
7.160000000000000e-01 2.349725737149621e-02
7.354999999999998e-01 2.411097537825086e-02
7.549999999999999e-01 2.478683969202200e-02
7.745000000000000e-01 2.553703425639528e-02
7.940000000000000e-01 2.637750417800656e-02
8.134999999999999e-01 2.732962822450706e-02
8.329999999999997e-01 2.842290956605919e-02
8.525000000000000e-01 2.969952089216097e-02
8.719999999999999e-01 3.122245067225080e-02
8.915000000000000e-01 3.309122213496913e-02
9.110000000000000e-01 3.547532133119516e-02
9.304999999999999e-01 3.869536659062782e-02
9.500000000000000e-01 4.346270461218994e-02
9.504999999999999e-01 4.361772440960195e-02
9.510000000000000e-01 4.377492585770847e-02
9.514999999999999e-01 4.393436313131720e-02
9.520000000000000e-01 4.409609305819993e-02
9.524999999999999e-01 4.426017332969397e-02
9.530000000000000e-01 4.442666466210928e-02
9.534999999999999e-01 4.459562963999431e-02
9.540000000000000e-01 4.476713326577907e-02
9.544999999999999e-01 4.494124292933789e-02
9.550000000000000e-01 4.511802655348894e-02
9.554999999999999e-01 4.529756353401108e-02
9.560000000000000e-01 4.547992265524087e-02
9.564999999999999e-01 4.566518476942447e-02
9.570000000000000e-01 4.585343150992269e-02
9.574999999999999e-01 4.604474792959393e-02
9.580000000000000e-01 4.623922246985031e-02
9.584999999999999e-01 4.643694724967455e-02
9.590000000000000e-01 4.663801837114183e-02
9.594999999999999e-01 4.684253578867358e-02
9.600000000000000e-01 4.705060353098423e-02
9.604999999999999e-01 4.726233161632564e-02
9.610000000000000e-01 4.747783266050364e-02
9.614999999999999e-01 4.769722584522354e-02
9.620000000000000e-01 4.792063531242282e-02
9.624999999999999e-01 4.814819091948615e-02
9.630000000000000e-01 4.838002860209725e-02
9.634999999999999e-01 4.861629063805761e-02
9.640000000000000e-01 4.885705192125700e-02
9.644999999999999e-01 4.910269148921322e-02
9.650000000000000e-01 4.935315062208839e-02
9.654999999999999e-01 4.960867577532661e-02
9.660000000000000e-01 4.986944786151562e-02
9.664999999999999e-01 5.013565709851010e-02
9.670000000000000e-01 5.040750276526094e-02
9.674999999999999e-01 5.068519806158121e-02
9.680000000000000e-01 5.096896202549114e-02
9.684999999999999e-01 5.125903033514661e-02
9.690000000000000e-01 5.155565164467330e-02
9.694999999999999e-01 5.185908446864972e-02
9.700000000000000e-01 5.216960492070655e-02
9.704999999999999e-01 5.248750925776038e-02
9.710000000000000e-01 5.281310265415122e-02
9.714999999999999e-01 5.314671508934647e-02
9.720000000000000e-01 5.348869536702102e-02
9.724999999999999e-01 5.383941346045838e-02
9.730000000000000e-01 5.419926356105433e-02
9.734999999999999e-01 5.456866526711250e-02
9.740000000000000e-01 5.494806606427128e-02
9.744999999999999e-01 5.533794253628802e-02
9.750000000000000e-01 5.573880850962054e-02
9.754999999999999e-01 5.615120710410280e-02
9.760000000000000e-01 5.657572565222199e-02
9.764999999999999e-01 5.701299234653776e-02
9.770000000000000e-01 5.746368336323165e-02
9.774999999999999e-01 5.792852613860223e-02
9.780000000000000e-01 5.840830533281660e-02
9.784999999999999e-01 5.890386849074861e-02
9.790000000000000e-01 5.941613276911133e-02
9.794999999999999e-01 5.994609232675219e-02
9.800000000000000e-01 6.049482710061614e-02
9.804999999999999e-01 6.106351249536961e-02
9.810000000000000e-01 6.165343051932868e-02
9.814999999999999e-01 6.226598279286032e-02
9.820000000000000e-01 6.290270496883149e-02
9.824999999999999e-01 6.356528409936757e-02
9.830000000000000e-01 6.425557832321881e-02
9.834999999999999e-01 6.497563986359801e-02
9.840000000000000e-01 6.572774200047098e-02
9.844999999999999e-01 6.651441081125020e-02
9.850000000000000e-01 6.733846269664624e-02
9.854999999999999e-01 6.820304870761250e-02
9.860000000000000e-01 6.911170776424282e-02
9.864999999999999e-01 7.006843039543821e-02
9.870000000000000e-01 7.107773601311014e-02
9.874999999999999e-01 7.214476657247570e-02
9.880000000000000e-01 7.327540205958989e-02
9.884999999999999e-01 7.447640246517534e-02
9.890000000000000e-01 7.575558615898186e-02
9.894999999999999e-01 7.712205129510703e-02
9.900000000000000e-01 7.858646322648205e-02
9.904999999999999e-01 8.016141455760124e-02
9.910000000000000e-01 8.186190442329061e-02
9.914999999999999e-01 8.370596190795150e-02
9.920000000000000e-01 8.571548443415727e-02
9.924999999999999e-01 8.791737707437218e-02
9.930000000000000e-01 9.034513136691133e-02
9.934999999999999e-01 9.304105985627785e-02
9.940000000000000e-01 9.605953229668746e-02
9.944999999999999e-01 9.947179865354577e-02
9.950000000000000e-01 1.033733929720117e-01
9.954999999999999e-01 1.078959553651484e-01
9.960000000000000e-01 1.132269450254349e-01
9.964999999999999e-01 1.196443438050018e-01
9.970000000000000e-01 1.275820268249850e-01
9.974999999999999e-01 1.401690324513540e-01
9.980000000000000e-01 1.524473649148818e-01
9.984999999999999e-01 1.717828142463338e-01
9.990000000000000e-01 2.047237616361397e-01
9.994999999999999e-01 2.795461757818606e-01
