-1.000000000000000e+00 1.660069118401271e-06
-9.805000000000000e-01 1.670724141714559e-06
-9.610000000000000e-01 1.681393435195781e-06
-9.415000000000000e-01 1.692280558827211e-06
-9.219999999999999e-01 1.703329024600942e-06
-9.025000000000000e-01 1.714535159752357e-06
-8.830000000000000e-01 1.725932847387733e-06
-8.634999999999999e-01 1.737471425271734e-06
-8.440000000000000e-01 1.749190557430648e-06
-8.245000000000000e-01 1.761084056231066e-06
-8.050000000000000e-01 1.773176054049644e-06
-7.855000000000000e-01 1.785418997216508e-06
-7.660000000000000e-01 1.797878888377886e-06
-7.464999999999997e-01 1.810524892316710e-06
-7.270000000000000e-01 1.823370072403201e-06
-7.075000000000001e-01 1.836422012179057e-06
-6.879999999999998e-01 1.849727084770592e-06
-6.685000000000001e-01 1.863185874108503e-06
-6.490000000000000e-01 1.876950001011017e-06
-6.295000000000002e-01 1.890825142400993e-06
-6.100000000000001e-01 1.904993920715353e-06
-5.904999999999999e-01 1.919412118917957e-06
-5.709999999999998e-01 1.934075916777354e-06
-5.515000000000001e-01 1.948977500783640e-06
-5.320000000000001e-01 1.964136286002833e-06
-5.125000000000001e-01 1.979622908953124e-06
-4.930000000000001e-01 1.995383556680180e-06
-4.735000000000001e-01 2.011373357196640e-06
-4.540000000000000e-01 2.027699753243638e-06
-4.345000000000002e-01 2.044280519272769e-06
-4.150000000000000e-01 2.061235673799426e-06
-3.955000000000000e-01 2.078467856699972e-06
-3.759999999999999e-01 2.096049492252929e-06
-3.564999999999999e-01 2.114003888392952e-06
-3.370000000000000e-01 2.132263257619069e-06
-3.174999999999999e-01 2.150931237308730e-06
-2.979999999999999e-01 2.170015281838741e-06
-2.785000000000000e-01 2.189516930305081e-06
-2.589999999999999e-01 2.209663412544023e-06
-2.394999999999999e-01 2.229476219933636e-06
-2.199999999999999e-01 2.250163934129932e-06
-2.004999999999999e-01 2.271421556340534e-06
-1.809999999999999e-01 2.293036445373908e-06
-1.615000000000001e-01 2.315113610163319e-06
-1.420000000000001e-01 2.337900379401623e-06
-1.225000000000000e-01 2.360806797045478e-06
-1.029999999999999e-01 2.384485863412677e-06
-8.349999999999999e-02 2.408741725250223e-06
-6.400000000000007e-02 2.433542538981350e-06
-4.449999999999989e-02 2.458981856351472e-06
-2.500000000000004e-02 2.485057460106716e-06
-5.499999999999857e-03 2.511840249873224e-06
1.400000000000017e-02 2.539143634417515e-06
3.349999999999984e-02 2.567418601131998e-06
5.299999999999994e-02 2.596361887368077e-06
7.250000000000016e-02 2.626089795539003e-06
9.200000000000018e-02 2.656655894411348e-06
1.114999999999999e-01 2.688129032748056e-06
1.310000000000002e-01 2.720486427721861e-06
1.505000000000001e-01 2.753834306346152e-06
1.700000000000000e-01 2.788188958932169e-06
1.895000000000001e-01 2.823562140215628e-06
2.090000000000000e-01 2.860136082992196e-06
2.285000000000000e-01 2.897855937614478e-06
2.480000000000000e-01 2.936840338089582e-06
2.675000000000001e-01 2.977192153423528e-06
2.869999999999999e-01 3.018932732886980e-06
3.065000000000000e-01 3.062200224194911e-06
3.260000000000000e-01 3.107346753162175e-06
3.454999999999999e-01 3.153655025626516e-06
3.650000000000002e-01 3.201112046845133e-06
3.844999999999998e-01 3.252486833878345e-06
4.040000000000002e-01 3.304254957683206e-06
4.234999999999999e-01 3.359921254811433e-06
4.429999999999998e-01 3.416313932377431e-06
4.625000000000000e-01 3.476502578120682e-06
4.819999999999999e-01 3.539600097515437e-06
5.014999999999999e-01 3.604139391825481e-06
5.209999999999999e-01 3.672865579379243e-06
5.404999999999998e-01 3.745338475894938e-06
5.600000000000001e-01 3.821292087382891e-06
5.794999999999999e-01 3.902313939563862e-06
5.990000000000000e-01 3.987887088507143e-06
6.185000000000000e-01 4.079104057776535e-06
6.379999999999999e-01 4.176357709661471e-06
6.575000000000000e-01 4.280172828730911e-06
6.769999999999998e-01 4.392065402567220e-06
6.965000000000001e-01 4.512834632276059e-06
7.160000000000000e-01 4.643774904983674e-06
7.354999999999998e-01 4.786556536502187e-06
7.549999999999999e-01 4.943186743776731e-06
7.745000000000000e-01 5.116446927678140e-06
7.940000000000000e-01 5.309577455921922e-06
8.134999999999999e-01 5.527267463620438e-06
8.329999999999997e-01 5.775906774268846e-06
8.525000000000000e-01 6.063930178272195e-06
8.719999999999999e-01 6.404877268189002e-06
8.915000000000000e-01 6.819535641877895e-06
9.110000000000000e-01 7.342014214643996e-06
9.304999999999999e-01 8.037833413341497e-06
9.500000000000000e-01 9.048753288698087e-06
9.504999999999999e-01 9.081290143819042e-06
9.510000000000000e-01 9.114215075708375e-06
9.514999999999999e-01 9.147687493929530e-06
9.520000000000000e-01 9.181563539252510e-06
9.524999999999999e-01 9.215911546374375e-06
9.530000000000000e-01 9.250680027147299e-06
9.534999999999999e-01 9.285994813587659e-06
9.540000000000000e-01 9.321772154512263e-06
9.544999999999999e-01 9.358121440991726e-06
9.550000000000000e-01 9.395055521435527e-06
9.554999999999999e-01 9.432684108779256e-06
9.560000000000000e-01 9.470263925953567e-06
9.564999999999999e-01 9.509024590799112e-06
9.570000000000000e-01 9.548160334760236e-06
9.574999999999999e-01 9.587788727217281e-06
9.580000000000000e-01 9.628248162101520e-06
9.584999999999999e-01 9.669243422817830e-06
9.590000000000000e-01 9.710934089933471e-06
9.594999999999999e-01 9.753299187301115e-06
9.600000000000000e-01 9.796390157127897e-06
9.604999999999999e-01 9.840314104073628e-06
9.610000000000000e-01 9.884763607151178e-06
9.614999999999999e-01 9.930041636131297e-06
9.620000000000000e-01 9.976158382837757e-06
9.624999999999999e-01 1.002314685293621e-05
9.630000000000000e-01 1.007089037183389e-05
9.634999999999999e-01 1.011949701387795e-05
9.640000000000000e-01 1.016902230827015e-05
9.644999999999999e-01 1.021950121923943e-05
9.650000000000000e-01 1.027073925348538e-05
9.654999999999999e-01 1.032334192600162e-05
9.660000000000000e-01 1.037682085315622e-05
9.664999999999999e-01 1.043134132908875e-05
9.670000000000000e-01 1.048696999032369e-05
9.674999999999999e-01 1.054365220447171e-05
9.680000000000000e-01 1.060165709582553e-05
9.684999999999999e-01 1.066083667597041e-05
9.690000000000000e-01 1.072133932585217e-05
9.694999999999999e-01 1.078314438789712e-05
9.700000000000000e-01 1.084637454360848e-05
9.704999999999999e-01 1.091096222321192e-05
9.710000000000000e-01 1.097705299953381e-05
9.714999999999999e-01 1.104483149936506e-05
9.720000000000000e-01 1.111410032621764e-05
9.724999999999999e-01 1.118511931935807e-05
9.730000000000000e-01 1.125785367693144e-05
9.734999999999999e-01 1.133246802112214e-05
9.740000000000000e-01 1.140925689315002e-05
9.744999999999999e-01 1.148787495919066e-05
9.750000000000000e-01 1.156834135306026e-05
9.754999999999999e-01 1.165156099855451e-05
9.760000000000000e-01 1.173678380576870e-05
9.764999999999999e-01 1.182454987038206e-05
9.770000000000000e-01 1.191493830483696e-05
9.774999999999999e-01 1.200801876386722e-05
9.780000000000000e-01 1.210397830271248e-05
9.784999999999999e-01 1.220309916419971e-05
9.790000000000000e-01 1.230527067700491e-05
9.794999999999999e-01 1.241096017584205e-05
9.800000000000000e-01 1.252004177268704e-05
9.804999999999999e-01 1.263318585084134e-05
9.810000000000000e-01 1.275021057076255e-05
9.814999999999999e-01 1.287166327318943e-05
9.820000000000000e-01 1.299771896677928e-05
9.824999999999999e-01 1.312873292099387e-05
9.830000000000000e-01 1.326515186932386e-05
9.834999999999999e-01 1.340703774395591e-05
9.840000000000000e-01 1.355625249998833e-05
9.844999999999999e-01 1.370968424897962e-05
9.850000000000000e-01 1.387144471998217e-05
9.854999999999999e-01 1.404081112106860e-05
9.860000000000000e-01 1.421863929502278e-05
9.864999999999999e-01 1.440562071712923e-05
9.870000000000000e-01 1.460243687337757e-05
9.874999999999999e-01 1.481014790153856e-05
9.880000000000000e-01 1.502989611594521e-05
9.884999999999999e-01 1.526289375832571e-05
9.890000000000000e-01 1.551063924583955e-05
9.894999999999999e-01 1.577484576516313e-05
9.900000000000000e-01 1.605704143799404e-05
9.904999999999999e-01 1.636074133298019e-05
9.910000000000000e-01 1.668773054881416e-05
9.914999999999999e-01 1.704130347283040e-05
9.920000000000000e-01 1.742600882688382e-05
9.924999999999999e-01 1.784649291790933e-05
9.930000000000000e-01 1.830927543098367e-05
9.934999999999999e-01 1.882182187826183e-05
9.940000000000000e-01 1.939446961012017e-05
9.944999999999999e-01 2.004023759318276e-05
9.950000000000000e-01 2.077655540046256e-05
9.954999999999999e-01 2.162802046663880e-05
9.960000000000000e-01 2.262879095479928e-05
9.964999999999999e-01 2.383019913001129e-05
9.970000000000000e-01 2.531171985332834e-05
9.974999999999999e-01 2.720613803495432e-05
9.980000000000000e-01 2.975585093622141e-05
9.984999999999999e-01 3.346648018572253e-05
9.990000000000000e-01 4.008853571456723e-05
9.994999999999999e-01 5.341357265787208e-05
