-1.000000000000000e+00 5.077298880075820e-07
-9.805000000000000e-01 5.093720350185473e-07
-9.610000000000000e-01 5.110249670598297e-07
-9.415000000000000e-01 5.126887922665893e-07
-9.219999999999999e-01 5.143636202494224e-07
-9.025000000000000e-01 5.160495621201297e-07
-8.830000000000000e-01 5.177467305180377e-07
-8.634999999999999e-01 5.194552396368904e-07
-8.440000000000000e-01 5.211752052523247e-07
-8.245000000000000e-01 5.229067447499465e-07
-8.050000000000000e-01 5.246499771540191e-07
-7.855000000000000e-01 5.264038837367647e-07
-7.660000000000000e-01 5.281708091547267e-07
-7.464999999999997e-01 5.299497936107016e-07
-7.270000000000000e-01 5.317409630073676e-07
-7.075000000000001e-01 5.335444450422526e-07
-6.879999999999998e-01 5.353603692406135e-07
-6.685000000000001e-01 5.371895734132917e-07
-6.490000000000000e-01 5.390298343570589e-07
-6.295000000000002e-01 5.408829036282988e-07
-6.100000000000001e-01 5.427489178682561e-07
-5.904999999999999e-01 5.446280157307092e-07
-5.709999999999998e-01 5.465203379207398e-07
-5.515000000000001e-01 5.484260272344371e-07
-5.320000000000001e-01 5.503452285995572e-07
-5.125000000000001e-01 5.522859053978952e-07
-4.930000000000001e-01 5.542338022823493e-07
-4.735000000000001e-01 5.561956969292120e-07
-4.540000000000000e-01 5.581717436535769e-07
-4.345000000000002e-01 5.601620991014755e-07
-4.150000000000000e-01 5.621669222952736e-07
-3.955000000000000e-01 5.641863746801675e-07
-3.759999999999999e-01 5.662206201718044e-07
-3.564999999999999e-01 5.682698252050640e-07
-3.370000000000000e-01 5.703341587840371e-07
-3.174999999999999e-01 5.724137925332319e-07
-2.979999999999999e-01 5.745089007500472e-07
-2.785000000000000e-01 5.766196604585513e-07
-2.589999999999999e-01 5.787462514646025e-07
-2.394999999999999e-01 5.808888564123562e-07
-2.199999999999999e-01 5.830476608421959e-07
-2.004999999999999e-01 5.852228532501359e-07
-1.809999999999999e-01 5.874146251487378e-07
-1.615000000000001e-01 5.896231711295883e-07
-1.420000000000001e-01 5.918486889273901e-07
-1.225000000000000e-01 5.940913794857096e-07
-1.029999999999999e-01 5.963514470244409e-07
-8.349999999999999e-02 5.986290991090356e-07
-6.400000000000007e-02 6.009245467215556e-07
-4.449999999999989e-02 6.032415471237467e-07
-2.500000000000004e-02 6.055732763860104e-07
-5.499999999999857e-03 6.079234520425680e-07
1.400000000000017e-02 6.102922992337284e-07
3.349999999999984e-02 6.126800468916645e-07
5.299999999999994e-02 6.157856191892608e-07
7.250000000000016e-02 6.182162092243883e-07
9.200000000000018e-02 6.199590406296907e-07
1.114999999999999e-01 6.224247582754411e-07
1.310000000000002e-01 6.249105809218547e-07
1.505000000000001e-01 6.274167620833889e-07
1.700000000000000e-01 6.299435597001614e-07
1.895000000000001e-01 6.324912362390715e-07
2.090000000000000e-01 6.350600587978501e-07
2.285000000000000e-01 6.376502992121467e-07
2.480000000000000e-01 6.402622341657629e-07
2.675000000000001e-01 6.428961453041470e-07
2.869999999999999e-01 6.455523193512738e-07
3.065000000000000e-01 6.482310482300305e-07
3.260000000000000e-01 6.509326291862442e-07
3.454999999999999e-01 6.536573649164921e-07
3.650000000000002e-01 6.564055636998309e-07
3.844999999999998e-01 6.591775395336055e-07
4.040000000000002e-01 6.619736122734927e-07
4.234999999999999e-01 6.647941077779452e-07
4.429999999999998e-01 6.676393580572154e-07
4.625000000000000e-01 6.705097014271377e-07
4.819999999999999e-01 6.734054826678681e-07
5.014999999999999e-01 6.763270531877800e-07
5.209999999999999e-01 6.792747711927329e-07
5.404999999999998e-01 6.822490018609376e-07
5.600000000000001e-01 6.852501175236553e-07
5.794999999999999e-01 6.882784978519835e-07
5.990000000000000e-01 6.913345300499875e-07
6.185000000000000e-01 6.944186090544612e-07
6.379999999999999e-01 6.975311377416076e-07
6.575000000000000e-01 7.006725271409563e-07
6.769999999999998e-01 7.038431966568400e-07
6.965000000000001e-01 7.070435742977861e-07
7.160000000000000e-01 7.102740969141921e-07
7.354999999999998e-01 7.135352104446761e-07
7.549999999999999e-01 7.168273701715249e-07
7.745000000000000e-01 7.201510409856829e-07
7.940000000000000e-01 7.235066976617538e-07
8.134999999999999e-01 7.268948251435267e-07
8.329999999999997e-01 7.303159188405635e-07
8.525000000000000e-01 7.337704849364241e-07
8.719999999999999e-01 7.372590407091554e-07
8.915000000000000e-01 7.407821148647005e-07
9.110000000000000e-01 7.443402478839513e-07
9.304999999999999e-01 7.479339923842062e-07
9.500000000000000e-01 7.515639134958673e-07
9.504999999999999e-01 7.516574691949370e-07
9.510000000000000e-01 7.517510490679272e-07
9.514999999999999e-01 7.518446531247015e-07
9.520000000000000e-01 7.519382813751292e-07
9.524999999999999e-01 7.520319338290854e-07
9.530000000000000e-01 7.521256104964511e-07
9.534999999999999e-01 7.522193113871134e-07
9.540000000000000e-01 7.523130365109642e-07
9.544999999999999e-01 7.524067858779025e-07
9.550000000000000e-01 7.525005594978318e-07
9.554999999999999e-01 7.525943573806623e-07
9.560000000000000e-01 7.526881795363094e-07
9.564999999999999e-01 7.527820259746951e-07
9.570000000000000e-01 7.528758967057462e-07
9.574999999999999e-01 7.529697917393962e-07
9.580000000000000e-01 7.530637110855839e-07
9.584999999999999e-01 7.531576547542542e-07
9.590000000000000e-01 7.532516227553570e-07
9.594999999999999e-01 7.533456150988499e-07
9.600000000000000e-01 7.534396317946943e-07
9.604999999999999e-01 7.535336728528590e-07
9.610000000000000e-01 7.536277382833170e-07
9.614999999999999e-01 7.537218280960491e-07
9.620000000000000e-01 7.538159423010404e-07
9.624999999999999e-01 7.539100809082825e-07
9.630000000000000e-01 7.540042439277729e-07
9.634999999999999e-01 7.540984313695152e-07
9.640000000000000e-01 7.541926432435181e-07
9.644999999999999e-01 7.542868795597965e-07
9.650000000000000e-01 7.543811403283719e-07
9.654999999999999e-01 7.544754255592707e-07
9.660000000000000e-01 7.545697352625258e-07
9.664999999999999e-01 7.546640694481759e-07
9.670000000000000e-01 7.547584281262651e-07
9.674999999999999e-01 7.548528113068441e-07
9.680000000000000e-01 7.549472189999696e-07
9.684999999999999e-01 7.550416512157031e-07
9.690000000000000e-01 7.551361079641133e-07
9.694999999999999e-01 7.552305892552742e-07
9.700000000000000e-01 7.553250950992661e-07
9.704999999999999e-01 7.554196255061744e-07
9.710000000000000e-01 7.555141804860914e-07
9.714999999999999e-01 7.556087600491153e-07
9.720000000000000e-01 7.557033642053496e-07
9.724999999999999e-01 7.557979929649040e-07
9.730000000000000e-01 7.558926463378944e-07
9.734999999999999e-01 7.559873243344427e-07
9.740000000000000e-01 7.560820269646762e-07
9.744999999999999e-01 7.561767542387288e-07
9.750000000000000e-01 7.562715061667405e-07
9.754999999999999e-01 7.563662827588562e-07
9.760000000000000e-01 7.564610840252284e-07
9.764999999999999e-01 7.565559099760142e-07
9.770000000000000e-01 7.566507606213773e-07
9.774999999999999e-01 7.567456359714875e-07
9.780000000000000e-01 7.568405360365207e-07
9.784999999999999e-01 7.569354608266579e-07
9.790000000000000e-01 7.570304103520875e-07
9.794999999999999e-01 7.571253846230029e-07
9.800000000000000e-01 7.572203836496039e-07
9.804999999999999e-01 7.573154074420964e-07
9.810000000000000e-01 7.574104560106924e-07
9.814999999999999e-01 7.575055293656093e-07
9.820000000000000e-01 7.576006275170713e-07
9.824999999999999e-01 7.576957504753087e-07
9.830000000000000e-01 7.577908982505574e-07
9.834999999999999e-01 7.578860708530592e-07
9.840000000000000e-01 7.579812682930629e-07
9.844999999999999e-01 7.580764905808224e-07
9.850000000000000e-01 7.581717377265982e-07
9.854999999999999e-01 7.582670097406566e-07
9.860000000000000e-01 7.583623066332702e-07
9.864999999999999e-01 7.584576284147179e-07
9.870000000000000e-01 7.585529750952843e-07
9.874999999999999e-01 7.586483466852601e-07
9.880000000000000e-01 7.587437431949424e-07
9.884999999999999e-01 7.588391646346346e-07
9.890000000000000e-01 7.589346110146453e-07
9.894999999999999e-01 7.590300823452904e-07
9.900000000000000e-01 7.591255786368911e-07
9.904999999999999e-01 7.592210998997749e-07
9.910000000000000e-01 7.593166461442757e-07
9.914999999999999e-01 7.594122173807334e-07
9.920000000000000e-01 7.595078136194942e-07
9.924999999999999e-01 7.596034348709100e-07
9.930000000000000e-01 7.596990811453395e-07
9.934999999999999e-01 7.597947524531470e-07
9.940000000000000e-01 7.598904488047035e-07
9.944999999999999e-01 7.599861702103856e-07
9.950000000000000e-01 7.600819166805763e-07
9.954999999999999e-01 7.601776882256655e-07
9.960000000000000e-01 7.602734848560478e-07
9.964999999999999e-01 7.603693065821257e-07
9.970000000000000e-01 7.604651534143066e-07
9.974999999999999e-01 7.605610253630046e-07
9.980000000000000e-01 7.606569224386399e-07
9.984999999999999e-01 7.607528446516392e-07
9.990000000000000e-01 7.608487920124352e-07
9.994999999999999e-01 7.609447645314671e-07
