-1.000000000000000e+00 4.890406808417910e-01
-9.805000000000000e-01 4.897173926877785e-01
-9.610000000000000e-01 4.903980848040319e-01
-9.415000000000000e-01 4.910828067187590e-01
-9.219999999999999e-01 4.917716089676403e-01
-9.025000000000000e-01 4.924645431102911e-01
-8.830000000000000e-01 4.931616617708791e-01
-8.634999999999999e-01 4.938630186623154e-01
-8.440000000000000e-01 4.945686686267900e-01
-8.245000000000000e-01 4.952786676867490e-01
-8.050000000000000e-01 4.959930729933812e-01
-7.855000000000000e-01 4.967119429611312e-01
-7.660000000000000e-01 4.974353373494719e-01
-7.464999999999997e-01 4.981633170292990e-01
-7.270000000000000e-01 4.988959443974322e-01
-7.075000000000001e-01 4.996332831184150e-01
-6.879999999999998e-01 5.003753984835138e-01
-6.685000000000001e-01 5.011223570721597e-01
-6.490000000000000e-01 5.018742270670494e-01
-6.295000000000002e-01 5.026310782022615e-01
-6.100000000000001e-01 5.033929818710047e-01
-5.904999999999999e-01 5.041600111462153e-01
-5.709999999999998e-01 5.049322408449248e-01
-5.515000000000001e-01 5.057097475903610e-01
-5.320000000000001e-01 5.064926099067940e-01
-5.125000000000001e-01 5.072809081544324e-01
-4.930000000000001e-01 5.080747248531979e-01
-4.735000000000001e-01 5.088741443897974e-01
-4.540000000000000e-01 5.096792534070343e-01
-4.345000000000002e-01 5.104901409200366e-01
-4.150000000000000e-01 5.113068980636210e-01
-3.955000000000000e-01 5.121296184353066e-01
-3.759999999999999e-01 5.129583981303412e-01
-3.564999999999999e-01 5.137933358522048e-01
-3.370000000000000e-01 5.146345329290785e-01
-3.174999999999999e-01 5.154820936106334e-01
-2.979999999999999e-01 5.163361248100943e-01
-2.785000000000000e-01 5.171967368136776e-01
-2.589999999999999e-01 5.180640428299834e-01
-2.394999999999999e-01 5.189381594385746e-01
-2.199999999999999e-01 5.198192066316322e-01
-2.004999999999999e-01 5.207073078478812e-01
-1.809999999999999e-01 5.216025905363402e-01
-1.615000000000001e-01 5.225051857939232e-01
-1.420000000000001e-01 5.234152289526940e-01
-1.225000000000000e-01 5.243328594875964e-01
-1.029999999999999e-01 5.252582214007093e-01
-8.349999999999999e-02 5.261914633572038e-01
-6.400000000000007e-02 5.271327388831859e-01
-4.449999999999989e-02 5.280822066676716e-01
-2.500000000000004e-02 5.290400308036157e-01
-5.499999999999857e-03 5.300063809486969e-01
1.400000000000017e-02 5.309814328519534e-01
3.349999999999984e-02 5.319653683916478e-01
5.299999999999994e-02 5.329583761267833e-01
7.250000000000016e-02 5.339606515298599e-01
9.200000000000018e-02 5.349723974074572e-01
1.114999999999999e-01 5.359938243237685e-01
1.310000000000002e-01 5.370251510257509e-01
1.505000000000001e-01 5.380666049368678e-01
1.700000000000000e-01 5.391184226764117e-01
1.895000000000001e-01 5.401808506100914e-01
2.090000000000000e-01 5.412541456986217e-01
2.285000000000000e-01 5.423385752958193e-01
2.480000000000000e-01 5.434344186608290e-01
2.675000000000001e-01 5.445419681940273e-01
2.869999999999999e-01 5.456615297446222e-01
3.065000000000000e-01 5.467934221341512e-01
3.260000000000000e-01 5.479379813758353e-01
3.454999999999999e-01 5.490955587550057e-01
3.650000000000002e-01 5.502665237626575e-01
3.844999999999998e-01 5.514512641717748e-01
4.040000000000002e-01 5.526501903890486e-01
4.234999999999999e-01 5.538637335922459e-01
4.429999999999998e-01 5.550923499495022e-01
4.625000000000000e-01 5.563365209349758e-01
4.819999999999999e-01 5.575967584348485e-01
5.014999999999999e-01 5.588736053904874e-01
5.209999999999999e-01 5.601676395326693e-01
5.404999999999998e-01 5.614794770195496e-01
5.600000000000001e-01 5.628097766510827e-01
5.794999999999999e-01 5.641592438241113e-01
5.990000000000000e-01 5.655286360156460e-01
6.185000000000000e-01 5.669187707047423e-01
6.379999999999999e-01 5.683305328043857e-01
6.575000000000000e-01 5.697648799880940e-01
6.769999999999998e-01 5.712228570102217e-01
6.965000000000001e-01 5.727056101750326e-01
7.160000000000000e-01 5.742143998068308e-01
7.354999999999998e-01 5.757506182283884e-01
7.549999999999999e-01 5.773158212663986e-01
7.745000000000000e-01 5.789117532878900e-01
7.940000000000000e-01 5.805403989909650e-01
8.134999999999999e-01 5.822040278030899e-01
8.329999999999997e-01 5.839052794766560e-01
8.525000000000000e-01 5.856472777016312e-01
8.719999999999999e-01 5.874337827549239e-01
8.915000000000000e-01 5.892694813319003e-01
9.110000000000000e-01 5.911604149332400e-01
9.304999999999999e-01 5.931148451896288e-01
9.500000000000000e-01 5.951451282040083e-01
9.504999999999999e-01 5.951983430200415e-01
9.510000000000000e-01 5.952516211183436e-01
9.514999999999999e-01 5.953049633566507e-01
9.520000000000000e-01 5.953583696538203e-01
9.524999999999999e-01 5.954118408339760e-01
9.530000000000000e-01 5.954653773631911e-01
9.534999999999999e-01 5.955189800811703e-01
9.540000000000000e-01 5.955726491063621e-01
9.544999999999999e-01 5.956263854243635e-01
9.550000000000000e-01 5.956801891344108e-01
9.554999999999999e-01 5.957340610991632e-01
9.560000000000000e-01 5.957880033674161e-01
9.564999999999999e-01 5.958420145018491e-01
9.570000000000000e-01 5.958960940663973e-01
9.574999999999999e-01 5.959502458183399e-01
9.580000000000000e-01 5.960044651980518e-01
9.584999999999999e-01 5.960587558619278e-01
9.590000000000000e-01 5.961131185729509e-01
9.594999999999999e-01 5.961675548062595e-01
9.600000000000000e-01 5.962220643013921e-01
9.604999999999999e-01 5.962766507882522e-01
9.610000000000000e-01 5.963313083163475e-01
9.614999999999999e-01 5.963860422566595e-01
9.620000000000000e-01 5.964408495364713e-01
9.624999999999999e-01 5.964957362635553e-01
9.630000000000000e-01 5.965507055193309e-01
9.634999999999999e-01 5.966057442830135e-01
9.640000000000000e-01 5.966608694658208e-01
9.644999999999999e-01 5.967160722030423e-01
9.650000000000000e-01 5.967713555653432e-01
9.654999999999999e-01 5.968267213138235e-01
9.660000000000000e-01 5.968821701477592e-01
9.664999999999999e-01 5.969377032762034e-01
9.670000000000000e-01 5.969933204773892e-01
9.674999999999999e-01 5.970490229917086e-01
9.680000000000000e-01 5.971048115753104e-01
9.684999999999999e-01 5.971606880382641e-01
9.690000000000000e-01 5.972166546009481e-01
9.694999999999999e-01 5.972727078969655e-01
9.700000000000000e-01 5.973288536670377e-01
9.704999999999999e-01 5.973850917317476e-01
9.710000000000000e-01 5.974414241288861e-01
9.714999999999999e-01 5.974978395444872e-01
9.720000000000000e-01 5.975543616765647e-01
9.724999999999999e-01 5.976109817577129e-01
9.730000000000000e-01 5.976677056906674e-01
9.734999999999999e-01 5.977245286326950e-01
9.740000000000000e-01 5.977814505185189e-01
9.744999999999999e-01 5.978384755768683e-01
9.750000000000000e-01 5.978956052078597e-01
9.754999999999999e-01 5.979528443434412e-01
9.760000000000000e-01 5.980101941350906e-01
9.764999999999999e-01 5.980676557706114e-01
9.770000000000000e-01 5.981252327469745e-01
9.774999999999999e-01 5.981829263001402e-01
9.780000000000000e-01 5.982407392365328e-01
9.784999999999999e-01 5.982986763721322e-01
9.790000000000000e-01 5.983567377891750e-01
9.794999999999999e-01 5.984149295046982e-01
9.800000000000000e-01 5.984732539910961e-01
9.804999999999999e-01 5.985317160011606e-01
9.810000000000000e-01 5.985903196605659e-01
9.814999999999999e-01 5.986490687212100e-01
9.820000000000000e-01 5.987079660396843e-01
9.824999999999999e-01 5.987670204696848e-01
9.830000000000000e-01 5.988262369428528e-01
9.834999999999999e-01 5.988856191476961e-01
9.840000000000000e-01 5.989451757254168e-01
9.844999999999999e-01 5.990049115399444e-01
9.850000000000000e-01 5.990648381655468e-01
9.854999999999999e-01 5.991249629263082e-01
9.860000000000000e-01 5.991852924282068e-01
9.864999999999999e-01 5.992458449981866e-01
9.870000000000000e-01 5.993066193281571e-01
9.874999999999999e-01 5.993676311760895e-01
9.880000000000000e-01 5.994289014794018e-01
9.884999999999999e-01 5.994904461397675e-01
9.890000000000000e-01 5.995522702382724e-01
9.894999999999999e-01 5.996144048766104e-01
9.900000000000000e-01 5.996768679978847e-01
9.904999999999999e-01 5.997396847290442e-01
9.910000000000000e-01 5.998029065898236e-01
9.914999999999999e-01 5.998665168704170e-01
9.920000000000000e-01 5.999305618017067e-01
9.924999999999999e-01 5.999951273492770e-01
9.930000000000000e-01 6.000602471598473e-01
9.934999999999999e-01 6.001259828225101e-01
9.940000000000000e-01 6.001924169921280e-01
9.944999999999999e-01 6.002596492080923e-01
9.950000000000000e-01 6.003278058751887e-01
9.954999999999999e-01 6.003970531730158e-01
9.960000000000000e-01 6.004676145688114e-01
9.964999999999999e-01 6.005397974304252e-01
9.970000000000000e-01 6.006140598605061e-01
9.974999999999999e-01 6.006911111329920e-01
9.980000000000000e-01 6.007721498114522e-01
9.984999999999999e-01 6.008594700460181e-01
9.990000000000000e-01 6.009584222888057e-01
9.994999999999999e-01 6.010875229869279e-01
