-1.000000000000000e+00 1.631930086504190e-28
-9.805000000000000e-01 1.636639982421281e-28
-9.610000000000000e-01 1.641377144187266e-28
-9.415000000000000e-01 1.646141809259376e-28
-9.219999999999999e-01 1.650934217860055e-28
-9.025000000000000e-01 1.655754613017366e-28
-8.830000000000000e-01 1.660603240606046e-28
-8.634999999999999e-01 1.665480349389312e-28
-8.440000000000000e-01 1.670386191061383e-28
-8.245000000000000e-01 1.675321020290825e-28
-8.050000000000000e-01 1.680285094764549e-28
-7.855000000000000e-01 1.685278675232713e-28
-7.660000000000000e-01 1.690302025554338e-28
-7.464999999999997e-01 1.695355412743824e-28
-7.270000000000000e-01 1.700439107018211e-28
-7.075000000000001e-01 1.705553381845356e-28
-6.879999999999998e-01 1.710698513993009e-28
-6.685000000000001e-01 1.715874783578634e-28
-6.490000000000000e-01 1.721082474120396e-28
-6.295000000000002e-01 1.726321872588775e-28
-6.100000000000001e-01 1.731593269459380e-28
-5.904999999999999e-01 1.736896958766607e-28
-5.709999999999998e-01 1.742233238158264e-28
-5.515000000000001e-01 1.747602408951330e-28
-5.320000000000001e-01 1.753004776188623e-28
-5.125000000000001e-01 1.758440648696601e-28
-4.930000000000001e-01 1.763910339144189e-28
-4.735000000000001e-01 1.769414164102750e-28
-4.540000000000000e-01 1.774952444107187e-28
-4.345000000000002e-01 1.780525503718151e-28
-4.150000000000000e-01 1.786133671585461e-28
-3.955000000000000e-01 1.791777280512707e-28
-3.759999999999999e-01 1.797456667523130e-28
-3.564999999999999e-01 1.803172173926726e-28
-3.370000000000000e-01 1.808924145388563e-28
-3.174999999999999e-01 1.814712931998568e-28
-2.979999999999999e-01 1.820538888342548e-28
-2.785000000000000e-01 1.826402373574590e-28
-2.589999999999999e-01 1.832303751490935e-28
-2.394999999999999e-01 1.838243390605175e-28
-2.199999999999999e-01 1.844221664225066e-28
-2.004999999999999e-01 1.850238950530712e-28
-1.809999999999999e-01 1.856295632654385e-28
-1.615000000000001e-01 1.862392098761842e-28
-1.420000000000001e-01 1.868528742135297e-28
-1.225000000000000e-01 1.874705961258049e-28
-1.029999999999999e-01 1.880924159900777e-28
-8.349999999999999e-02 1.887183747209534e-28
-6.400000000000007e-02 1.893485137795580e-28
-4.449999999999989e-02 1.899828751826929e-28
-2.500000000000004e-02 1.906215015121850e-28
-5.499999999999857e-03 1.912644359244145e-28
1.400000000000017e-02 1.919117221600499e-28
3.349999999999984e-02 1.925634045539653e-28
5.299999999999994e-02 1.932195280453803e-28
7.250000000000016e-02 1.938801381881862e-28
9.200000000000018e-02 1.945452811615081e-28
1.114999999999999e-01 1.952150037804655e-28
1.310000000000002e-01 1.958893535071718e-28
1.505000000000001e-01 1.965683784619453e-28
1.700000000000000e-01 1.972521274347770e-28
1.895000000000001e-01 1.979406498970191e-28
2.090000000000000e-01 1.986339960133275e-28
2.285000000000000e-01 1.993322166538638e-28
2.480000000000000e-01 2.000353634067389e-28
2.675000000000001e-01 2.007434885907362e-28
2.869999999999999e-01 2.014566452683011e-28
3.065000000000000e-01 2.021748872588065e-28
3.260000000000000e-01 2.028982691521060e-28
3.454999999999999e-01 2.036268463223789e-28
3.650000000000002e-01 2.043606749422803e-28
3.844999999999998e-01 2.050998119973856e-28
4.040000000000002e-01 2.058443153009610e-28
4.234999999999999e-01 2.065942435090567e-28
4.429999999999998e-01 2.073496561359256e-28
4.625000000000000e-01 2.081106135697874e-28
4.819999999999999e-01 2.088771770889395e-28
5.014999999999999e-01 2.096494088782243e-28
5.209999999999999e-01 2.104273720458666e-28
5.404999999999998e-01 2.112111306406827e-28
5.600000000000001e-01 2.120007496696822e-28
5.794999999999999e-01 2.127962951160628e-28
5.990000000000000e-01 2.135978339576124e-28
6.185000000000000e-01 2.144054341855298e-28
6.379999999999999e-01 2.152191648236708e-28
6.575000000000000e-01 2.160390959482399e-28
6.769999999999998e-01 2.168652987079347e-28
6.965000000000001e-01 2.176978453445450e-28
7.160000000000000e-01 2.185368092140412e-28
7.354999999999998e-01 2.193822648081396e-28
7.549999999999999e-01 2.202342877763869e-28
7.745000000000000e-01 2.210929549487390e-28
7.940000000000000e-01 2.219583443586977e-28
8.134999999999999e-01 2.228305352669620e-28
8.329999999999997e-01 2.237096081856703e-28
8.525000000000000e-01 2.245956449031933e-28
8.719999999999999e-01 2.254887285095317e-28
8.915000000000000e-01 2.263889434223268e-28
9.110000000000000e-01 2.272963754134750e-28
9.304999999999999e-01 2.282111116364138e-28
9.500000000000000e-01 2.291332406540412e-28
9.504999999999999e-01 2.291569829934183e-28
9.510000000000000e-01 2.291807302538984e-28
9.514999999999999e-01 2.292044824370139e-28
9.520000000000000e-01 2.292282395442961e-28
9.524999999999999e-01 2.292520015772759e-28
9.530000000000000e-01 2.292757685374853e-28
9.534999999999999e-01 2.292995404264596e-28
9.540000000000000e-01 2.293233172457301e-28
9.544999999999999e-01 2.293470989968316e-28
9.550000000000000e-01 2.293708856812986e-28
9.554999999999999e-01 2.293946773006669e-28
9.560000000000000e-01 2.294184738564740e-28
9.564999999999999e-01 2.294422753502549e-28
9.570000000000000e-01 2.294660817835487e-28
9.574999999999999e-01 2.294898931578917e-28
9.580000000000000e-01 2.295137094748226e-28
9.584999999999999e-01 2.295375307358827e-28
9.590000000000000e-01 2.295613569426104e-28
9.594999999999999e-01 2.295851880965461e-28
9.600000000000000e-01 2.296090241992330e-28
9.604999999999999e-01 2.296328652522109e-28
9.610000000000000e-01 2.296567112570236e-28
9.614999999999999e-01 2.296805622152133e-28
9.620000000000000e-01 2.297044181283247e-28
9.624999999999999e-01 2.297282789979016e-28
9.630000000000000e-01 2.297521448254910e-28
9.634999999999999e-01 2.297760156126357e-28
9.640000000000000e-01 2.297998913608839e-28
9.644999999999999e-01 2.298237720717820e-28
9.650000000000000e-01 2.298476577468793e-28
9.654999999999999e-01 2.298715483877220e-28
9.660000000000000e-01 2.298954439958581e-28
9.664999999999999e-01 2.299193445728416e-28
9.670000000000000e-01 2.299432501202191e-28
9.674999999999999e-01 2.299671606395433e-28
9.680000000000000e-01 2.299910761323657e-28
9.684999999999999e-01 2.300149966002371e-28
9.690000000000000e-01 2.300389220447105e-28
9.694999999999999e-01 2.300628524673397e-28
9.700000000000000e-01 2.300867878696800e-28
9.704999999999999e-01 2.301107282532850e-28
9.710000000000000e-01 2.301346736197133e-28
9.714999999999999e-01 2.301586239705139e-28
9.720000000000000e-01 2.301825793072493e-28
9.724999999999999e-01 2.302065396314766e-28
9.730000000000000e-01 2.302305049447521e-28
9.734999999999999e-01 2.302544752486338e-28
9.740000000000000e-01 2.302784505446843e-28
9.744999999999999e-01 2.303024308344600e-28
9.750000000000000e-01 2.303264161195240e-28
9.754999999999999e-01 2.303504064014370e-28
9.760000000000000e-01 2.303744016817590e-28
9.764999999999999e-01 2.303984019620554e-28
9.770000000000000e-01 2.304224072438881e-28
9.774999999999999e-01 2.304464175288206e-28
9.780000000000000e-01 2.304704328184183e-28
9.784999999999999e-01 2.304944531142464e-28
9.790000000000000e-01 2.305184784178700e-28
9.794999999999999e-01 2.305425087308560e-28
9.800000000000000e-01 2.305665440547724e-28
9.804999999999999e-01 2.305905843911839e-28
9.810000000000000e-01 2.306146297416639e-28
9.814999999999999e-01 2.306386801077756e-28
9.820000000000000e-01 2.306627354910950e-28
9.824999999999999e-01 2.306867958931880e-28
9.830000000000000e-01 2.307108613156276e-28
9.834999999999999e-01 2.307349317599854e-28
9.840000000000000e-01 2.307590072278342e-28
9.844999999999999e-01 2.307830877207441e-28
9.850000000000000e-01 2.308071732402925e-28
9.854999999999999e-01 2.308312637880532e-28
9.860000000000000e-01 2.308553593655991e-28
9.864999999999999e-01 2.308794599745074e-28
9.870000000000000e-01 2.309035656163542e-28
9.874999999999999e-01 2.309276762927161e-28
9.880000000000000e-01 2.309517920051727e-28
9.884999999999999e-01 2.309759127552990e-28
9.890000000000000e-01 2.310000385446784e-28
9.894999999999999e-01 2.310241693748859e-28
9.900000000000000e-01 2.310483052475026e-28
9.904999999999999e-01 2.310724461641121e-28
9.910000000000000e-01 2.310965921262956e-28
9.914999999999999e-01 2.311207431356322e-28
9.920000000000000e-01 2.311448991937084e-28
9.924999999999999e-01 2.311690603021054e-28
9.930000000000000e-01 2.311932264624098e-28
9.934999999999999e-01 2.312173976762036e-28
9.940000000000000e-01 2.312415739450744e-28
9.944999999999999e-01 2.312657552706091e-28
9.950000000000000e-01 2.312899416543940e-28
9.954999999999999e-01 2.313141330980139e-28
9.960000000000000e-01 2.313383296030607e-28
9.964999999999999e-01 2.313625311711230e-28
9.970000000000000e-01 2.313867378037888e-28
9.974999999999999e-01 2.314109495026478e-28
9.980000000000000e-01 2.314351662692930e-28
9.984999999999999e-01 2.314593881053152e-28
9.990000000000000e-01 2.314836150123065e-28
9.994999999999999e-01 2.315078469918591e-28
