-1.000000000000000e+00 4.737095278417443e-05
-9.805000000000000e-01 4.760417914053576e-05
-9.610000000000000e-01 4.784066182249477e-05
-9.415000000000000e-01 4.808040990469457e-05
-9.219999999999999e-01 4.832341731579528e-05
-9.025000000000000e-01 4.856984310451775e-05
-8.830000000000000e-01 4.881983231276586e-05
-8.634999999999999e-01 4.907335833664068e-05
-8.440000000000000e-01 4.933064046785527e-05
-8.245000000000000e-01 4.959162648170800e-05
-8.050000000000000e-01 4.985648064191415e-05
-7.855000000000000e-01 5.012540495166694e-05
-7.660000000000000e-01 5.039832302775654e-05
-7.464999999999997e-01 5.067542300246733e-05
-7.270000000000000e-01 5.095711984170743e-05
-7.075000000000001e-01 5.124266513172605e-05
-6.879999999999998e-01 5.153370925018745e-05
-6.685000000000001e-01 5.182797414726130e-05
-6.490000000000000e-01 5.212772587207035e-05
-6.295000000000002e-01 5.243242274427410e-05
-6.100000000000001e-01 5.274227147011225e-05
-5.904999999999999e-01 5.305704025423287e-05
-5.709999999999998e-01 5.337730818071316e-05
-5.515000000000001e-01 5.370307882050168e-05
-5.320000000000001e-01 5.403455990409559e-05
-5.125000000000001e-01 5.437191298347917e-05
-4.930000000000001e-01 5.471518396650867e-05
-4.735000000000001e-01 5.506461999548434e-05
-4.540000000000000e-01 5.542067451958753e-05
-4.345000000000002e-01 5.578324996815331e-05
-4.150000000000000e-01 5.615935872836346e-05
-3.955000000000000e-01 5.652908360432864e-05
-3.759999999999999e-01 5.691282464572260e-05
-3.564999999999999e-01 5.730408160474857e-05
-3.370000000000000e-01 5.770312759092893e-05
-3.174999999999999e-01 5.811025541993975e-05
-2.979999999999999e-01 5.852568588326873e-05
-2.785000000000000e-01 5.894982480294160e-05
-2.589999999999999e-01 5.938290266615078e-05
-2.394999999999999e-01 5.982533745056957e-05
-2.199999999999999e-01 6.028138081996249e-05
-2.004999999999999e-01 6.074372798316454e-05
-1.809999999999999e-01 6.121645416285243e-05
-1.615000000000001e-01 6.169987470684624e-05
-1.420000000000001e-01 6.219497765913729e-05
-1.225000000000000e-01 6.270167335484678e-05
-1.029999999999999e-01 6.322037875295314e-05
-8.349999999999999e-02 6.375197455401097e-05
-6.400000000000007e-02 6.429663675160755e-05
-4.449999999999989e-02 6.485550092745504e-05
-2.500000000000004e-02 6.542714325172158e-05
-5.499999999999857e-03 6.601733030273006e-05
1.400000000000017e-02 6.662249324837463e-05
3.349999999999984e-02 6.724261202361872e-05
5.299999999999994e-02 6.788099390699952e-05
7.250000000000016e-02 6.853767487247999e-05
9.200000000000018e-02 6.921356513583746e-05
1.114999999999999e-01 6.990975858143867e-05
1.310000000000002e-01 7.062722879139678e-05
1.505000000000001e-01 7.136756853199086e-05
1.700000000000000e-01 7.213077260119915e-05
1.895000000000001e-01 7.291949549291403e-05
2.090000000000000e-01 7.373475938005864e-05
2.285000000000000e-01 7.457808343691213e-05
2.480000000000000e-01 7.545132597932416e-05
2.675000000000001e-01 7.635615381996832e-05
2.869999999999999e-01 7.729487890490789e-05
3.065000000000000e-01 7.826943541493121e-05
3.260000000000000e-01 7.928249944558293e-05
3.454999999999999e-01 8.033677943145781e-05
3.650000000000002e-01 8.143524221162560e-05
3.844999999999998e-01 8.258116696496144e-05
4.040000000000002e-01 8.377828528510343e-05
4.234999999999999e-01 8.503065770266454e-05
4.429999999999998e-01 8.634289025640608e-05
4.625000000000000e-01 8.772012555298424e-05
4.819999999999999e-01 8.916815406305932e-05
5.014999999999999e-01 9.069354451963040e-05
5.209999999999999e-01 9.230377981452952e-05
5.404999999999998e-01 9.400732977295251e-05
5.600000000000001e-01 9.581417732576918e-05
5.794999999999999e-01 9.773539144918951e-05
5.990000000000000e-01 9.978456374287453e-05
6.185000000000000e-01 1.019768793553281e-04
6.379999999999999e-01 1.043307765619693e-04
6.575000000000000e-01 1.068680482037366e-04
6.769999999999998e-01 1.096150753628288e-04
6.965000000000001e-01 1.126036462568460e-04
7.160000000000000e-01 1.158733023835114e-04
7.354999999999998e-01 1.194731849088421e-04
7.549999999999999e-01 1.234656390475243e-04
7.745000000000000e-01 1.279311434763078e-04
7.940000000000000e-01 1.329758397942598e-04
8.134999999999999e-01 1.387430928694830e-04
8.329999999999997e-01 1.454323598970093e-04
8.525000000000000e-01 1.533313617132753e-04
8.719999999999999e-01 1.628738005849207e-04
8.915000000000000e-01 1.747520182057142e-04
9.110000000000000e-01 1.901582401056232e-04
9.304999999999999e-01 2.113759524281968e-04
9.500000000000000e-01 2.435419976315154e-04
9.504999999999999e-01 2.446013987282781e-04
9.510000000000000e-01 2.456764944892576e-04
9.514999999999999e-01 2.467675985828906e-04
9.520000000000000e-01 2.478754452823921e-04
9.524999999999999e-01 2.490002074970609e-04
9.530000000000000e-01 2.501423253828554e-04
9.534999999999999e-01 2.513023064542050e-04
9.540000000000000e-01 2.524806405239268e-04
9.544999999999999e-01 2.536778198679358e-04
9.550000000000000e-01 2.548943529329705e-04
9.554999999999999e-01 2.561310774619957e-04
9.560000000000000e-01 2.573876733625906e-04
9.564999999999999e-01 2.586655934489640e-04
9.570000000000000e-01 2.599651507113925e-04
9.574999999999999e-01 2.612870155150885e-04
9.580000000000000e-01 2.626317659529502e-04
9.584999999999999e-01 2.640001979546581e-04
9.590000000000000e-01 2.653928920816380e-04
9.594999999999999e-01 2.668106381111312e-04
9.600000000000000e-01 2.682542431791252e-04
9.604999999999999e-01 2.697244945073643e-04
9.610000000000000e-01 2.712222349938830e-04
9.614999999999999e-01 2.727484184830659e-04
9.620000000000000e-01 2.743037997996540e-04
9.624999999999999e-01 2.758894339564423e-04
9.630000000000000e-01 2.775063809716586e-04
9.634999999999999e-01 2.791556609626336e-04
9.640000000000000e-01 2.808381749166974e-04
9.644999999999999e-01 2.825557020097907e-04
9.650000000000000e-01 2.843088700391201e-04
9.654999999999999e-01 2.860991435701184e-04
9.660000000000000e-01 2.879278779088999e-04
9.664999999999999e-01 2.897964991999912e-04
9.670000000000000e-01 2.917064890759535e-04
9.674999999999999e-01 2.936594429305248e-04
9.680000000000000e-01 2.956570093898033e-04
9.684999999999999e-01 2.977009302968318e-04
9.690000000000000e-01 2.997930707607280e-04
9.694999999999999e-01 3.019353729036048e-04
9.700000000000000e-01 3.041299137676679e-04
9.704999999999999e-01 3.063788834498097e-04
9.710000000000000e-01 3.086845925947421e-04
9.714999999999999e-01 3.110494816306368e-04
9.720000000000000e-01 3.134762684958805e-04
9.724999999999999e-01 3.159676142586619e-04
9.730000000000000e-01 3.185265276902135e-04
9.734999999999999e-01 3.211561613765417e-04
9.740000000000000e-01 3.238598773040452e-04
9.744999999999999e-01 3.266412654760440e-04
9.750000000000000e-01 3.295041828759473e-04
9.754999999999999e-01 3.324527121858697e-04
9.760000000000000e-01 3.354913462934372e-04
9.764999999999999e-01 3.386246835587571e-04
9.770000000000000e-01 3.418579272189930e-04
9.774999999999999e-01 3.451965563363238e-04
9.780000000000000e-01 3.486464846284808e-04
9.784999999999999e-01 3.522141692605332e-04
9.790000000000000e-01 3.559063360238063e-04
9.794999999999999e-01 3.597307295057503e-04
9.800000000000000e-01 3.636954269936704e-04
9.804999999999999e-01 3.678093664693786e-04
9.810000000000000e-01 3.720821465634874e-04
9.814999999999999e-01 3.765244986917848e-04
9.820000000000000e-01 3.811481156083357e-04
9.824999999999999e-01 3.859656620621057e-04
9.830000000000000e-01 3.909912173988961e-04
9.834999999999999e-01 3.962401564031609e-04
9.840000000000000e-01 4.017308296124926e-04
9.844999999999999e-01 4.074811987175746e-04
9.850000000000000e-01 4.135127577520706e-04
9.854999999999999e-01 4.198506245809249e-04
9.860000000000000e-01 4.265206088477313e-04
9.864999999999999e-01 4.335535046193939e-04
9.870000000000000e-01 4.409837650411670e-04
9.874999999999999e-01 4.488505879516343e-04
9.880000000000000e-01 4.571988290198769e-04
9.884999999999999e-01 4.660803084687525e-04
9.890000000000000e-01 4.755544939205713e-04
9.894999999999999e-01 4.856911764260108e-04
9.900000000000000e-01 5.050853214465058e-04
9.904999999999999e-01 5.149002134300156e-04
9.910000000000000e-01 5.262434438874953e-04
9.914999999999999e-01 5.389949794223856e-04
9.920000000000000e-01 5.531610759512296e-04
9.924999999999999e-01 5.689382883650920e-04
9.930000000000000e-01 5.863999632379729e-04
9.934999999999999e-01 6.060506416773097e-04
9.940000000000000e-01 6.281578524055002e-04
9.944999999999999e-01 6.532874339432873e-04
9.950000000000000e-01 6.822272931747113e-04
9.954999999999999e-01 7.158876723968188e-04
9.960000000000000e-01 7.557311787787736e-04
9.964999999999999e-01 8.039922563645387e-04
9.970000000000000e-01 8.639350542265741e-04
9.974999999999999e-01 9.411028160163857e-04
9.980000000000000e-01 1.045778404145843e-03
9.984999999999999e-01 1.199318585057481e-03
9.990000000000000e-01 1.457002662066000e-03
9.994999999999999e-01 2.039086846484755e-03
