-1.000000000000000e+00 2.613283828741890e-06
-9.805000000000000e-01 2.629536228949699e-06
-9.610000000000000e-01 2.645935000794884e-06
-9.415000000000000e-01 2.662693227993661e-06
-9.219999999999999e-01 2.679615989085818e-06
-9.025000000000000e-01 2.696800587916908e-06
-8.830000000000000e-01 2.714276645643552e-06
-8.634999999999999e-01 2.731972607853511e-06
-8.440000000000000e-01 2.749960635149218e-06
-8.245000000000000e-01 2.768217022797166e-06
-8.050000000000000e-01 2.786844306192935e-06
-7.855000000000000e-01 2.805618148351525e-06
-7.660000000000000e-01 2.824709484801374e-06
-7.464999999999997e-01 2.844153790522894e-06
-7.270000000000000e-01 2.863914715494286e-06
-7.075000000000001e-01 2.883938980006691e-06
-6.879999999999998e-01 2.904318475122571e-06
-6.685000000000001e-01 2.925205351242965e-06
-6.490000000000000e-01 2.946080902218183e-06
-6.295000000000002e-01 2.967493845316636e-06
-6.100000000000001e-01 2.989316098786089e-06
-5.904999999999999e-01 3.011408583017937e-06
-5.709999999999998e-01 3.033956240453406e-06
-5.515000000000001e-01 3.056938045359295e-06
-5.320000000000001e-01 3.080241777054150e-06
-5.125000000000001e-01 3.103965475323249e-06
-4.930000000000001e-01 3.127327717160498e-06
-4.735000000000001e-01 3.151891814997360e-06
-4.540000000000000e-01 3.176963229483794e-06
-4.345000000000002e-01 3.202475338122661e-06
-4.150000000000000e-01 3.228451518869921e-06
-3.955000000000000e-01 3.254856596549630e-06
-3.759999999999999e-01 3.281876069106557e-06
-3.564999999999999e-01 3.310941640979044e-06
-3.370000000000000e-01 3.339259200806629e-06
-3.174999999999999e-01 3.368144573096275e-06
-2.979999999999999e-01 3.396223273308980e-06
-2.785000000000000e-01 3.426025897666227e-06
-2.589999999999999e-01 3.456603491506660e-06
-2.394999999999999e-01 3.487621519186707e-06
-2.199999999999999e-01 3.519443047928236e-06
-2.004999999999999e-01 3.551903559829464e-06
-1.809999999999999e-01 3.585253942802320e-06
-1.615000000000001e-01 3.619176856191765e-06
-1.420000000000001e-01 3.654050771975236e-06
-1.225000000000000e-01 3.689747461354006e-06
-1.029999999999999e-01 3.726230075202551e-06
-8.349999999999999e-02 3.763930350209428e-06
-6.400000000000007e-02 3.799663557974298e-06
-4.449999999999989e-02 3.838652518039280e-06
-2.500000000000004e-02 3.878815646340173e-06
-5.499999999999857e-03 3.919717897601811e-06
1.400000000000017e-02 3.961148907051620e-06
3.349999999999984e-02 4.004729175467117e-06
5.299999999999994e-02 4.049121234859795e-06
7.250000000000016e-02 4.094817008791718e-06
9.200000000000018e-02 4.141716995249264e-06
1.114999999999999e-01 4.190062390050785e-06
1.310000000000002e-01 4.239548377020456e-06
1.505000000000001e-01 4.290597193913378e-06
1.700000000000000e-01 4.343165382344187e-06
1.895000000000001e-01 4.396952727519283e-06
2.090000000000000e-01 4.453460612052936e-06
2.285000000000000e-01 4.511908126107007e-06
2.480000000000000e-01 4.571217946840092e-06
2.675000000000001e-01 4.632795922119548e-06
2.869999999999999e-01 4.696639977637376e-06
3.065000000000000e-01 4.762606447644119e-06
3.260000000000000e-01 4.831101411991318e-06
3.454999999999999e-01 4.902058231008548e-06
3.650000000000002e-01 4.975658166454997e-06
3.844999999999998e-01 5.052264459474690e-06
4.040000000000002e-01 5.131998217012951e-06
4.234999999999999e-01 5.215037714719202e-06
4.429999999999998e-01 5.301656870274085e-06
4.625000000000000e-01 5.392100214170707e-06
4.819999999999999e-01 5.486741062014589e-06
5.014999999999999e-01 5.585879040947003e-06
5.209999999999999e-01 5.689598805047483e-06
5.404999999999998e-01 5.799352953623724e-06
5.600000000000001e-01 5.914268433961506e-06
5.794999999999999e-01 6.035920469197193e-06
5.990000000000000e-01 6.164661244286340e-06
6.185000000000000e-01 6.301645973720457e-06
6.379999999999999e-01 6.446641812958127e-06
6.575000000000000e-01 6.601759001014750e-06
6.769999999999998e-01 6.767837601028165e-06
6.965000000000001e-01 6.946633943596388e-06
7.160000000000000e-01 7.139814026408071e-06
7.354999999999998e-01 7.349012902700100e-06
7.549999999999999e-01 7.578171753294240e-06
7.745000000000000e-01 7.830801897173173e-06
7.940000000000000e-01 8.110459483707279e-06
8.134999999999999e-01 8.423767511781576e-06
8.329999999999997e-01 8.778912746056514e-06
8.525000000000000e-01 9.187559276987225e-06
8.719999999999999e-01 9.666765325149793e-06
8.915000000000000e-01 1.024278308822002e-05
9.110000000000000e-01 1.095974401666924e-05
9.304999999999999e-01 1.189837614229946e-05
9.500000000000000e-01 1.323262098618509e-05
9.504999999999999e-01 1.327500666455531e-05
9.510000000000000e-01 1.331793987289343e-05
9.514999999999999e-01 1.336145757948599e-05
9.520000000000000e-01 1.340545761525831e-05
9.524999999999999e-01 1.345000607695729e-05
9.530000000000000e-01 1.349519520943550e-05
9.534999999999999e-01 1.354108769875128e-05
9.540000000000000e-01 1.358739245640098e-05
9.544999999999999e-01 1.363445663047775e-05
9.550000000000000e-01 1.368213113498809e-05
9.554999999999999e-01 1.373050311349352e-05
9.560000000000000e-01 1.377953898017905e-05
9.564999999999999e-01 1.382929609072763e-05
9.570000000000000e-01 1.387974725717690e-05
9.574999999999999e-01 1.393095941827398e-05
9.580000000000000e-01 1.398305821945436e-05
9.584999999999999e-01 1.403567418323529e-05
9.590000000000000e-01 1.408932388463938e-05
9.594999999999999e-01 1.414373405831977e-05
9.600000000000000e-01 1.419884415167283e-05
9.604999999999999e-01 1.425494120358651e-05
9.610000000000000e-01 1.431194325638278e-05
9.614999999999999e-01 1.436987305094275e-05
9.620000000000000e-01 1.442877674286186e-05
9.624999999999999e-01 1.448863772100655e-05
9.630000000000000e-01 1.454952559131211e-05
9.634999999999999e-01 1.461145934575659e-05
9.640000000000000e-01 1.467447670243201e-05
9.644999999999999e-01 1.473867297410306e-05
9.650000000000000e-01 1.480389363014610e-05
9.654999999999999e-01 1.487037225314602e-05
9.660000000000000e-01 1.493813999070974e-05
9.664999999999999e-01 1.500707462465379e-05
9.670000000000000e-01 1.507737023777870e-05
9.674999999999999e-01 1.514903962699258e-05
9.680000000000000e-01 1.522212169145681e-05
9.684999999999999e-01 1.529667552859173e-05
9.690000000000000e-01 1.537275751901729e-05
9.694999999999999e-01 1.545042032795529e-05
9.700000000000000e-01 1.552969423960084e-05
9.704999999999999e-01 1.561070362506630e-05
9.710000000000000e-01 1.569355981069477e-05
9.714999999999999e-01 1.577808531183607e-05
9.720000000000000e-01 1.586470332215705e-05
9.724999999999999e-01 1.595329231744416e-05
9.730000000000000e-01 1.604381414353644e-05
9.734999999999999e-01 1.613664107920426e-05
9.740000000000000e-01 1.623174265318007e-05
9.744999999999999e-01 1.632921434663283e-05
9.750000000000000e-01 1.642919499856667e-05
9.754999999999999e-01 1.653177973016844e-05
9.760000000000000e-01 1.663633976286183e-05
9.764999999999999e-01 1.674532339033025e-05
9.770000000000000e-01 1.685655034270552e-05
9.774999999999999e-01 1.697094652934388e-05
9.780000000000000e-01 1.708871344037778e-05
9.784999999999999e-01 1.720991529999285e-05
9.790000000000000e-01 1.733501560625960e-05
9.794999999999999e-01 1.746396679348574e-05
9.800000000000000e-01 1.759713000027974e-05
9.804999999999999e-01 1.773446706687693e-05
9.810000000000000e-01 1.787687726816716e-05
9.814999999999999e-01 1.802410729363259e-05
9.820000000000000e-01 1.817664614095036e-05
9.824999999999999e-01 1.833501128477250e-05
9.830000000000000e-01 1.849919932609590e-05
9.834999999999999e-01 1.866998297598645e-05
9.840000000000000e-01 1.884780764984659e-05
9.844999999999999e-01 1.903313134114824e-05
9.850000000000000e-01 1.922644148941607e-05
9.854999999999999e-01 1.942856404625670e-05
9.860000000000000e-01 1.964018887061787e-05
9.864999999999999e-01 1.986213774589178e-05
9.870000000000000e-01 2.009528699541124e-05
9.874999999999999e-01 2.034086495612962e-05
9.880000000000000e-01 2.059988157365655e-05
9.884999999999999e-01 2.087384765067226e-05
9.890000000000000e-01 2.116444656804366e-05
9.894999999999999e-01 2.147342444419697e-05
9.900000000000000e-01 2.180297016423994e-05
9.904999999999999e-01 2.215569989560130e-05
9.910000000000000e-01 2.253465126015952e-05
9.914999999999999e-01 2.294341054459975e-05
9.920000000000000e-01 2.338655398074451e-05
9.924999999999999e-01 2.386947157619913e-05
9.930000000000000e-01 2.439891526974398e-05
9.934999999999999e-01 2.498334912380243e-05
9.940000000000000e-01 2.563371435566849e-05
9.944999999999999e-01 2.636424909291320e-05
9.950000000000000e-01 2.719397561779633e-05
9.954999999999999e-01 2.814904476106087e-05
9.960000000000000e-01 2.926663599333829e-05
9.964999999999999e-01 3.060163369600312e-05
9.970000000000000e-01 3.223943033082835e-05
9.974999999999999e-01 3.432210279168285e-05
9.980000000000000e-01 3.710850834504231e-05
9.984999999999999e-01 4.113714728271400e-05
9.990000000000000e-01 4.779721748621465e-05
9.994999999999999e-01 6.258513326352828e-05
