-1.000000000000000e+00 6.621967259551251e-06
-9.805000000000000e-01 6.659276277214592e-06
-9.610000000000000e-01 6.697189635492328e-06
-9.415000000000000e-01 6.735701838154644e-06
-9.219999999999999e-01 6.774829126669364e-06
-9.025000000000000e-01 6.814487765641226e-06
-8.830000000000000e-01 6.854732605877874e-06
-8.634999999999999e-01 6.895769729762728e-06
-8.440000000000000e-01 6.937383637677442e-06
-8.245000000000000e-01 6.979674488944596e-06
-8.050000000000000e-01 7.022622730045833e-06
-7.855000000000000e-01 7.066284470321644e-06
-7.660000000000000e-01 7.110833417281933e-06
-7.464999999999997e-01 7.156000706528549e-06
-7.270000000000000e-01 7.201978124809722e-06
-7.075000000000001e-01 7.248751355170679e-06
-6.879999999999998e-01 7.296197181024391e-06
-6.685000000000001e-01 7.344753593058097e-06
-6.490000000000000e-01 7.394047751476009e-06
-6.295000000000002e-01 7.444267179059945e-06
-6.100000000000001e-01 7.495431758005230e-06
-5.904999999999999e-01 7.547458294310896e-06
-5.709999999999998e-01 7.600484557080710e-06
-5.515000000000001e-01 7.654589639616646e-06
-5.320000000000001e-01 7.709728200969920e-06
-5.125000000000001e-01 7.765932472699617e-06
-4.930000000000001e-01 7.823285740055392e-06
-4.735000000000001e-01 7.881630418222458e-06
-4.540000000000000e-01 7.941333046270525e-06
-4.345000000000002e-01 8.002182106757817e-06
-4.150000000000000e-01 8.064446960377697e-06
-3.955000000000000e-01 8.127863509427410e-06
-3.759999999999999e-01 8.192696230247961e-06
-3.564999999999999e-01 8.258943173035869e-06
-3.370000000000000e-01 8.326677196519343e-06
-3.174999999999999e-01 8.395907374482322e-06
-2.979999999999999e-01 8.466667983192466e-06
-2.785000000000000e-01 8.539219878725486e-06
-2.589999999999999e-01 8.613393000263475e-06
-2.394999999999999e-01 8.689301072535505e-06
-2.199999999999999e-01 8.767118944630696e-06
-2.004999999999999e-01 8.846816223535010e-06
-1.809999999999999e-01 8.928495703371484e-06
-1.615000000000001e-01 9.012209183074882e-06
-1.420000000000001e-01 9.097788522625968e-06
-1.225000000000000e-01 9.186611685078235e-06
-1.029999999999999e-01 9.277027646532366e-06
-8.349999999999999e-02 9.370072966948498e-06
-6.400000000000007e-02 9.465765819811867e-06
-4.449999999999989e-02 9.564268341611466e-06
-2.500000000000004e-02 9.665301583051424e-06
-5.499999999999857e-03 9.769423623539927e-06
1.400000000000017e-02 9.876707129012939e-06
3.349999999999984e-02 9.987352070788801e-06
5.299999999999994e-02 1.010131149202597e-05
7.250000000000016e-02 1.021894030080697e-05
9.200000000000018e-02 1.034043670818191e-05
1.114999999999999e-01 1.046595993938789e-05
1.310000000000002e-01 1.059571843615124e-05
1.505000000000001e-01 1.073009748978650e-05
1.700000000000000e-01 1.086906526515719e-05
1.895000000000001e-01 1.101310654348322e-05
2.090000000000000e-01 1.116278064225274e-05
2.285000000000000e-01 1.131803333473285e-05
2.480000000000000e-01 1.147929578469391e-05
2.675000000000001e-01 1.164710858131193e-05
2.869999999999999e-01 1.182187052161397e-05
3.065000000000000e-01 1.200409638118280e-05
3.260000000000000e-01 1.219416020373833e-05
3.454999999999999e-01 1.239284682950075e-05
3.650000000000002e-01 1.260100190637829e-05
3.844999999999998e-01 1.281883262115460e-05
4.040000000000002e-01 1.304748034668573e-05
4.234999999999999e-01 1.328783699649183e-05
4.429999999999998e-01 1.354087586396190e-05
4.625000000000000e-01 1.380752302183202e-05
4.819999999999999e-01 1.408948432437461e-05
5.014999999999999e-01 1.438799425074313e-05
5.209999999999999e-01 1.470470203510777e-05
5.404999999999998e-01 1.504136532330649e-05
5.600000000000001e-01 1.540146538014853e-05
5.794999999999999e-01 1.578602634766076e-05
5.990000000000000e-01 1.619884287347181e-05
6.185000000000000e-01 1.664317287592236e-05
6.379999999999999e-01 1.712327329197655e-05
6.575000000000000e-01 1.764441751128956e-05
6.769999999999998e-01 1.821148780541932e-05
6.965000000000001e-01 1.883550091673600e-05
7.160000000000000e-01 1.952191472545302e-05
7.354999999999998e-01 2.028391298089491e-05
7.549999999999999e-01 2.162549629231837e-05
7.745000000000000e-01 2.242875441243002e-05
7.940000000000000e-01 2.344392059450628e-05
8.134999999999999e-01 2.463454789157713e-05
8.329999999999997e-01 2.605846887987091e-05
8.525000000000000e-01 2.773851969954817e-05
8.719999999999999e-01 2.988815515972791e-05
8.915000000000000e-01 3.256737401763625e-05
9.110000000000000e-01 3.609677850253937e-05
9.304999999999999e-01 4.105784255428872e-05
9.500000000000000e-01 4.867651550446029e-05
9.504999999999999e-01 4.898256635458420e-05
9.510000000000000e-01 4.923543767615531e-05
9.514999999999999e-01 4.950580896558472e-05
9.520000000000000e-01 4.978905601483155e-05
9.524999999999999e-01 5.004875388780421e-05
9.530000000000000e-01 5.032534191219297e-05
9.534999999999999e-01 5.060706605682793e-05
9.540000000000000e-01 5.090355365886430e-05
9.544999999999999e-01 5.117712694076039e-05
9.550000000000000e-01 5.146742119777252e-05
9.554999999999999e-01 5.177546839898907e-05
9.560000000000000e-01 5.208307354395617e-05
9.564999999999999e-01 5.239167744507104e-05
9.570000000000000e-01 5.270665311453031e-05
9.574999999999999e-01 5.302814182085645e-05
9.580000000000000e-01 5.337792730784146e-05
9.584999999999999e-01 5.368849214469159e-05
9.590000000000000e-01 5.402216489607697e-05
9.594999999999999e-01 5.435455514963089e-05
9.600000000000000e-01 5.471473370530275e-05
9.604999999999999e-01 5.508365791564297e-05
9.610000000000000e-01 5.544814077954879e-05
9.614999999999999e-01 5.579937747209367e-05
9.620000000000000e-01 5.617508052442970e-05
9.624999999999999e-01 5.658651316488030e-05
9.630000000000000e-01 5.696943300959542e-05
9.634999999999999e-01 5.735923446568350e-05
9.640000000000000e-01 5.779681612809828e-05
9.644999999999999e-01 5.821505933087074e-05
9.650000000000000e-01 5.864913351552114e-05
9.654999999999999e-01 5.908851448948866e-05
9.660000000000000e-01 5.953752155651115e-05
9.664999999999999e-01 6.001485254068470e-05
9.670000000000000e-01 6.047097003077997e-05
9.674999999999999e-01 6.093531221419169e-05
9.680000000000000e-01 6.141655632240051e-05
9.684999999999999e-01 6.192669486789699e-05
9.690000000000000e-01 6.243624108473381e-05
9.694999999999999e-01 6.298290297059715e-05
9.700000000000000e-01 6.352503192471970e-05
9.704999999999999e-01 6.408020761841834e-05
9.710000000000000e-01 6.464505707698084e-05
9.714999999999999e-01 6.523188383463127e-05
9.720000000000000e-01 6.583458868287023e-05
9.724999999999999e-01 6.644970968141171e-05
9.730000000000000e-01 6.708119842118815e-05
9.734999999999999e-01 6.774984996442648e-05
9.740000000000000e-01 6.840168187421596e-05
9.744999999999999e-01 6.909413436005100e-05
9.750000000000000e-01 6.979429156095351e-05
9.754999999999999e-01 7.053863745451655e-05
9.760000000000000e-01 7.129324137299319e-05
9.764999999999999e-01 7.206640530364417e-05
9.770000000000000e-01 7.287943285034411e-05
9.774999999999999e-01 7.371197317484934e-05
9.780000000000000e-01 7.457684357048949e-05
9.784999999999999e-01 7.545700660106200e-05
9.790000000000000e-01 7.639204997871174e-05
9.794999999999999e-01 7.733071943763977e-05
9.800000000000000e-01 7.832998481620184e-05
9.804999999999999e-01 7.933745320620483e-05
9.810000000000000e-01 8.041827220673754e-05
9.814999999999999e-01 8.153617675201680e-05
9.820000000000000e-01 8.269597856880483e-05
9.824999999999999e-01 8.390455215481638e-05
9.830000000000000e-01 8.516701493672123e-05
9.834999999999999e-01 8.648725424551269e-05
9.840000000000000e-01 8.786395837959892e-05
9.844999999999999e-01 8.931181523043901e-05
9.850000000000000e-01 9.081985483199680e-05
9.854999999999999e-01 9.242489717746239e-05
9.860000000000000e-01 9.410701439691163e-05
9.864999999999999e-01 9.587798192491439e-05
9.870000000000000e-01 9.774821599370647e-05
9.874999999999999e-01 9.969185328555305e-05
9.880000000000000e-01 1.018069383130651e-04
9.884999999999999e-01 1.040549793888268e-04
9.890000000000000e-01 1.064539477680358e-04
9.894999999999999e-01 1.090237855127441e-04
9.900000000000000e-01 1.118290739741880e-04
9.904999999999999e-01 1.148060103279888e-04
9.910000000000000e-01 1.180173282898733e-04
9.914999999999999e-01 1.215239877610424e-04
9.920000000000000e-01 1.253474737582999e-04
9.924999999999999e-01 1.295473637222303e-04
9.930000000000000e-01 1.341895721936599e-04
9.934999999999999e-01 1.393665574174346e-04
9.940000000000000e-01 1.451468426892676e-04
9.944999999999999e-01 1.517534171855472e-04
9.950000000000000e-01 1.592956681993637e-04
9.954999999999999e-01 1.680716547316981e-04
9.960000000000000e-01 1.784342660620795e-04
9.964999999999999e-01 1.909550689338469e-04
9.970000000000000e-01 2.065017927128059e-04
9.974999999999999e-01 2.264982214863266e-04
9.980000000000000e-01 2.535890937269843e-04
9.984999999999999e-01 2.932842407680674e-04
9.990000000000000e-01 3.598982825509589e-04
9.994999999999999e-01 5.102788833964542e-04
