-1.000000000000000e+00 3.083360152344270e-09
-9.805000000000000e-01 3.106318960916750e-09
-9.610000000000000e-01 3.129657256872088e-09
-9.415000000000000e-01 3.153384796828806e-09
-9.219999999999999e-01 3.177511679372563e-09
-9.025000000000000e-01 3.202048360297983e-09
-8.830000000000000e-01 3.227005668677978e-09
-8.634999999999999e-01 3.252394823813630e-09
-8.440000000000000e-01 3.278227453121779e-09
-8.245000000000000e-01 3.304515611021639e-09
-8.050000000000000e-01 3.331271798886477e-09
-7.855000000000000e-01 3.358508986131420e-09
-7.660000000000000e-01 3.386240632513945e-09
-7.464999999999997e-01 3.414480711729607e-09
-7.270000000000000e-01 3.443243736392019e-09
-7.075000000000001e-01 3.472544784493258e-09
-6.879999999999998e-01 3.502399527448539e-09
-6.685000000000001e-01 3.532824259837487e-09
-6.490000000000000e-01 3.563835930963585e-09
-6.295000000000002e-01 3.595452178363381e-09
-6.100000000000001e-01 3.627691363408204e-09
-5.904999999999999e-01 3.660572609153162e-09
-5.709999999999998e-01 3.694115840601514e-09
-5.515000000000001e-01 3.728341827567045e-09
-5.320000000000001e-01 3.763272230333187e-09
-5.125000000000001e-01 3.798929648325121e-09
-4.930000000000001e-01 3.835337672030625e-09
-4.735000000000001e-01 3.872520938426754e-09
-4.540000000000000e-01 3.910505190193107e-09
-4.345000000000002e-01 3.949317339018466e-09
-4.150000000000000e-01 3.988985533336511e-09
-3.955000000000000e-01 4.029539230858233e-09
-3.759999999999999e-01 4.071009276304133e-09
-3.564999999999999e-01 4.113427984778602e-09
-3.370000000000000e-01 4.156829231272602e-09
-3.174999999999999e-01 4.201248546829475e-09
-2.979999999999999e-01 4.246723221962842e-09
-2.785000000000000e-01 4.293292417976173e-09
-2.589999999999999e-01 4.340997286901107e-09
-2.394999999999999e-01 4.389881100847374e-09
-2.199999999999999e-01 4.439989391641887e-09
-2.004999999999999e-01 4.491370101729786e-09
-1.809999999999999e-01 4.544073747417142e-09
-1.615000000000001e-01 4.598153595655499e-09
-1.420000000000001e-01 4.653665855704234e-09
-1.225000000000000e-01 4.710669887160058e-09
-1.029999999999999e-01 4.769228426016597e-09
-8.349999999999999e-02 4.829407830613648e-09
-6.400000000000007e-02 4.891278349559136e-09
-4.449999999999989e-02 4.954914413960792e-09
-2.500000000000004e-02 5.020394956594288e-09
-5.499999999999857e-03 5.087803760965233e-09
1.400000000000017e-02 5.157229843600922e-09
3.349999999999984e-02 5.228767873341810e-09
5.299999999999994e-02 5.302518631901307e-09
7.250000000000016e-02 5.378589520537131e-09
9.200000000000018e-02 5.457095118340524e-09
1.114999999999999e-01 5.538157798417065e-09
1.310000000000002e-01 5.621908409123037e-09
1.505000000000001e-01 5.708487028556516e-09
1.700000000000000e-01 5.798043801709499e-09
1.895000000000001e-01 5.890739871098644e-09
2.090000000000000e-01 5.986748413346963e-09
2.285000000000000e-01 6.086255796134523e-09
2.480000000000000e-01 6.189462872231077e-09
2.675000000000001e-01 6.296586430038848e-09
2.869999999999999e-01 6.407860823296495e-09
3.065000000000000e-01 6.523539806434037e-09
3.260000000000000e-01 6.643898606656364e-09
3.454999999999999e-01 6.769236269336927e-09
3.650000000000002e-01 6.899878319930647e-09
3.844999999999998e-01 7.036179793627925e-09
4.040000000000002e-01 7.178528693699021e-09
4.234999999999999e-01 7.327349951338802e-09
4.429999999999998e-01 7.483109974348852e-09
4.625000000000000e-01 7.646321889871449e-09
4.819999999999999e-01 7.817551608500097e-09
5.014999999999999e-01 7.997424864579104e-09
5.209999999999999e-01 8.186635421864867e-09
5.404999999999998e-01 8.385954676920726e-09
5.600000000000001e-01 7.717833184168253e-09
5.794999999999999e-01 7.900305551836672e-09
5.990000000000000e-01 8.094513391877580e-09
6.185000000000000e-01 8.301784850737786e-09
6.379999999999999e-01 8.523667107183876e-09
6.575000000000000e-01 8.761974317841802e-09
6.769999999999998e-01 9.423348180696905e-09
6.965000000000001e-01 9.791745001294750e-09
7.160000000000000e-01 1.020061111008438e-08
7.354999999999998e-01 1.065792677701341e-08
7.549999999999999e-01 1.138207779527639e-08
7.745000000000000e-01 1.195296955588462e-08
7.940000000000000e-01 1.260623333259631e-08
8.134999999999999e-01 1.335022562517557e-08
8.329999999999997e-01 1.425375507430588e-08
8.525000000000000e-01 1.533194596153812e-08
8.719999999999999e-01 1.662764821578455e-08
8.915000000000000e-01 1.805452200693117e-08
9.110000000000000e-01 2.092773852192809e-08
9.304999999999999e-01 2.416352050526266e-08
9.500000000000000e-01 2.831547021204720e-08
9.504999999999999e-01 2.846226648853599e-08
9.510000000000000e-01 2.726259856959502e-08
9.514999999999999e-01 2.748636873615469e-08
9.520000000000000e-01 2.770504790099931e-08
9.524999999999999e-01 2.791992550816394e-08
9.530000000000000e-01 2.813204186057951e-08
9.534999999999999e-01 2.834224960585296e-08
9.540000000000000e-01 2.855125809271942e-08
9.544999999999999e-01 2.875966593239333e-08
9.550000000000000e-01 2.896798528250129e-08
9.554999999999999e-01 2.917666022235104e-08
9.560000000000000e-01 2.996520382572018e-08
9.564999999999999e-01 3.015204052881031e-08
9.570000000000000e-01 3.034214409419903e-08
9.574999999999999e-01 3.053561045871203e-08
9.580000000000000e-01 3.073253954723740e-08
9.584999999999999e-01 3.093303548837752e-08
9.590000000000000e-01 3.113720684452614e-08
9.594999999999999e-01 3.134516685752307e-08
9.600000000000000e-01 3.155703371115003e-08
9.604999999999999e-01 3.177293081184784e-08
9.610000000000000e-01 3.199298708917041e-08
9.614999999999999e-01 3.221733731763463e-08
9.620000000000000e-01 3.244612246179249e-08
9.624999999999999e-01 3.267949004652986e-08
9.630000000000000e-01 3.291759455480239e-08
9.634999999999999e-01 3.316059785524207e-08
9.640000000000000e-01 3.340866966232415e-08
9.644999999999999e-01 3.366198803206330e-08
9.650000000000000e-01 3.392073989652930e-08
9.654999999999999e-01 3.418512164082432e-08
9.660000000000000e-01 3.445533972656914e-08
9.664999999999999e-01 3.473161136639147e-08
9.670000000000000e-01 3.501416525442465e-08
9.674999999999999e-01 3.530324235839392e-08
9.680000000000000e-01 3.559909677952542e-08
9.684999999999999e-01 3.590199668724626e-08
9.690000000000000e-01 3.621222533648928e-08
9.694999999999999e-01 3.653008217636787e-08
9.700000000000000e-01 3.685588406008271e-08
9.704999999999999e-01 3.718996656716567e-08
9.710000000000000e-01 3.753268545060120e-08
9.714999999999999e-01 3.788441822300372e-08
9.720000000000000e-01 3.824556589792562e-08
9.724999999999999e-01 3.861655490454716e-08
9.730000000000000e-01 3.899783919652923e-08
9.734999999999999e-01 3.938990257873151e-08
9.740000000000000e-01 3.979326127890669e-08
9.744999999999999e-01 4.020846679544549e-08
9.750000000000000e-01 4.063610905688905e-08
9.754999999999999e-01 4.107681993436274e-08
9.760000000000000e-01 4.153127715448690e-08
9.764999999999999e-01 4.200020866786599e-08
9.770000000000000e-01 4.248439753719943e-08
9.774999999999999e-01 4.298468741966929e-08
9.780000000000000e-01 4.349634594902757e-08
9.784999999999999e-01 4.403160247467051e-08
9.790000000000000e-01 4.458592033175583e-08
9.794999999999999e-01 4.516045566028866e-08
9.800000000000000e-01 4.575646517602525e-08
9.804999999999999e-01 4.637531770494669e-08
9.810000000000000e-01 4.701850737673109e-08
9.814999999999999e-01 4.768766876678807e-08
9.820000000000000e-01 4.838459433635508e-08
9.824999999999999e-01 4.911125459453273e-08
9.830000000000000e-01 4.986982149899585e-08
9.834999999999999e-01 5.066269572870701e-08
9.840000000000000e-01 5.149253860931450e-08
9.844999999999999e-01 5.236230965934717e-08
9.850000000000000e-01 5.327531096547285e-08
9.854999999999999e-01 5.423523990504383e-08
9.860000000000000e-01 5.524625213746228e-08
9.864999999999999e-01 5.631303731508127e-08
9.870000000000000e-01 5.744091066506423e-08
9.874999999999999e-01 5.863592453041453e-08
9.880000000000000e-01 5.990500522391700e-08
9.884999999999999e-01 6.125612227745963e-08
9.890000000000000e-01 6.269849955929036e-08
9.894999999999999e-01 6.424288107933117e-08
9.900000000000000e-01 6.590186905793759e-08
9.904999999999999e-01 6.769035869266055e-08
9.910000000000000e-01 6.962610411881615e-08
9.914999999999999e-01 7.173046509153098e-08
9.920000000000000e-01 7.402940683505526e-08
9.924999999999999e-01 7.655493189273371e-08
9.930000000000000e-01 7.934665521092033e-08
9.934999999999999e-01 8.245494726724641e-08
9.940000000000000e-01 8.594448719349736e-08
9.944999999999999e-01 8.990010492281655e-08
9.950000000000000e-01 9.443564479917359e-08
9.954999999999999e-01 9.970811329166134e-08
9.960000000000000e-01 1.059412891286158e-07
9.964999999999999e-01 1.134672208889225e-07
9.970000000000000e-01 1.228048401090385e-07
9.974999999999999e-01 1.348206821211547e-07
9.980000000000000e-01 1.511004882780451e-07
9.984999999999999e-01 1.749588562647926e-07
9.990000000000000e-01 2.149934829198215e-07
9.994999999999999e-01 3.053503252294343e-07
