-1.000000000000000e+00 9.086883370997332e-06
-9.805000000000000e-01 9.133513159282752e-06
-9.610000000000000e-01 9.180723775542694e-06
-9.415000000000000e-01 9.228497261379057e-06
-9.219999999999999e-01 9.276711149979061e-06
-9.025000000000000e-01 9.325602422666577e-06
-8.830000000000000e-01 9.375082274562301e-06
-8.634999999999999e-01 9.425080389159759e-06
-8.440000000000000e-01 9.475739829419014e-06
-8.245000000000000e-01 9.526988713646584e-06
-8.050000000000000e-01 9.578866332134217e-06
-7.855000000000000e-01 9.631465088418986e-06
-7.660000000000000e-01 9.684622999734753e-06
-7.464999999999997e-01 9.738426579892113e-06
-7.270000000000000e-01 9.792909975941106e-06
-7.075000000000001e-01 9.848055150993296e-06
-6.879999999999998e-01 9.904024818096463e-06
-6.685000000000001e-01 9.960812074978121e-06
-6.490000000000000e-01 1.001826405104578e-05
-6.295000000000002e-01 1.007653294973970e-05
-6.100000000000001e-01 1.013552422270611e-05
-5.904999999999999e-01 1.019527613364811e-05
-5.709999999999998e-01 1.025587909304512e-05
-5.515000000000001e-01 1.031773808481828e-05
-5.320000000000001e-01 1.038005735018344e-05
-5.125000000000001e-01 1.044316746028664e-05
-4.930000000000001e-01 1.050718883463401e-05
-4.735000000000001e-01 1.057202215911979e-05
-4.540000000000000e-01 1.063788611998008e-05
-4.345000000000002e-01 1.070474270715888e-05
-4.150000000000000e-01 1.077267375612331e-05
-3.955000000000000e-01 1.084148764802322e-05
-3.759999999999999e-01 1.091134135460572e-05
-3.564999999999999e-01 1.098221837617655e-05
-3.370000000000000e-01 1.105423475760293e-05
-3.174999999999999e-01 1.112742166093303e-05
-2.979999999999999e-01 1.120170674984788e-05
-2.785000000000000e-01 1.127718293877844e-05
-2.589999999999999e-01 1.135386114692609e-05
-2.394999999999999e-01 1.143176893141056e-05
-2.199999999999999e-01 1.151101532579652e-05
-2.004999999999999e-01 1.159155240013960e-05
-1.809999999999999e-01 1.167347173387854e-05
-1.615000000000001e-01 1.175680666984576e-05
-1.420000000000001e-01 1.184156526629716e-05
-1.225000000000000e-01 1.192782964170306e-05
-1.029999999999999e-01 1.201560520983678e-05
-8.349999999999999e-02 1.210502261075207e-05
-6.400000000000007e-02 1.219604937827276e-05
-4.449999999999989e-02 1.228877152012227e-05
-2.500000000000004e-02 1.238325099292881e-05
-5.499999999999857e-03 1.247965054963578e-05
1.400000000000017e-02 1.257805424540739e-05
3.349999999999984e-02 1.267839813220364e-05
5.299999999999994e-02 1.278074737765210e-05
7.250000000000016e-02 1.288518417724813e-05
9.200000000000018e-02 1.299176172415277e-05
1.114999999999999e-01 1.310021700788069e-05
1.310000000000002e-01 1.321098851100777e-05
1.505000000000001e-01 1.332416867381573e-05
1.700000000000000e-01 1.343996950732313e-05
1.895000000000001e-01 1.355834298606030e-05
2.090000000000000e-01 1.367938625066791e-05
2.285000000000000e-01 1.380329605881444e-05
2.480000000000000e-01 1.393013627266884e-05
2.675000000000001e-01 1.406001895149637e-05
2.869999999999999e-01 1.419321357261925e-05
3.065000000000000e-01 1.433014296509853e-05
3.260000000000000e-01 1.447037798961136e-05
3.454999999999999e-01 1.461460774273015e-05
3.650000000000002e-01 1.476306396792372e-05
3.844999999999998e-01 1.491571699302923e-05
4.040000000000002e-01 1.507289734547140e-05
4.234999999999999e-01 1.523444197312235e-05
4.429999999999998e-01 1.540073457510962e-05
4.625000000000000e-01 1.557210062472891e-05
4.819999999999999e-01 1.574994488642587e-05
5.014999999999999e-01 1.593311347161245e-05
5.209999999999999e-01 1.612254590618274e-05
5.404999999999998e-01 1.631897253545166e-05
5.600000000000001e-01 1.652273368351064e-05
5.794999999999999e-01 1.673412213838865e-05
5.990000000000000e-01 1.695469861241060e-05
6.185000000000000e-01 1.718416883123536e-05
6.379999999999999e-01 1.742315087125413e-05
6.575000000000000e-01 1.767253846953514e-05
6.769999999999998e-01 1.793292802676589e-05
6.965000000000001e-01 1.820606684015318e-05
7.160000000000000e-01 1.849313105563488e-05
7.354999999999998e-01 1.879505323939388e-05
7.549999999999999e-01 1.911400430099588e-05
7.745000000000000e-01 1.945143739940245e-05
7.940000000000000e-01 1.981050421695187e-05
8.134999999999999e-01 2.019481773405582e-05
8.329999999999997e-01 2.060959828776026e-05
8.525000000000000e-01 2.106261384900409e-05
8.719999999999999e-01 2.156516352764390e-05
8.915000000000000e-01 2.213445862001917e-05
9.110000000000000e-01 2.279710459813068e-05
9.304999999999999e-01 2.360024060965043e-05
9.500000000000000e-01 2.463109608270574e-05
9.504999999999999e-01 2.466189788838250e-05
9.510000000000000e-01 2.469297391606914e-05
9.514999999999999e-01 2.472432970963718e-05
9.520000000000000e-01 2.475597344170335e-05
9.524999999999999e-01 2.478790266828304e-05
9.530000000000000e-01 2.482007668942988e-05
9.534999999999999e-01 2.485260798556130e-05
9.540000000000000e-01 2.488544860494961e-05
9.544999999999999e-01 2.491860476309017e-05
9.550000000000000e-01 2.495211985806105e-05
9.554999999999999e-01 2.498592014587373e-05
9.560000000000000e-01 2.502006260422453e-05
9.564999999999999e-01 2.505454797857091e-05
9.570000000000000e-01 2.508940801437489e-05
9.574999999999999e-01 2.512460238437951e-05
9.580000000000000e-01 2.516019966437038e-05
9.584999999999999e-01 2.519613547476803e-05
9.590000000000000e-01 2.523247225668877e-05
9.594999999999999e-01 2.526916659994087e-05
9.600000000000000e-01 2.530627952055169e-05
9.604999999999999e-01 2.534380404313388e-05
9.610000000000000e-01 2.538175001409430e-05
9.614999999999999e-01 2.542012914420097e-05
9.620000000000000e-01 2.545894948214624e-05
9.624999999999999e-01 2.549823037066758e-05
9.630000000000000e-01 2.553796411542948e-05
9.634999999999999e-01 2.557818244074466e-05
9.640000000000000e-01 2.561888842935743e-05
9.644999999999999e-01 2.566039604910213e-05
9.650000000000000e-01 2.570192908976546e-05
9.654999999999999e-01 2.574418928097172e-05
9.660000000000000e-01 2.578701530504741e-05
9.664999999999999e-01 2.583038349951283e-05
9.670000000000000e-01 2.587432937070626e-05
9.674999999999999e-01 2.591900519845405e-05
9.680000000000000e-01 2.596418746186715e-05
9.684999999999999e-01 2.601036655817555e-05
9.690000000000000e-01 2.605641201628043e-05
9.694999999999999e-01 2.610356007315008e-05
9.700000000000000e-01 2.615140983596530e-05
9.704999999999999e-01 2.619988286998901e-05
9.710000000000000e-01 2.624914420705074e-05
9.714999999999999e-01 2.629917363560263e-05
9.720000000000000e-01 2.634987134780618e-05
9.724999999999999e-01 2.640172097648720e-05
9.730000000000000e-01 2.645399434735023e-05
9.734999999999999e-01 2.650750415706788e-05
9.740000000000000e-01 2.656182536774563e-05
9.744999999999999e-01 2.661707559628648e-05
9.750000000000000e-01 2.667320496788561e-05
9.754999999999999e-01 2.673032255399034e-05
9.760000000000000e-01 2.678861601510270e-05
9.764999999999999e-01 2.684803311026084e-05
9.770000000000000e-01 2.690872189164336e-05
9.774999999999999e-01 2.697083735741884e-05
9.780000000000000e-01 2.703389615253521e-05
9.784999999999999e-01 2.709826585576182e-05
9.790000000000000e-01 2.716401617234797e-05
9.794999999999999e-01 2.723122259480807e-05
9.800000000000000e-01 2.729994852891691e-05
9.804999999999999e-01 2.737030076139322e-05
9.810000000000000e-01 2.744231016139112e-05
9.814999999999999e-01 2.751609496200798e-05
9.820000000000000e-01 2.759175131520077e-05
9.824999999999999e-01 2.766939006042257e-05
9.830000000000000e-01 2.774912468020350e-05
9.834999999999999e-01 2.783108395386857e-05
9.840000000000000e-01 2.791540779633212e-05
9.844999999999999e-01 2.800224966712070e-05
9.850000000000000e-01 2.809178029087238e-05
9.854999999999999e-01 2.818418616965582e-05
9.860000000000000e-01 2.827967615144488e-05
9.864999999999999e-01 2.837848499857370e-05
9.870000000000000e-01 2.848080500537686e-05
9.874999999999999e-01 2.858706967158913e-05
9.880000000000000e-01 2.869751858334036e-05
9.884999999999999e-01 2.881254384447789e-05
9.890000000000000e-01 2.893257437985428e-05
9.894999999999999e-01 2.905808252684105e-05
9.900000000000000e-01 2.918964677033609e-05
9.904999999999999e-01 2.932799590188156e-05
9.910000000000000e-01 2.947376430553754e-05
9.914999999999999e-01 2.962796877733764e-05
9.920000000000000e-01 2.979163546800297e-05
9.924999999999999e-01 2.996611333523508e-05
9.930000000000000e-01 3.015304128617391e-05
9.934999999999999e-01 3.035440408398586e-05
9.940000000000000e-01 3.057279614376264e-05
9.944999999999999e-01 3.081134510084522e-05
9.950000000000000e-01 3.107438663019376e-05
9.954999999999999e-01 3.136766951087371e-05
9.960000000000000e-01 3.169916460777658e-05
9.964999999999999e-01 3.208046198847587e-05
9.970000000000000e-01 3.252914831676048e-05
9.974999999999999e-01 3.307373807662076e-05
9.980000000000000e-01 3.376475379080524e-05
9.984999999999999e-01 3.470408562122131e-05
9.990000000000000e-01 3.614523739658015e-05
9.994999999999999e-01 3.904731767109356e-05
