-1.000000000000000e+00 2.677658871000174e-09
-9.805000000000000e-01 2.697636138523769e-09
-9.610000000000000e-01 2.717943620705831e-09
-9.415000000000000e-01 2.738589807538619e-09
-9.219999999999999e-01 2.759583486591191e-09
-9.025000000000000e-01 2.780933756272883e-09
-8.830000000000000e-01 2.802650039816867e-09
-8.634999999999999e-01 2.824742100029997e-09
-8.440000000000000e-01 2.847220054858650e-09
-8.245000000000000e-01 2.870094393823928e-09
-8.050000000000000e-01 2.893375995383704e-09
-7.855000000000000e-01 2.917076145283331e-09
-7.660000000000000e-01 2.941206555961655e-09
-7.464999999999997e-01 2.965779387084152e-09
-7.270000000000000e-01 2.990807267280666e-09
-7.075000000000001e-01 3.016303317171441e-09
-6.879999999999998e-01 3.042281173771798e-09
-6.685000000000001e-01 3.068755016373230e-09
-6.490000000000000e-01 3.095739594006692e-09
-6.295000000000002e-01 3.123250254602617e-09
-6.100000000000001e-01 3.151302975971862e-09
-5.904999999999999e-01 3.179914398742284e-09
-5.709999999999998e-01 3.209101861397209e-09
-5.515000000000001e-01 3.238883437574761e-09
-5.320000000000001e-01 3.269277975800927e-09
-5.125000000000001e-01 3.300305141844634e-09
-4.930000000000001e-01 3.331985463899901e-09
-4.735000000000001e-01 3.364340380818879e-09
-4.540000000000000e-01 3.397392293640039e-09
-4.345000000000002e-01 3.431164620678500e-09
-4.150000000000000e-01 3.465681856470666e-09
-3.955000000000000e-01 3.500969634893031e-09
-3.759999999999999e-01 3.537054796805973e-09
-3.564999999999999e-01 3.573965462607507e-09
-3.370000000000000e-01 3.611731110120053e-09
-3.174999999999999e-01 3.650382658275594e-09
-2.979999999999999e-01 3.689952557111826e-09
-2.785000000000000e-01 3.730474884644520e-09
-2.589999999999999e-01 3.771985451240165e-09
-2.394999999999999e-01 3.814521912178846e-09
-2.199999999999999e-01 3.858123889171036e-09
-2.004999999999999e-01 3.902833101674870e-09
-1.809999999999999e-01 3.948693508953469e-09
-1.615000000000001e-01 3.995751463916790e-09
-1.420000000000001e-01 4.044055879910600e-09
-1.225000000000000e-01 4.093658411748604e-09
-1.029999999999999e-01 4.144613652434947e-09
-8.349999999999999e-02 4.196979347195326e-09
-6.400000000000007e-02 4.250816626629433e-09
-4.449999999999989e-02 4.306190261018543e-09
-2.500000000000004e-02 4.363168938074071e-09
-5.499999999999857e-03 4.421825566700792e-09
1.400000000000017e-02 4.482237609677733e-09
3.349999999999984e-02 4.544487448537490e-09
5.299999999999994e-02 4.608662784358711e-09
7.250000000000016e-02 4.674857078686521e-09
9.200000000000018e-02 4.743170039372644e-09
1.114999999999999e-01 4.813708156794992e-09
1.310000000000002e-01 4.886585296690960e-09
1.505000000000001e-01 4.961923356739819e-09
1.700000000000000e-01 5.039852995079873e-09
1.895000000000001e-01 5.120514440174385e-09
2.090000000000000e-01 5.204058392880173e-09
2.285000000000000e-01 5.290647033266131e-09
2.480000000000000e-01 5.380455146726024e-09
2.675000000000001e-01 5.473671386292780e-09
2.869999999999999e-01 5.570499690866303e-09
3.065000000000000e-01 5.671160882407354e-09
3.260000000000000e-01 5.775894469142712e-09
3.454999999999999e-01 5.884960686616562e-09
3.650000000000002e-01 5.998642814190601e-09
3.844999999999998e-01 6.117249811568632e-09
4.040000000000002e-01 6.241119328386419e-09
4.234999999999999e-01 6.370621150229632e-09
4.429999999999998e-01 6.506161157084637e-09
4.625000000000000e-01 6.648185885784819e-09
4.819999999999999e-01 6.797187807256607e-09
5.014999999999999e-01 6.953711453290424e-09
5.209999999999999e-01 7.118360557463985e-09
5.404999999999998e-01 7.291806412439197e-09
5.600000000000001e-01 7.474797693405072e-09
5.794999999999999e-01 7.668172057968686e-09
5.990000000000000e-01 7.872869910368211e-09
6.185000000000000e-01 8.089950818002842e-09
6.379999999999999e-01 8.320613198477494e-09
6.575000000000000e-01 7.614354282956253e-09
6.769999999999998e-01 7.837847930356999e-09
6.965000000000001e-01 8.079712359661028e-09
7.160000000000000e-01 8.342609147924835e-09
7.354999999999998e-01 8.629761964429322e-09
7.549999999999999e-01 1.015140560349260e-08
7.745000000000000e-01 1.033456575221040e-08
7.940000000000000e-01 1.090298184813525e-08
8.134999999999999e-01 1.156221318497199e-08
8.329999999999997e-01 1.233953587376183e-08
8.525000000000000e-01 1.681038892904246e-08
8.719999999999999e-01 1.641171232080572e-08
8.915000000000000e-01 1.737115004922166e-08
9.110000000000000e-01 1.921755133793792e-08
9.304999999999999e-01 2.024509576323859e-08
9.500000000000000e-01 2.390986207977100e-08
9.504999999999999e-01 2.404396805381570e-08
9.510000000000000e-01 2.418014113958534e-08
9.514999999999999e-01 2.431843490499663e-08
9.520000000000000e-01 2.445890488420766e-08
9.524999999999999e-01 2.460160867145383e-08
9.530000000000000e-01 2.474660602041486e-08
9.534999999999999e-01 2.489395894950056e-08
9.540000000000000e-01 2.504373185347742e-08
9.544999999999999e-01 2.519599162189087e-08
9.550000000000000e-01 2.533190377103044e-08
9.554999999999999e-01 2.549177433530773e-08
9.560000000000000e-01 2.565417878508960e-08
9.564999999999999e-01 2.581919757321232e-08
9.570000000000000e-01 2.598691386333501e-08
9.574999999999999e-01 2.667179025952672e-08
9.580000000000000e-01 2.684313655174491e-08
9.584999999999999e-01 2.701758605128162e-08
9.590000000000000e-01 2.719523320883274e-08
9.594999999999999e-01 2.737617654626969e-08
9.600000000000000e-01 2.756051888501397e-08
9.604999999999999e-01 2.774836759026446e-08
9.610000000000000e-01 2.793983483239587e-08
9.614999999999999e-01 2.813503786697212e-08
9.620000000000000e-01 2.833409933496309e-08
9.624999999999999e-01 2.853714758490897e-08
9.630000000000000e-01 2.874431701895522e-08
9.634999999999999e-01 2.895574846487532e-08
9.640000000000000e-01 2.917158957642147e-08
9.644999999999999e-01 2.939199526458605e-08
9.650000000000000e-01 2.961712816263659e-08
9.654999999999999e-01 2.984715912809284e-08
9.660000000000000e-01 3.008226778516702e-08
9.664999999999999e-01 3.032264311157675e-08
9.670000000000000e-01 3.056848407408727e-08
9.674999999999999e-01 3.082000031763599e-08
9.680000000000000e-01 3.107741291346323e-08
9.684999999999999e-01 3.134095517231232e-08
9.690000000000000e-01 3.161087352949654e-08
9.694999999999999e-01 3.188742850945922e-08
9.700000000000000e-01 3.217089577840658e-08
9.704999999999999e-01 3.246156729467548e-08
9.710000000000000e-01 3.275975256774567e-08
9.714999999999999e-01 3.306578003823264e-08
9.720000000000000e-01 3.337999859284572e-08
9.724999999999999e-01 3.370277923019048e-08
9.730000000000000e-01 3.403451689549500e-08
9.734999999999999e-01 3.437563250488150e-08
9.740000000000000e-01 3.472657518277007e-08
9.744999999999999e-01 3.508782473944955e-08
9.750000000000000e-01 3.545989441988974e-08
9.754999999999999e-01 3.584333395959904e-08
9.760000000000000e-01 3.623873298890185e-08
9.764999999999999e-01 3.664672483357412e-08
9.770000000000000e-01 3.706799076755573e-08
9.774999999999999e-01 3.750326478269049e-08
9.780000000000000e-01 3.795333895146101e-08
9.784999999999999e-01 3.841906947185528e-08
9.790000000000000e-01 3.890138349933650e-08
9.794999999999999e-01 3.940128688996988e-08
9.800000000000000e-01 3.991987300188833e-08
9.804999999999999e-01 4.045833273040438e-08
9.810000000000000e-01 4.101796598646423e-08
9.814999999999999e-01 4.160019487036637e-08
9.820000000000000e-01 4.220657884481176e-08
9.824999999999999e-01 4.283883227606068e-08
9.830000000000000e-01 4.349884479276038e-08
9.834999999999999e-01 4.418870501344195e-08
9.840000000000000e-01 4.491072832188440e-08
9.844999999999999e-01 4.566748953261043e-08
9.850000000000000e-01 4.646186149771544e-08
9.854999999999999e-01 4.729706097589696e-08
9.860000000000000e-01 4.817670343543723e-08
9.864999999999999e-01 4.910486892328782e-08
9.870000000000000e-01 5.008618174203530e-08
9.874999999999999e-01 5.112590749155032e-08
9.880000000000000e-01 5.223007213316525e-08
9.884999999999999e-01 5.340560923825879e-08
9.890000000000000e-01 5.466054366256999e-08
9.894999999999999e-01 5.600422280004376e-08
9.900000000000000e-01 5.744761070724030e-08
9.904999999999999e-01 5.900366635703435e-08
9.910000000000000e-01 6.068783603393172e-08
9.914999999999999e-01 6.251870296151303e-08
9.920000000000000e-01 6.451885719191577e-08
9.924999999999999e-01 6.671614133673123e-08
9.930000000000000e-01 6.914502096387603e-08
9.934999999999999e-01 7.184931913979322e-08
9.940000000000000e-01 7.488530775771842e-08
9.944999999999999e-01 7.832679031426438e-08
9.950000000000000e-01 8.227281338905424e-08
9.954999999999999e-01 8.685997529575648e-08
9.960000000000000e-01 9.228296696015162e-08
9.964999999999999e-01 9.883067460982088e-08
9.970000000000000e-01 1.069545722818869e-07
9.974999999999999e-01 1.174085467124299e-07
9.980000000000000e-01 1.315721878435454e-07
9.984999999999999e-01 1.523291883542729e-07
9.990000000000000e-01 1.871535518216747e-07
9.994999999999999e-01 2.656616967591535e-07
