-1.000000000000000e+00 7.809706879724666e-09
-9.805000000000000e-01 7.870293508191587e-09
-9.610000000000000e-01 7.931882343302250e-09
-9.415000000000000e-01 7.994499135026112e-09
-9.219999999999999e-01 8.058170535811612e-09
-9.025000000000000e-01 8.122924140802179e-09
-8.830000000000000e-01 8.188788530235347e-09
-8.634999999999999e-01 8.255793314164986e-09
-8.440000000000000e-01 8.323969179657373e-09
-8.245000000000000e-01 8.393347940622869e-09
-8.050000000000000e-01 8.463962590457400e-09
-7.855000000000000e-01 8.535847357681177e-09
-7.660000000000000e-01 8.609037764776678e-09
-7.464999999999997e-01 8.683570690443500e-09
-7.270000000000000e-01 8.759484435505052e-09
-7.075000000000001e-01 8.836818792720683e-09
-6.879999999999998e-01 8.915615120777151e-09
-6.685000000000001e-01 8.728504460689751e-09
-6.490000000000000e-01 8.799762241317752e-09
-6.295000000000002e-01 8.872316034394678e-09
-6.100000000000001e-01 8.946201795419675e-09
-5.904999999999999e-01 9.021457002513283e-09
-5.709999999999998e-01 9.098120734430235e-09
-5.515000000000001e-01 9.176233754005705e-09
-5.320000000000001e-01 9.255838597455689e-09
-5.125000000000001e-01 9.336979669993229e-09
-4.930000000000001e-01 9.419703348267554e-09
-4.735000000000001e-01 9.504058090183554e-09
-4.540000000000000e-01 9.590094552714563e-09
-4.345000000000002e-01 7.331589990011835e-09
-4.150000000000000e-01 7.382711755778444e-09
-3.955000000000000e-01 7.437498571478386e-09
-3.759999999999999e-01 7.495886519157847e-09
-3.564999999999999e-01 7.557829166053620e-09
-3.370000000000000e-01 7.623296257915075e-09
-3.174999999999999e-01 7.692272644679729e-09
-2.979999999999999e-01 7.764757409228898e-09
-2.785000000000000e-01 7.840763175438344e-09
-2.589999999999999e-01 7.920315576312272e-09
-2.394999999999999e-01 8.003452866839703e-09
-2.199999999999999e-01 8.090225669492245e-09
-2.004999999999999e-01 8.180696843116563e-09
-1.809999999999999e-01 8.274941468463502e-09
-1.615000000000001e-01 8.373046945823697e-09
-1.420000000000001e-01 8.475113202277597e-09
-1.225000000000000e-01 8.581253007977866e-09
-1.029999999999999e-01 8.691592402719504e-09
-8.349999999999999e-02 8.806271235868465e-09
-6.400000000000007e-02 8.925443824562043e-09
-4.449999999999989e-02 9.049279737012455e-09
-2.500000000000004e-02 9.177964709788999e-09
-5.499999999999857e-03 9.311701710178385e-09
1.400000000000017e-02 9.450712157186477e-09
3.349999999999984e-02 9.595237317516427e-09
5.299999999999994e-02 9.745539896015890e-09
7.250000000000016e-02 8.168277338902605e-09
9.200000000000018e-02 8.344050650708337e-09
1.114999999999999e-01 8.526253378929726e-09
1.310000000000002e-01 8.715230430477957e-09
1.505000000000001e-01 8.911356432355842e-09
1.700000000000000e-01 1.080289748994267e-08
1.895000000000001e-01 1.100558956598493e-08
2.090000000000000e-01 1.121723089345635e-08
2.285000000000000e-01 1.143836666376478e-08
2.480000000000000e-01 1.166959663060466e-08
2.675000000000001e-01 1.344743611882902e-08
2.869999999999999e-01 1.370850541957424e-08
3.065000000000000e-01 1.398112093292424e-08
3.260000000000000e-01 1.426612788646175e-08
3.454999999999999e-01 1.579345166444006e-08
3.650000000000002e-01 1.607068271454575e-08
3.844999999999998e-01 1.520534760397858e-08
4.040000000000002e-01 1.555033190678867e-08
4.234999999999999e-01 1.591353425431111e-08
4.429999999999998e-01 1.629656098047322e-08
4.625000000000000e-01 1.670122202030173e-08
4.819999999999999e-01 1.712956523858981e-08
5.014999999999999e-01 1.758391809716664e-08
5.209999999999999e-01 1.806693858796017e-08
5.404999999999998e-01 1.858167796706148e-08
5.600000000000001e-01 1.760751084362081e-08
5.794999999999999e-01 1.821621469469076e-08
5.990000000000000e-01 1.887424002474455e-08
6.185000000000000e-01 1.884135130948905e-08
6.379999999999999e-01 1.974784423508202e-08
6.575000000000000e-01 2.074869405434228e-08
6.769999999999998e-01 2.185058649033943e-08
6.965000000000001e-01 2.305007760072216e-08
7.160000000000000e-01 2.432894420625964e-08
7.354999999999998e-01 2.548614352791006e-08
7.549999999999999e-01 2.703328741949526e-08
7.745000000000000e-01 2.847923284637880e-08
7.940000000000000e-01 3.007509895496659e-08
8.134999999999999e-01 3.192322852280689e-08
8.329999999999997e-01 3.413876267698498e-08
8.525000000000000e-01 3.685932949033152e-08
8.719999999999999e-01 4.027535286370750e-08
8.915000000000000e-01 4.516274082572179e-08
9.110000000000000e-01 5.125918172684438e-08
9.304999999999999e-01 5.894365540003435e-08
9.500000000000000e-01 7.092505005676041e-08
9.504999999999999e-01 7.126046699728690e-08
9.510000000000000e-01 7.160111161995131e-08
9.514999999999999e-01 7.243704117088129e-08
9.520000000000000e-01 7.284272395083748e-08
9.524999999999999e-01 7.325437866812511e-08
9.530000000000000e-01 7.367214957801475e-08
9.534999999999999e-01 7.409618580405934e-08
9.540000000000000e-01 7.378612523828633e-08
9.544999999999999e-01 7.417891008350028e-08
9.550000000000000e-01 7.458122620318870e-08
9.554999999999999e-01 7.499352921691069e-08
9.560000000000000e-01 7.541624824170626e-08
9.564999999999999e-01 7.584978613778500e-08
9.570000000000000e-01 7.629452060543066e-08
9.574999999999999e-01 7.675080601398751e-08
9.580000000000000e-01 7.721897583327591e-08
9.584999999999999e-01 7.769934553426911e-08
9.590000000000000e-01 7.881326531471440e-08
9.594999999999999e-01 7.936330878537911e-08
9.600000000000000e-01 7.992368896344055e-08
9.604999999999999e-01 8.049473236575752e-08
9.610000000000000e-01 8.107678012273067e-08
9.614999999999999e-01 8.167018882988583e-08
9.620000000000000e-01 8.227533146090059e-08
9.624999999999999e-01 8.289259834737901e-08
9.630000000000000e-01 8.352239823122190e-08
9.634999999999999e-01 8.416515939603256e-08
9.640000000000000e-01 8.482133088467397e-08
9.644999999999999e-01 8.549138381083352e-08
9.650000000000000e-01 8.617581277330030e-08
9.654999999999999e-01 8.687513738259272e-08
9.660000000000000e-01 8.758990391064350e-08
9.664999999999999e-01 8.832068707543326e-08
9.670000000000000e-01 8.906809197382094e-08
9.674999999999999e-01 8.983275617733106e-08
9.680000000000000e-01 9.061535200739298e-08
9.684999999999999e-01 9.141658900847142e-08
9.690000000000000e-01 9.223721663976145e-08
9.694999999999999e-01 9.307802720864116e-08
9.700000000000000e-01 9.393985907197517e-08
9.704999999999999e-01 9.482360013465246e-08
9.710000000000000e-01 9.573019167854004e-08
9.714999999999999e-01 9.666063255936678e-08
9.720000000000000e-01 9.761598381406969e-08
9.724999999999999e-01 9.859737372689461e-08
9.730000000000000e-01 9.960600340923598e-08
9.734999999999999e-01 1.006431529559301e-07
9.740000000000000e-01 1.017101882497365e-07
9.744999999999999e-01 1.028085684962256e-07
9.750000000000000e-01 1.039398545835806e-07
9.754999999999999e-01 1.051057183761996e-07
9.760000000000000e-01 1.063079530679306e-07
9.764999999999999e-01 1.075484847407311e-07
9.770000000000000e-01 1.088293852982078e-07
9.774999999999999e-01 1.101528869715701e-07
9.780000000000000e-01 1.115213986290317e-07
9.784999999999999e-01 1.129375241597512e-07
9.790000000000000e-01 1.144040832515591e-07
9.794999999999999e-01 1.159241349397490e-07
9.800000000000000e-01 1.175010043745580e-07
9.804999999999999e-01 1.191383133404902e-07
9.810000000000000e-01 1.208400151652289e-07
9.814999999999999e-01 1.226104347843026e-07
9.820000000000000e-01 1.244543148862579e-07
9.824999999999999e-01 1.263768692598864e-07
9.830000000000000e-01 1.283838447107568e-07
9.834999999999999e-01 1.304815932227915e-07
9.840000000000000e-01 1.326771564305182e-07
9.844999999999999e-01 1.349783649635560e-07
9.850000000000000e-01 1.373939558603296e-07
9.854999999999999e-01 1.399337120681260e-07
9.860000000000000e-01 1.426086291137451e-07
9.864999999999999e-01 1.454311154291712e-07
9.870000000000000e-01 1.484152346707241e-07
9.874999999999999e-01 1.515770008488276e-07
9.880000000000000e-01 1.549347404340469e-07
9.884999999999999e-01 1.585095401791439e-07
9.890000000000000e-01 1.623258057209178e-07
9.894999999999999e-01 1.664119648830496e-07
9.900000000000000e-01 1.708013621833038e-07
9.904999999999999e-01 1.755334091973697e-07
9.910000000000000e-01 1.806552590956040e-07
9.914999999999999e-01 1.862230952114662e-07
9.920000000000000e-01 1.923057634703676e-07
9.924999999999999e-01 1.989877369320838e-07
9.930000000000000e-01 2.063742563169129e-07
9.934999999999999e-01 2.145983916850073e-07
9.940000000000000e-01 2.238312796297385e-07
9.944999999999999e-01 2.342973744824319e-07
9.950000000000000e-01 2.462979008799114e-07
9.954999999999999e-01 2.602482526415367e-07
9.960000000000000e-01 2.767405441469164e-07
9.964999999999999e-01 2.966535353574804e-07
9.970000000000000e-01 3.213600365104648e-07
9.974999999999999e-01 3.531529426426880e-07
9.980000000000000e-01 3.962280306104700e-07
9.984999999999999e-01 4.593555154540694e-07
9.990000000000000e-01 5.652660338170130e-07
9.994999999999999e-01 8.043630737781210e-07
