-1.000000000000000e+00 3.244829913677386e-07
-9.805000000000000e-01 3.250979069645094e-07
-9.610000000000000e-01 3.272996325485004e-07
-9.415000000000000e-01 3.295103452273319e-07
-9.219999999999999e-01 3.333355669655223e-07
-9.025000000000000e-01 3.356407794365501e-07
-8.830000000000000e-01 3.379753124176663e-07
-8.634999999999999e-01 3.403838974416991e-07
-8.440000000000000e-01 3.368691662669082e-07
-8.245000000000000e-01 3.430825184337117e-07
-8.050000000000000e-01 3.456445963512266e-07
-7.855000000000000e-01 3.482176285972975e-07
-7.660000000000000e-01 3.507866506907878e-07
-7.464999999999997e-01 3.534037140272226e-07
-7.270000000000000e-01 3.560703479831048e-07
-7.075000000000001e-01 3.587833817377318e-07
-6.879999999999998e-01 3.715962794126711e-07
-6.685000000000001e-01 3.744496699852871e-07
-6.490000000000000e-01 3.773514571677673e-07
-6.295000000000002e-01 3.702104940500346e-07
-6.100000000000001e-01 3.749956678358379e-07
-5.904999999999999e-01 3.785646395035252e-07
-5.709999999999998e-01 3.817054601899372e-07
-5.515000000000001e-01 3.856551368001054e-07
-5.320000000000001e-01 3.887738281197775e-07
-5.125000000000001e-01 3.914724000000821e-07
-4.930000000000001e-01 3.955832623932574e-07
-4.735000000000001e-01 3.985726758126631e-07
-4.540000000000000e-01 4.026233469086606e-07
-4.345000000000002e-01 4.130384603458220e-07
-4.150000000000000e-01 4.128779447433948e-07
-3.955000000000000e-01 4.163641618587351e-07
-3.759999999999999e-01 4.175357410686324e-07
-3.564999999999999e-01 4.220280957421483e-07
-3.370000000000000e-01 4.297502839656689e-07
-3.174999999999999e-01 4.297144159167925e-07
-2.979999999999999e-01 4.339109705344652e-07
-2.785000000000000e-01 4.382916637934303e-07
-2.589999999999999e-01 4.427246336180151e-07
-2.394999999999999e-01 4.472895964582568e-07
-2.199999999999999e-01 4.475526382933478e-07
-2.004999999999999e-01 4.536931157637564e-07
-1.809999999999999e-01 4.547958952003234e-07
-1.615000000000001e-01 4.641481089511004e-07
-1.420000000000001e-01 4.718000984784554e-07
-1.225000000000000e-01 4.771168997969201e-07
-1.029999999999999e-01 4.826556895305444e-07
-8.349999999999999e-02 4.813147288691532e-07
-6.400000000000007e-02 5.020636822640936e-07
-4.449999999999989e-02 4.927025167017337e-07
-2.500000000000004e-02 5.004467387869637e-07
-5.499999999999857e-03 5.067486388368102e-07
1.400000000000017e-02 5.091268197893810e-07
3.349999999999984e-02 5.182933081811585e-07
5.299999999999994e-02 5.251920418667373e-07
7.250000000000016e-02 5.323517134309467e-07
9.200000000000018e-02 5.444167068110031e-07
1.114999999999999e-01 5.522158018307494e-07
1.310000000000002e-01 5.552818493200948e-07
1.505000000000001e-01 5.634639566232823e-07
1.700000000000000e-01 5.867061565970940e-07
1.895000000000001e-01 5.807609635400166e-07
2.090000000000000e-01 5.899062084178161e-07
2.285000000000000e-01 5.993992624244217e-07
2.480000000000000e-01 6.092817371520234e-07
2.675000000000001e-01 6.270225866558847e-07
2.869999999999999e-01 6.381757678728288e-07
3.065000000000000e-01 6.492050885493391e-07
3.260000000000000e-01 6.617850723431676e-07
3.454999999999999e-01 6.740545254798968e-07
3.650000000000002e-01 6.857559588261092e-07
3.844999999999998e-01 6.992310287200793e-07
4.040000000000002e-01 7.134712043079159e-07
4.234999999999999e-01 7.272281087661333e-07
4.429999999999998e-01 7.439942226665014e-07
4.625000000000000e-01 7.528159475543810e-07
4.819999999999999e-01 7.703350692027959e-07
5.014999999999999e-01 7.888865265937283e-07
5.209999999999999e-01 8.167104515009244e-07
5.404999999999998e-01 8.269902168586488e-07
5.600000000000001e-01 8.513365663923213e-07
5.794999999999999e-01 8.761595359372098e-07
5.990000000000000e-01 9.019697483743754e-07
6.185000000000000e-01 9.297869830257351e-07
6.379999999999999e-01 9.599621701400390e-07
6.575000000000000e-01 9.925567718283701e-07
6.769999999999998e-01 1.035442037533405e-06
6.965000000000001e-01 1.074669726535170e-06
7.160000000000000e-01 1.109495898643784e-06
7.354999999999998e-01 1.163616792465739e-06
7.549999999999999e-01 1.216533737047611e-06
7.745000000000000e-01 1.278753284378111e-06
7.940000000000000e-01 1.345153083899566e-06
8.134999999999999e-01 1.421855667068215e-06
8.329999999999997e-01 1.521137920585166e-06
8.525000000000000e-01 1.631849184081088e-06
8.719999999999999e-01 1.771764086601855e-06
8.915000000000000e-01 1.945883609792274e-06
9.110000000000000e-01 2.175100592793139e-06
9.304999999999999e-01 2.495875993261367e-06
9.500000000000000e-01 2.991375717260980e-06
9.504999999999999e-01 3.007840029635756e-06
9.510000000000000e-01 3.024565041228744e-06
9.514999999999999e-01 3.041539038192532e-06
9.520000000000000e-01 3.058795771309770e-06
9.524999999999999e-01 3.076311881912307e-06
9.530000000000000e-01 3.094113893193293e-06
9.534999999999999e-01 3.112214253255506e-06
9.540000000000000e-01 3.130580358560142e-06
9.544999999999999e-01 3.149272925407176e-06
9.550000000000000e-01 3.168269397313628e-06
9.554999999999999e-01 3.187589356253978e-06
9.560000000000000e-01 3.192067975357315e-06
9.564999999999999e-01 3.212030332953282e-06
9.570000000000000e-01 3.232340250718445e-06
9.574999999999999e-01 3.253007851488967e-06
9.580000000000000e-01 3.289329235400107e-06
9.584999999999999e-01 3.310784375432716e-06
9.590000000000000e-01 3.332627125900730e-06
9.594999999999999e-01 3.354877671707224e-06
9.600000000000000e-01 3.377544140761505e-06
9.604999999999999e-01 3.400647035195196e-06
9.610000000000000e-01 3.424185410325290e-06
9.614999999999999e-01 3.448188161700635e-06
9.620000000000000e-01 3.472665541981738e-06
9.624999999999999e-01 3.497631424717148e-06
9.630000000000000e-01 3.523106145516512e-06
9.634999999999999e-01 3.549106125226443e-06
9.640000000000000e-01 3.573858169790967e-06
9.644999999999999e-01 3.600966671351640e-06
9.650000000000000e-01 3.628657487275124e-06
9.654999999999999e-01 3.656942354440154e-06
9.660000000000000e-01 3.685854329854915e-06
9.664999999999999e-01 3.715415342345572e-06
9.670000000000000e-01 3.745652694497300e-06
9.674999999999999e-01 3.776581779648058e-06
9.680000000000000e-01 3.808240517209519e-06
9.684999999999999e-01 3.840648780563627e-06
9.690000000000000e-01 3.873843516423693e-06
9.694999999999999e-01 3.907862561617533e-06
9.700000000000000e-01 3.942715235366990e-06
9.704999999999999e-01 3.978459464339324e-06
9.710000000000000e-01 4.015132586543128e-06
9.714999999999999e-01 4.052767930181688e-06
9.720000000000000e-01 4.091410676854333e-06
9.724999999999999e-01 4.131104764386760e-06
9.730000000000000e-01 4.171912988352282e-06
9.734999999999999e-01 4.213896722252815e-06
9.740000000000000e-01 4.257013212511801e-06
9.744999999999999e-01 4.301439773216852e-06
9.750000000000000e-01 4.347200170436367e-06
9.754999999999999e-01 4.391489634994386e-06
9.760000000000000e-01 4.440089718293470e-06
9.764999999999999e-01 4.490235459310020e-06
9.770000000000000e-01 4.541998018332778e-06
9.774999999999999e-01 4.595493740001171e-06
9.780000000000000e-01 4.650808643031927e-06
9.784999999999999e-01 4.708006353560871e-06
9.790000000000000e-01 4.767307082234257e-06
9.794999999999999e-01 4.828768101190635e-06
9.800000000000000e-01 4.892511033063182e-06
9.804999999999999e-01 4.958707131671198e-06
9.810000000000000e-01 5.027506218775645e-06
9.814999999999999e-01 5.099095902931063e-06
9.820000000000000e-01 5.173647025950327e-06
9.824999999999999e-01 5.251384308580359e-06
9.830000000000000e-01 5.332551985471501e-06
9.834999999999999e-01 5.417378244870492e-06
9.840000000000000e-01 5.506161238683425e-06
9.844999999999999e-01 5.599217667301020e-06
9.850000000000000e-01 5.696900850902025e-06
9.854999999999999e-01 5.799607198495316e-06
9.860000000000000e-01 5.907756891708208e-06
9.864999999999999e-01 6.021894064374890e-06
9.870000000000000e-01 6.142578583606168e-06
9.874999999999999e-01 6.279827211455877e-06
9.880000000000000e-01 6.415617079544193e-06
9.884999999999999e-01 6.560188605631679e-06
9.890000000000000e-01 6.714527234435080e-06
9.894999999999999e-01 6.879253636467892e-06
9.900000000000000e-01 7.057288133832043e-06
9.904999999999999e-01 7.248656171660104e-06
9.910000000000000e-01 7.455778091802498e-06
9.914999999999999e-01 7.680943199588212e-06
9.920000000000000e-01 7.926929758865921e-06
9.924999999999999e-01 8.197196462595666e-06
9.930000000000000e-01 8.495860736328973e-06
9.934999999999999e-01 8.828442656845585e-06
9.940000000000000e-01 9.201821866225274e-06
9.944999999999999e-01 9.625038518556249e-06
9.950000000000000e-01 1.011036300591213e-05
9.954999999999999e-01 1.067450534413914e-05
9.960000000000000e-01 1.134144074342066e-05
9.964999999999999e-01 1.214531393444142e-05
9.970000000000000e-01 1.314388074828936e-05
9.974999999999999e-01 1.443148068170507e-05
9.980000000000000e-01 1.617338394665678e-05
9.984999999999999e-01 1.872617184196505e-05
9.990000000000000e-01 2.300903891204807e-05
9.994999999999999e-01 3.267775262326138e-05
