-1.000000000000000e+00 1.600688019325292e+00
-9.805000000000000e-01 1.601582895341876e+00
-9.610000000000000e-01 1.602479924293114e+00
-9.415000000000000e-01 1.603379118072473e+00
-9.219999999999999e-01 1.604280488844470e+00
-9.025000000000000e-01 1.605184048788711e+00
-8.830000000000000e-01 1.606089810230502e+00
-8.634999999999999e-01 1.606997785616841e+00
-8.440000000000000e-01 1.607907987518258e+00
-8.245000000000000e-01 1.608820428630674e+00
-8.050000000000000e-01 1.609735121777305e+00
-7.855000000000000e-01 1.610652079910600e+00
-7.660000000000000e-01 1.611571316114536e+00
-7.464999999999997e-01 1.612492844422826e+00
-7.270000000000000e-01 1.613416675735795e+00
-7.075000000000001e-01 1.614342825995293e+00
-6.879999999999998e-01 1.615271308013113e+00
-6.685000000000001e-01 1.616202135560402e+00
-6.490000000000000e-01 1.617135322552210e+00
-6.295000000000002e-01 1.618070883049997e+00
-6.100000000000001e-01 1.619008831263947e+00
-5.904999999999999e-01 1.619949181555374e+00
-5.709999999999998e-01 1.620891948439197e+00
-5.515000000000001e-01 1.621837146586461e+00
-5.320000000000001e-01 1.622784790826919e+00
-5.125000000000001e-01 1.623734896151821e+00
-4.930000000000001e-01 1.624687477716049e+00
-4.735000000000001e-01 1.625642550841701e+00
-4.540000000000000e-01 1.626600131020465e+00
-4.345000000000002e-01 1.627560234489588e+00
-4.150000000000000e-01 1.628522875369645e+00
-3.955000000000000e-01 1.629488071398129e+00
-3.759999999999999e-01 1.630455838202012e+00
-3.564999999999999e-01 1.631426192166270e+00
-3.370000000000000e-01 1.632399149863897e+00
-3.174999999999999e-01 1.633374728059588e+00
-2.979999999999999e-01 1.634352943712956e+00
-2.785000000000000e-01 1.635333813982129e+00
-2.589999999999999e-01 1.636317356227375e+00
-2.394999999999999e-01 1.637303588014837e+00
-2.199999999999999e-01 1.638292527120283e+00
-2.004999999999999e-01 1.639284191533117e+00
-1.809999999999999e-01 1.640278599460340e+00
-1.615000000000001e-01 1.641275769330703e+00
-1.420000000000001e-01 1.642275719798929e+00
-1.225000000000000e-01 1.643278469750100e+00
-1.029999999999999e-01 1.644284038358029e+00
-8.349999999999999e-02 1.645292444820328e+00
-6.400000000000007e-02 1.646303708902225e+00
-4.449999999999989e-02 1.647317850402355e+00
-2.500000000000004e-02 1.648334889427311e+00
-5.499999999999857e-03 1.649354846346871e+00
1.400000000000017e-02 1.650377741779417e+00
3.349999999999984e-02 1.651403596637181e+00
5.299999999999994e-02 1.652432432092095e+00
7.250000000000016e-02 1.653464269601485e+00
9.200000000000018e-02 1.654499130910065e+00
1.114999999999999e-01 1.655537038056110e+00
1.310000000000002e-01 1.656578013377807e+00
1.505000000000001e-01 1.657622079519818e+00
1.700000000000000e-01 1.658669259440047e+00
1.895000000000001e-01 1.659719576416629e+00
2.090000000000000e-01 1.660773054055148e+00
2.285000000000000e-01 1.661829716296097e+00
2.480000000000000e-01 1.662889587422587e+00
2.675000000000001e-01 1.663952692068314e+00
2.869999999999999e-01 1.665019055225812e+00
3.065000000000000e-01 1.666088702254982e+00
3.260000000000000e-01 1.667161658891934e+00
3.454999999999999e-01 1.668237951258137e+00
3.650000000000002e-01 1.669317605869910e+00
3.844999999999998e-01 1.670400649648257e+00
4.040000000000002e-01 1.671487109929075e+00
4.234999999999999e-01 1.672577014473750e+00
4.429999999999998e-01 1.673670391480154e+00
4.625000000000000e-01 1.674767269594088e+00
4.819999999999999e-01 1.675867677921167e+00
5.014999999999999e-01 1.676971646039191e+00
5.209999999999999e-01 1.678079204011026e+00
5.404999999999998e-01 1.679190382398027e+00
5.600000000000001e-01 1.680305212274030e+00
5.794999999999999e-01 1.681423725239936e+00
5.990000000000000e-01 1.682545953438986e+00
6.185000000000000e-01 1.683671929572669e+00
6.379999999999999e-01 1.684801686917390e+00
6.575000000000000e-01 1.685935259341929e+00
6.769999999999998e-01 1.687072681325718e+00
6.965000000000001e-01 1.688213987978024e+00
7.160000000000000e-01 1.689359215058093e+00
7.354999999999998e-01 1.690508398996338e+00
7.549999999999999e-01 1.691661576916629e+00
7.745000000000000e-01 1.692818786659802e+00
7.940000000000000e-01 1.693980066808477e+00
8.134999999999999e-01 1.695145456713290e+00
8.329999999999997e-01 1.696314996520928e+00
8.525000000000000e-01 1.697488727202389e+00
8.719999999999999e-01 1.698666690586785e+00
8.915000000000000e-01 1.699848929392307e+00
9.110000000000000e-01 1.701035487263146e+00
9.304999999999999e-01 1.702226408807515e+00
9.500000000000000e-01 1.703421739638794e+00
9.504999999999999e-01 1.703452447538045e+00
9.510000000000000e-01 1.703483158367652e+00
9.514999999999999e-01 1.703513872128409e+00
9.520000000000000e-01 1.703544588821114e+00
9.524999999999999e-01 1.703575308446563e+00
9.530000000000000e-01 1.703606031005556e+00
9.534999999999999e-01 1.703636756498890e+00
9.540000000000000e-01 1.703667484927363e+00
9.544999999999999e-01 1.703698216291777e+00
9.550000000000000e-01 1.703728950592929e+00
9.554999999999999e-01 1.703759687831620e+00
9.560000000000000e-01 1.703790428008652e+00
9.564999999999999e-01 1.703821171124824e+00
9.570000000000000e-01 1.703851917180939e+00
9.574999999999999e-01 1.703882666177798e+00
9.580000000000000e-01 1.703913418116206e+00
9.584999999999999e-01 1.703944172996964e+00
9.590000000000000e-01 1.703974930820876e+00
9.594999999999999e-01 1.704005691588746e+00
9.600000000000000e-01 1.704036455301380e+00
9.604999999999999e-01 1.704067221959581e+00
9.610000000000000e-01 1.704097991564155e+00
9.614999999999999e-01 1.704128764115909e+00
9.620000000000000e-01 1.704159539615649e+00
9.624999999999999e-01 1.704190318064182e+00
9.630000000000000e-01 1.704221099462358e+00
9.634999999999999e-01 1.704251883810856e+00
9.640000000000000e-01 1.704282671110614e+00
9.644999999999999e-01 1.704313461362398e+00
9.650000000000000e-01 1.704344254567017e+00
9.654999999999999e-01 1.704375050725281e+00
9.660000000000000e-01 1.704405849838001e+00
9.664999999999999e-01 1.704436651905987e+00
9.670000000000000e-01 1.704467456930050e+00
9.674999999999999e-01 1.704498264911004e+00
9.680000000000000e-01 1.704529075849660e+00
9.684999999999999e-01 1.704559889746830e+00
9.690000000000000e-01 1.704590706603329e+00
9.694999999999999e-01 1.704621526419971e+00
9.700000000000000e-01 1.704652349197568e+00
9.704999999999999e-01 1.704683174936937e+00
9.710000000000000e-01 1.704714003638894e+00
9.714999999999999e-01 1.704744835304252e+00
9.720000000000000e-01 1.704775669933830e+00
9.724999999999999e-01 1.704806507528444e+00
9.730000000000000e-01 1.704837348088911e+00
9.734999999999999e-01 1.704868191616049e+00
9.740000000000000e-01 1.704899038110677e+00
9.744999999999999e-01 1.704929887573613e+00
9.750000000000000e-01 1.704960740005676e+00
9.754999999999999e-01 1.704991595407688e+00
9.760000000000000e-01 1.705022453780467e+00
9.764999999999999e-01 1.705053315124835e+00
9.770000000000000e-01 1.705084179441613e+00
9.774999999999999e-01 1.705115046731624e+00
9.780000000000000e-01 1.705145916995689e+00
9.784999999999999e-01 1.705176790234632e+00
9.790000000000000e-01 1.705207666449275e+00
9.794999999999999e-01 1.705238545640443e+00
9.800000000000000e-01 1.705269427808961e+00
9.804999999999999e-01 1.705300312955652e+00
9.810000000000000e-01 1.705331201081343e+00
9.814999999999999e-01 1.705362092186860e+00
9.820000000000000e-01 1.705392986273028e+00
9.824999999999999e-01 1.705423883340676e+00
9.830000000000000e-01 1.705454783390630e+00
9.834999999999999e-01 1.705485686423718e+00
9.840000000000000e-01 1.705516592440770e+00
9.844999999999999e-01 1.705547501442613e+00
9.850000000000000e-01 1.705578413430079e+00
9.854999999999999e-01 1.705609328403995e+00
9.860000000000000e-01 1.705640246365194e+00
9.864999999999999e-01 1.705671167314507e+00
9.870000000000000e-01 1.705702091252765e+00
9.874999999999999e-01 1.705733018180799e+00
9.880000000000000e-01 1.705763948099443e+00
9.884999999999999e-01 1.705794881009531e+00
9.890000000000000e-01 1.705825816911895e+00
9.894999999999999e-01 1.705856755807369e+00
9.900000000000000e-01 1.705887697696790e+00
9.904999999999999e-01 1.705918642580991e+00
9.910000000000000e-01 1.705949590460810e+00
9.914999999999999e-01 1.705980541337081e+00
9.920000000000000e-01 1.706011495210641e+00
9.924999999999999e-01 1.706042452082330e+00
9.930000000000000e-01 1.706073411952983e+00
9.934999999999999e-01 1.706104374823440e+00
9.940000000000000e-01 1.706135340694539e+00
9.944999999999999e-01 1.706166309567120e+00
9.950000000000000e-01 1.706197281442023e+00
9.954999999999999e-01 1.706228256320089e+00
9.960000000000000e-01 1.706259234202159e+00
9.964999999999999e-01 1.706290215089073e+00
9.970000000000000e-01 1.706321198981674e+00
9.974999999999999e-01 1.706352185880806e+00
9.980000000000000e-01 1.706383175787310e+00
9.984999999999999e-01 1.706414168702032e+00
9.990000000000000e-01 1.706445164625815e+00
9.994999999999999e-01 1.706476163559504e+00
