-1.000000000000000e+00 1.043365793478161e-05
-9.805000000000000e-01 1.048455294824032e-05
-9.610000000000000e-01 1.053602938099680e-05
-9.415000000000000e-01 1.058803950586595e-05
-9.219999999999999e-01 1.064060522929527e-05
-9.025000000000000e-01 1.069382697930206e-05
-8.830000000000000e-01 1.074758650338240e-05
-8.634999999999999e-01 1.080193741498987e-05
-8.440000000000000e-01 1.085692586454360e-05
-8.245000000000000e-01 1.091252234112034e-05
-8.050000000000000e-01 1.096877877444901e-05
-7.855000000000000e-01 1.102567280191663e-05
-7.660000000000000e-01 1.108323122802896e-05
-7.464999999999997e-01 1.114147441424410e-05
-7.270000000000000e-01 1.120040945630417e-05
-7.075000000000001e-01 1.126003716354516e-05
-6.879999999999998e-01 1.132039946788407e-05
-6.685000000000001e-01 1.138147858210985e-05
-6.490000000000000e-01 1.144333063652596e-05
-6.295000000000002e-01 1.150593639027263e-05
-6.100000000000001e-01 1.156932171291631e-05
-5.904999999999999e-01 1.163351143871352e-05
-5.709999999999998e-01 1.169850465012431e-05
-5.515000000000001e-01 1.176433197767430e-05
-5.320000000000001e-01 1.183101839102074e-05
-5.125000000000001e-01 1.189856993576235e-05
-4.930000000000001e-01 1.196701680102642e-05
-4.735000000000001e-01 1.203634541517272e-05
-4.540000000000000e-01 1.210664867767809e-05
-4.345000000000002e-01 1.217786440289033e-05
-4.150000000000000e-01 1.225010466453713e-05
-3.955000000000000e-01 1.232311749763124e-05
-3.759999999999999e-01 1.239733125708158e-05
-3.564999999999999e-01 1.247261390165988e-05
-3.370000000000000e-01 1.254894168665170e-05
-3.174999999999999e-01 1.262638622754148e-05
-2.979999999999999e-01 1.270496666645174e-05
-2.785000000000000e-01 1.278467311483865e-05
-2.589999999999999e-01 1.286572004246414e-05
-2.394999999999999e-01 1.294783089481824e-05
-2.199999999999999e-01 1.303128741081095e-05
-2.004999999999999e-01 1.311584576864277e-05
-1.809999999999999e-01 1.320183284500929e-05
-1.615000000000001e-01 1.328924415591614e-05
-1.420000000000001e-01 1.337784802458860e-05
-1.225000000000000e-01 1.346811513331005e-05
-1.029999999999999e-01 1.355962317503340e-05
-8.349999999999999e-02 1.365272547730011e-05
-6.400000000000007e-02 1.374743081564962e-05
-4.449999999999989e-02 1.384369758619416e-05
-2.500000000000004e-02 1.394165612676824e-05
-5.499999999999857e-03 1.404128031527149e-05
1.400000000000017e-02 1.414273861694424e-05
3.349999999999984e-02 1.424597086878034e-05
5.299999999999994e-02 1.435114397646499e-05
7.250000000000016e-02 1.445719811798936e-05
9.200000000000018e-02 1.456744871653024e-05
1.114999999999999e-01 1.467866614958652e-05
1.310000000000002e-01 1.479201453727175e-05
1.505000000000001e-01 1.490789655515329e-05
1.700000000000000e-01 1.502579095570212e-05
1.895000000000001e-01 1.514609402999331e-05
2.090000000000000e-01 1.526885227154873e-05
2.285000000000000e-01 1.539423480060742e-05
2.480000000000000e-01 1.552228424606813e-05
2.675000000000001e-01 1.565324240004788e-05
2.869999999999999e-01 1.578715581764658e-05
3.065000000000000e-01 1.592407350649542e-05
3.260000000000000e-01 1.606415322671861e-05
3.454999999999999e-01 1.620758723942742e-05
3.650000000000002e-01 1.635445916890734e-05
3.844999999999998e-01 1.650515389073649e-05
4.040000000000002e-01 1.665961258482100e-05
4.234999999999999e-01 1.681809161324521e-05
4.429999999999998e-01 1.698082242038951e-05
4.625000000000000e-01 1.714806839877800e-05
4.819999999999999e-01 1.732009894483292e-05
5.014999999999999e-01 1.749711286555689e-05
5.209999999999999e-01 1.767936381230205e-05
5.404999999999998e-01 1.786727893191079e-05
5.600000000000001e-01 1.806124655826326e-05
5.794999999999999e-01 1.826170733441273e-05
5.990000000000000e-01 1.846903677262086e-05
6.185000000000000e-01 1.868366431230605e-05
6.379999999999999e-01 1.890619709659774e-05
6.575000000000000e-01 1.913735261839948e-05
6.769999999999998e-01 1.937803948915839e-05
6.965000000000001e-01 1.962894848716689e-05
7.160000000000000e-01 1.989108638063047e-05
7.354999999999998e-01 2.016564657394088e-05
7.549999999999999e-01 2.045394687730786e-05
7.745000000000000e-01 2.075782934659797e-05
7.940000000000000e-01 2.107920689597615e-05
8.134999999999999e-01 2.142072992609556e-05
8.329999999999997e-01 2.178498664723326e-05
8.525000000000000e-01 2.217571519684181e-05
8.719999999999999e-01 2.259738971156185e-05
8.915000000000000e-01 2.305693610777955e-05
9.110000000000000e-01 2.356560110379835e-05
9.304999999999999e-01 2.414433201082985e-05
9.500000000000000e-01 2.483707858742366e-05
9.504999999999999e-01 2.485709912722214e-05
9.510000000000000e-01 2.487728022102954e-05
9.514999999999999e-01 2.489765727723571e-05
9.520000000000000e-01 2.491798215787263e-05
9.524999999999999e-01 2.493853609276627e-05
9.530000000000000e-01 2.495919733725710e-05
9.534999999999999e-01 2.498004343572543e-05
9.540000000000000e-01 2.500101291063048e-05
9.544999999999999e-01 2.502213107738957e-05
9.550000000000000e-01 2.504347799288554e-05
9.554999999999999e-01 2.506492000560980e-05
9.560000000000000e-01 2.508655484982910e-05
9.564999999999999e-01 2.510833780546655e-05
9.570000000000000e-01 2.513029312591376e-05
9.574999999999999e-01 2.515237695547110e-05
9.580000000000000e-01 2.517471566358947e-05
9.584999999999999e-01 2.519724214569704e-05
9.590000000000000e-01 2.521993426111248e-05
9.594999999999999e-01 2.524289366488723e-05
9.600000000000000e-01 2.526606096627191e-05
9.604999999999999e-01 2.528937654035936e-05
9.610000000000000e-01 2.531295477456180e-05
9.614999999999999e-01 2.533671699408694e-05
9.620000000000000e-01 2.536067224558434e-05
9.624999999999999e-01 2.538482823529619e-05
9.630000000000000e-01 2.540921358914343e-05
9.634999999999999e-01 2.543383611454353e-05
9.640000000000000e-01 2.545869323874584e-05
9.644999999999999e-01 2.548380194896482e-05
9.650000000000000e-01 2.550918867307424e-05
9.654999999999999e-01 2.553482105900937e-05
9.660000000000000e-01 2.556071104208757e-05
9.664999999999999e-01 2.558689783242651e-05
9.670000000000000e-01 2.561334462704955e-05
9.674999999999999e-01 2.564005735791283e-05
9.680000000000000e-01 2.566713943740689e-05
9.684999999999999e-01 2.569450431381195e-05
9.690000000000000e-01 2.572225266274540e-05
9.694999999999999e-01 2.575028091208872e-05
9.700000000000000e-01 2.577865199754490e-05
9.704999999999999e-01 2.580731588054874e-05
9.710000000000000e-01 2.583634404878287e-05
9.714999999999999e-01 2.586572833415990e-05
9.720000000000000e-01 2.589550831332116e-05
9.724999999999999e-01 2.592567578175882e-05
9.730000000000000e-01 2.595624922215440e-05
9.734999999999999e-01 2.598723348909766e-05
9.740000000000000e-01 2.601869820948229e-05
9.744999999999999e-01 2.605063305741452e-05
9.750000000000000e-01 2.608302745716909e-05
9.754999999999999e-01 2.611545780094640e-05
9.760000000000000e-01 2.614912799100393e-05
9.764999999999999e-01 2.618296969590210e-05
9.770000000000000e-01 2.621741005452760e-05
9.774999999999999e-01 2.625236217522472e-05
9.780000000000000e-01 2.628790359138484e-05
9.784999999999999e-01 2.632407299902571e-05
9.790000000000000e-01 2.636087379517646e-05
9.794999999999999e-01 2.639834859948311e-05
9.800000000000000e-01 2.643651053386342e-05
9.804999999999999e-01 2.647543276131907e-05
9.810000000000000e-01 2.651510875162440e-05
9.814999999999999e-01 2.655561000473853e-05
9.820000000000000e-01 2.659711438924671e-05
9.824999999999999e-01 2.663939740735992e-05
9.830000000000000e-01 2.668256713114747e-05
9.834999999999999e-01 2.672673707539961e-05
9.840000000000000e-01 2.677196560376682e-05
9.844999999999999e-01 2.681831789583742e-05
9.850000000000000e-01 2.686586493473639e-05
9.854999999999999e-01 2.691469969770405e-05
9.860000000000000e-01 2.696488012103691e-05
9.864999999999999e-01 2.701647997426310e-05
9.870000000000000e-01 2.706968320027884e-05
9.874999999999999e-01 2.712460297042028e-05
9.880000000000000e-01 2.718130623771343e-05
9.884999999999999e-01 2.723998216941999e-05
9.890000000000000e-01 2.730082594726928e-05
9.894999999999999e-01 2.736399396956559e-05
9.900000000000000e-01 2.742981294528488e-05
9.904999999999999e-01 2.749838630399074e-05
9.910000000000000e-01 2.757026090832101e-05
9.914999999999999e-01 2.764553854404896e-05
9.920000000000000e-01 2.772474992789833e-05
9.924999999999999e-01 2.780843259679996e-05
9.930000000000000e-01 2.789726919102352e-05
9.934999999999999e-01 2.799195945235583e-05
9.940000000000000e-01 2.809354743037151e-05
9.944999999999999e-01 2.820328000981356e-05
9.950000000000000e-01 2.832282739455732e-05
9.954999999999999e-01 2.845447009878111e-05
9.960000000000000e-01 2.860096098056242e-05
9.964999999999999e-01 2.876697328931155e-05
9.970000000000000e-01 2.895900453189870e-05
9.974999999999999e-01 2.918766075443094e-05
9.980000000000000e-01 2.947169492944218e-05
9.984999999999999e-01 2.984784775866369e-05
9.990000000000000e-01 3.040695812402559e-05
9.994999999999999e-01 3.148560160096453e-05
