-1.000000000000000e+00 7.136721065963506e-03
-9.805000000000000e-01 7.146024698096512e-03
-9.610000000000000e-01 7.155365492762190e-03
-9.415000000000000e-01 7.164743754033594e-03
-9.219999999999999e-01 7.174159811318745e-03
-9.025000000000000e-01 7.183613977792989e-03
-8.830000000000000e-01 7.193106577997581e-03
-8.634999999999999e-01 7.202637941188562e-03
-8.440000000000000e-01 7.212208401366606e-03
-8.245000000000000e-01 7.221818303325038e-03
-8.050000000000000e-01 7.231467883094192e-03
-7.855000000000000e-01 7.241157784179862e-03
-7.660000000000000e-01 7.250888071809091e-03
-7.464999999999997e-01 7.260659194797701e-03
-7.270000000000000e-01 7.270471531641264e-03
-7.075000000000001e-01 7.280325446130650e-03
-6.879999999999998e-01 7.290221314380440e-03
-6.685000000000001e-01 7.300159523908426e-03
-6.490000000000000e-01 7.310140451721430e-03
-6.295000000000002e-01 7.320164497072228e-03
-6.100000000000001e-01 7.330232053658129e-03
-5.904999999999999e-01 7.340343540675445e-03
-5.709999999999998e-01 7.350499369767168e-03
-5.515000000000001e-01 7.360699850916483e-03
-5.320000000000001e-01 7.370945716945096e-03
-5.125000000000001e-01 7.381237094030497e-03
-4.930000000000001e-01 7.391574538229372e-03
-4.735000000000001e-01 7.401958485191558e-03
-4.540000000000000e-01 7.412389392060312e-03
-4.345000000000002e-01 7.422867726981525e-03
-4.150000000000000e-01 7.433393956844349e-03
-3.955000000000000e-01 7.443968564831488e-03
-3.759999999999999e-01 7.454592036675305e-03
-3.564999999999999e-01 7.465264866179017e-03
-3.370000000000000e-01 7.475987563642364e-03
-3.174999999999999e-01 7.486760640988613e-03
-2.979999999999999e-01 7.497584621755820e-03
-2.785000000000000e-01 7.508460035285516e-03
-2.589999999999999e-01 7.519387436021810e-03
-2.394999999999999e-01 7.530367364917179e-03
-2.199999999999999e-01 7.541400390459523e-03
-2.004999999999999e-01 7.552487084815618e-03
-1.809999999999999e-01 7.563628030770016e-03
-1.615000000000001e-01 7.574823835130636e-03
-1.420000000000001e-01 7.586075094146727e-03
-1.225000000000000e-01 7.597382432022003e-03
-1.029999999999999e-01 7.608746480976872e-03
-8.349999999999999e-02 7.620167886143879e-03
-6.400000000000007e-02 7.631647305374890e-03
-4.449999999999989e-02 7.643185410617338e-03
-2.500000000000004e-02 7.654782885787745e-03
-5.499999999999857e-03 7.666440433676792e-03
1.400000000000017e-02 7.678158766645952e-03
3.349999999999984e-02 7.689938615271104e-03
5.299999999999994e-02 7.701780726638140e-03
7.250000000000016e-02 7.713685862421925e-03
9.200000000000018e-02 7.725654802359587e-03
1.114999999999999e-01 7.737688343486958e-03
1.310000000000002e-01 7.749787301334490e-03
1.505000000000001e-01 7.761952509862665e-03
1.700000000000000e-01 7.774184822868037e-03
1.895000000000001e-01 7.786485114473207e-03
2.090000000000000e-01 7.798854279789072e-03
2.285000000000000e-01 7.811293235819663e-03
2.480000000000000e-01 7.823802922298284e-03
2.675000000000001e-01 7.836384302586819e-03
2.869999999999999e-01 7.849038364638671e-03
3.065000000000000e-01 7.861766122003086e-03
3.260000000000000e-01 7.874568614901876e-03
3.454999999999999e-01 7.887446911367718e-03
3.650000000000002e-01 7.900402108454961e-03
3.844999999999998e-01 7.913435333528413e-03
4.040000000000002e-01 7.926547745640868e-03
4.234999999999999e-01 7.939740536996765e-03
4.429999999999998e-01 7.953014934511428e-03
4.625000000000000e-01 7.966372201479398e-03
4.819999999999999e-01 7.979813639425900e-03
5.014999999999999e-01 7.993340590028252e-03
5.209999999999999e-01 8.006954437196189e-03
5.404999999999998e-01 8.020656609084627e-03
5.600000000000001e-01 8.034448581150221e-03
5.794999999999999e-01 8.048331878222004e-03
5.990000000000000e-01 8.062308077186395e-03
6.185000000000000e-01 8.076378811296856e-03
6.379999999999999e-01 8.090545771780909e-03
6.575000000000000e-01 8.104810713695738e-03
6.769999999999998e-01 8.119175457832428e-03
6.965000000000001e-01 8.133641897656332e-03
7.160000000000000e-01 8.148212001982401e-03
7.354999999999998e-01 8.162887823126424e-03
7.549999999999999e-01 8.177671500983995e-03
7.745000000000000e-01 8.192565272213312e-03
7.940000000000000e-01 8.207571477000552e-03
8.134999999999999e-01 8.222692569896523e-03
8.329999999999997e-01 8.237931129728976e-03
8.525000000000000e-01 8.253289873721916e-03
8.719999999999999e-01 8.268771671740905e-03
8.915000000000000e-01 8.284379567301086e-03
9.110000000000000e-01 8.300116800159246e-03
9.304999999999999e-01 8.315986838314233e-03
9.500000000000000e-01 8.331993422223545e-03
9.504999999999999e-01 8.332405678293029e-03
9.510000000000000e-01 8.332818026866376e-03
9.514999999999999e-01 8.333230468015842e-03
9.520000000000000e-01 8.333643001813945e-03
9.524999999999999e-01 8.334055628333321e-03
9.530000000000000e-01 8.334468347647207e-03
9.534999999999999e-01 8.334881159827955e-03
9.540000000000000e-01 8.335294064949190e-03
9.544999999999999e-01 8.335707063084393e-03
9.550000000000000e-01 8.336120154307250e-03
9.554999999999999e-01 8.336533338691632e-03
9.560000000000000e-01 8.336946616311703e-03
9.564999999999999e-01 8.337359987241675e-03
9.570000000000000e-01 8.337773451556152e-03
9.574999999999999e-01 8.338187009329850e-03
9.580000000000000e-01 8.338600660637746e-03
9.584999999999999e-01 8.339014405555054e-03
9.590000000000000e-01 8.339428244152543e-03
9.594999999999999e-01 8.339842176514890e-03
9.600000000000000e-01 8.340256202710601e-03
9.604999999999999e-01 8.340670322821809e-03
9.610000000000000e-01 8.341084536921501e-03
9.614999999999999e-01 8.341498845086613e-03
9.620000000000000e-01 8.341913247394118e-03
9.624999999999999e-01 8.342327743922354e-03
9.630000000000000e-01 8.342742334745318e-03
9.634999999999999e-01 8.343157019942378e-03
9.640000000000000e-01 8.343571515628282e-03
9.644999999999999e-01 8.343986673768157e-03
9.650000000000000e-01 8.344401642555769e-03
9.654999999999999e-01 8.344816706037084e-03
9.660000000000000e-01 8.345231864277585e-03
9.664999999999999e-01 8.345647117364775e-03
9.670000000000000e-01 8.346062465374605e-03
9.674999999999999e-01 8.346477908388520e-03
9.680000000000000e-01 8.346893446486599e-03
9.684999999999999e-01 8.347309079749133e-03
9.690000000000000e-01 8.347724808256766e-03
9.694999999999999e-01 8.348140632090401e-03
9.700000000000000e-01 8.348556551331309e-03
9.704999999999999e-01 8.348972565686199e-03
9.710000000000000e-01 8.349388675987116e-03
9.714999999999999e-01 8.349804882043486e-03
9.720000000000000e-01 8.350221183730189e-03
9.724999999999999e-01 8.350637581242529e-03
9.730000000000000e-01 8.351054074647197e-03
9.734999999999999e-01 8.351470664475594e-03
9.740000000000000e-01 8.351887349827994e-03
9.744999999999999e-01 8.352304131444201e-03
9.750000000000000e-01 8.352721009297685e-03
9.754999999999999e-01 8.353137983475216e-03
9.760000000000000e-01 8.353555054062172e-03
9.764999999999999e-01 8.353972221144137e-03
9.770000000000000e-01 8.354389484806693e-03
9.774999999999999e-01 8.354806845138302e-03
9.780000000000000e-01 8.355224302226912e-03
9.784999999999999e-01 8.355641856158121e-03
9.790000000000000e-01 8.356059507021528e-03
9.794999999999999e-01 8.356477254906384e-03
9.800000000000000e-01 8.356895099901816e-03
9.804999999999999e-01 8.357313042097747e-03
9.810000000000000e-01 8.357731081588392e-03
9.814999999999999e-01 8.358149218461459e-03
9.820000000000000e-01 8.358567452808599e-03
9.824999999999999e-01 8.358985784725936e-03
9.830000000000000e-01 8.359404214304506e-03
9.834999999999999e-01 8.359822741641791e-03
9.840000000000000e-01 8.360241366831870e-03
9.844999999999999e-01 8.360660089972447e-03
9.850000000000000e-01 8.361078911161727e-03
9.854999999999999e-01 8.361497830494872e-03
9.860000000000000e-01 8.361916848077695e-03
9.864999999999999e-01 8.362335940207251e-03
9.870000000000000e-01 8.362755154577364e-03
9.874999999999999e-01 8.363174491340393e-03
9.880000000000000e-01 8.363593902951948e-03
9.884999999999999e-01 8.364013413341821e-03
9.890000000000000e-01 8.364433022623820e-03
9.894999999999999e-01 8.364852730910359e-03
9.900000000000000e-01 8.365272538327006e-03
9.904999999999999e-01 8.365692444953079e-03
9.910000000000000e-01 8.366112450941815e-03
9.914999999999999e-01 8.366532556426973e-03
9.920000000000000e-01 8.366952761539020e-03
9.924999999999999e-01 8.367373066428487e-03
9.930000000000000e-01 8.367793471239757e-03
9.934999999999999e-01 8.368213976150387e-03
9.940000000000000e-01 8.368634581358989e-03
9.944999999999999e-01 8.369055287109470e-03
9.950000000000000e-01 8.369476093705877e-03
9.954999999999999e-01 8.369897001528574e-03
9.960000000000000e-01 8.370318011084826e-03
9.964999999999999e-01 8.370739123046892e-03
9.970000000000000e-01 8.371160338346284e-03
9.974999999999999e-01 8.371581658329701e-03
9.980000000000000e-01 8.372003085065848e-03
9.984999999999999e-01 8.372424621985590e-03
9.990000000000000e-01 8.372846275456109e-03
9.994999999999999e-01 8.373268059582864e-03
