-1.000000000000000e+00 3.460131798825044e-04
-9.805000000000000e-01 3.474946151403998e-04
-9.610000000000000e-01 3.489949652231490e-04
-9.415000000000000e-01 3.505151886716151e-04
-9.219999999999999e-01 3.520553503809509e-04
-9.025000000000000e-01 3.536158365682900e-04
-8.830000000000000e-01 3.551975855019673e-04
-8.634999999999999e-01 3.568004018019733e-04
-8.440000000000000e-01 3.584252993442578e-04
-8.245000000000000e-01 3.600726901161503e-04
-8.050000000000000e-01 3.617434658763149e-04
-7.855000000000000e-01 3.634257462167829e-04
-7.660000000000000e-01 3.651475365504390e-04
-7.464999999999997e-01 3.668922774501331e-04
-7.270000000000000e-01 3.686624875537538e-04
-7.075000000000001e-01 3.704581303293967e-04
-6.879999999999998e-01 3.722803666982179e-04
-6.685000000000001e-01 3.741326219546276e-04
-6.490000000000000e-01 3.760096567503379e-04
-6.295000000000002e-01 3.779155649411857e-04
-6.100000000000001e-01 3.798509402488555e-04
-5.904999999999999e-01 3.818168701620790e-04
-5.709999999999998e-01 3.838153970622117e-04
-5.515000000000001e-01 3.858454172381811e-04
-5.320000000000001e-01 3.879085968412128e-04
-5.125000000000001e-01 3.900059340520768e-04
-4.930000000000001e-01 3.921386366626095e-04
-4.735000000000001e-01 3.943076426824286e-04
-4.540000000000000e-01 3.965134785655091e-04
-4.345000000000002e-01 3.987583755209861e-04
-4.150000000000000e-01 4.010415586854376e-04
-3.955000000000000e-01 4.033677755106410e-04
-3.759999999999999e-01 4.057347401860334e-04
-3.564999999999999e-01 4.081452820125725e-04
-3.370000000000000e-01 4.106007369699414e-04
-3.174999999999999e-01 4.131024445564100e-04
-2.979999999999999e-01 4.156527760493771e-04
-2.785000000000000e-01 4.182519416706640e-04
-2.589999999999999e-01 4.209022404929962e-04
-2.394999999999999e-01 4.236053497139187e-04
-2.199999999999999e-01 4.263638093975357e-04
-2.004999999999999e-01 4.291788143870098e-04
-1.809999999999999e-01 4.320526547210957e-04
-1.615000000000001e-01 4.349875897314917e-04
-1.420000000000001e-01 4.379855208424980e-04
-1.225000000000000e-01 4.410492941504624e-04
-1.029999999999999e-01 4.441817584478226e-04
-8.349999999999999e-02 4.473850705909220e-04
-6.400000000000007e-02 4.506619769460047e-04
-4.449999999999989e-02 4.540155645999282e-04
-2.500000000000004e-02 4.574493424770284e-04
-5.499999999999857e-03 4.609658299912262e-04
1.400000000000017e-02 4.645694797369673e-04
3.349999999999984e-02 4.682638922338051e-04
5.299999999999994e-02 4.720530976684380e-04
7.250000000000016e-02 4.759412504337602e-04
9.200000000000018e-02 4.799330591677851e-04
1.114999999999999e-01 4.840334503360549e-04
1.310000000000002e-01 4.882481138246144e-04
1.505000000000001e-01 4.925820160059215e-04
1.700000000000000e-01 4.970412530338721e-04
1.895000000000001e-01 5.016327460820539e-04
2.090000000000000e-01 5.063633440436815e-04
2.285000000000000e-01 5.112402909746166e-04
2.480000000000000e-01 5.162719067282943e-04
2.675000000000001e-01 5.214670642843811e-04
2.869999999999999e-01 5.268354429847525e-04
3.065000000000000e-01 5.323870829371973e-04
3.260000000000000e-01 5.381340439793012e-04
3.454999999999999e-01 5.440878604563990e-04
3.650000000000002e-01 5.502624625394234e-04
3.844999999999998e-01 5.566728131666728e-04
4.040000000000002e-01 5.633356936749266e-04
4.234999999999999e-01 5.702685908835430e-04
4.429999999999998e-01 5.774921109980585e-04
4.625000000000000e-01 5.850284664734994e-04
4.819999999999999e-01 5.929027781603332e-04
5.014999999999999e-01 6.011431119795564e-04
5.209999999999999e-01 6.097809984709884e-04
5.404999999999998e-01 6.188524067790197e-04
5.600000000000001e-01 6.283980075458891e-04
5.794999999999999e-01 6.384642110677151e-04
5.990000000000000e-01 6.491048022808487e-04
6.185000000000000e-01 6.603821297003638e-04
6.379999999999999e-01 6.723688225075472e-04
6.575000000000000e-01 6.851500186822537e-04
6.769999999999998e-01 6.988281081352027e-04
6.965000000000001e-01 7.135229884380996e-04
7.160000000000000e-01 7.293841470436021e-04
7.354999999999998e-01 7.465932892456613e-04
7.549999999999999e-01 7.653748466996635e-04
7.745000000000000e-01 7.860180998527219e-04
7.940000000000000e-01 8.088933084944605e-04
8.134999999999999e-01 8.344916899450740e-04
8.329999999999997e-01 8.634820650144884e-04
8.525000000000000e-01 8.968049628722954e-04
8.719999999999999e-01 9.358403998961801e-04
8.915000000000000e-01 9.827264854799748e-04
9.110000000000000e-01 1.041021072173394e-03
9.304999999999999e-01 1.117281133301287e-03
9.500000000000000e-01 1.225583162711562e-03
9.504999999999999e-01 1.229021754124181e-03
9.510000000000000e-01 1.232503705408357e-03
9.514999999999999e-01 1.236030079746264e-03
9.520000000000000e-01 1.239601910684712e-03
9.524999999999999e-01 1.243220277231209e-03
9.530000000000000e-01 1.246886384869413e-03
9.534999999999999e-01 1.250601578139501e-03
9.540000000000000e-01 1.254366616590267e-03
9.544999999999999e-01 1.258182771022210e-03
9.550000000000000e-01 1.262051801055567e-03
9.554999999999999e-01 1.265974843687335e-03
9.560000000000000e-01 1.269953277803186e-03
9.564999999999999e-01 1.273988617162473e-03
9.570000000000000e-01 1.278082315110660e-03
9.574999999999999e-01 1.282235993742143e-03
9.580000000000000e-01 1.286451261981303e-03
9.584999999999999e-01 1.290729809726893e-03
9.590000000000000e-01 1.295073090812810e-03
9.594999999999999e-01 1.299483640484640e-03
9.600000000000000e-01 1.303963095080999e-03
9.604999999999999e-01 1.308513365961038e-03
9.610000000000000e-01 1.313136594876967e-03
9.614999999999999e-01 1.317835437444153e-03
9.620000000000000e-01 1.322610624883827e-03
9.624999999999999e-01 1.327466522800931e-03
9.630000000000000e-01 1.332404270040898e-03
9.634999999999999e-01 1.337426895302889e-03
9.640000000000000e-01 1.342537005553421e-03
9.644999999999999e-01 1.347737595789447e-03
9.650000000000000e-01 1.353031576676882e-03
9.654999999999999e-01 1.358422053762921e-03
9.660000000000000e-01 1.363912328700965e-03
9.664999999999999e-01 1.369505805078570e-03
9.670000000000000e-01 1.375206166512432e-03
9.674999999999999e-01 1.381017220292312e-03
9.680000000000000e-01 1.386942866902617e-03
9.684999999999999e-01 1.392987422022844e-03
9.690000000000000e-01 1.399155245205570e-03
9.694999999999999e-01 1.405451064863182e-03
9.700000000000000e-01 1.411879823920496e-03
9.704999999999999e-01 1.418446740822293e-03
9.710000000000000e-01 1.425157328759933e-03
9.714999999999999e-01 1.432017450628496e-03
9.720000000000000e-01 1.439033329238845e-03
9.724999999999999e-01 1.446211474094305e-03
9.730000000000000e-01 1.453558938807800e-03
9.734999999999999e-01 1.461083199053270e-03
9.740000000000000e-01 1.468792049632475e-03
9.744999999999999e-01 1.476693974976390e-03
9.750000000000000e-01 1.484796366246571e-03
9.754999999999999e-01 1.493113675318786e-03
9.760000000000000e-01 1.501651438366051e-03
9.764999999999999e-01 1.510422055592839e-03
9.770000000000000e-01 1.519437284849691e-03
9.774999999999999e-01 1.528710377179226e-03
9.780000000000000e-01 1.538254490641963e-03
9.784999999999999e-01 1.548084549420984e-03
9.790000000000000e-01 1.558216481848794e-03
9.794999999999999e-01 1.568667509937894e-03
9.800000000000000e-01 1.579456337126796e-03
9.804999999999999e-01 1.590603257500235e-03
9.810000000000000e-01 1.602130373726781e-03
9.814999999999999e-01 1.614061811386971e-03
9.820000000000000e-01 1.626423888732582e-03
9.824999999999999e-01 1.639245648512742e-03
9.830000000000000e-01 1.652558759383809e-03
9.834999999999999e-01 1.666398282183522e-03
9.840000000000000e-01 1.680802926086052e-03
9.844999999999999e-01 1.695815598994119e-03
9.850000000000000e-01 1.711484241307065e-03
9.854999999999999e-01 1.727862062164655e-03
9.860000000000000e-01 1.745008884525994e-03
9.864999999999999e-01 1.762991728671782e-03
9.870000000000000e-01 1.781886950625031e-03
9.874999999999999e-01 1.801780559515152e-03
9.880000000000000e-01 1.822771266422409e-03
9.884999999999999e-01 1.844971645982572e-03
9.890000000000000e-01 1.868512305524091e-03
9.894999999999999e-01 1.893544209355008e-03
9.900000000000000e-01 1.920244293537558e-03
9.904999999999999e-01 1.948820873217509e-03
9.910000000000000e-01 1.979521444050524e-03
9.914999999999999e-01 2.012642708059747e-03
9.920000000000000e-01 2.048544081732221e-03
9.924999999999999e-01 2.087666135631112e-03
9.930000000000000e-01 2.130555668856004e-03
9.934999999999999e-01 2.177901644347400e-03
9.940000000000000e-01 2.230587008921570e-03
9.944999999999999e-01 2.289765333333488e-03
9.950000000000000e-01 2.356978829270383e-03
9.954999999999999e-01 2.434346868989037e-03
9.960000000000000e-01 2.524877373946957e-03
9.964999999999999e-01 2.633017274401823e-03
9.970000000000000e-01 2.765685133792288e-03
9.974999999999999e-01 2.934387693057422e-03
9.980000000000000e-01 3.160089800322363e-03
9.984999999999999e-01 3.486415440758871e-03
9.990000000000000e-01 4.025892110146144e-03
9.994999999999999e-01 5.223716218180743e-03
