-1.000000000000000e+00 2.151982992080704e-04
-9.805000000000000e-01 2.164606448055304e-04
-9.610000000000000e-01 2.177193351662163e-04
-9.415000000000000e-01 2.190185800273473e-04
-9.219999999999999e-01 2.203302992724211e-04
-9.025000000000000e-01 2.216619050470625e-04
-8.830000000000000e-01 2.230120837434868e-04
-8.634999999999999e-01 2.243897007938689e-04
-8.440000000000000e-01 2.257719843011041e-04
-8.245000000000000e-01 2.271915175958231e-04
-8.050000000000000e-01 2.286480089054531e-04
-7.855000000000000e-01 2.301309281931310e-04
-7.660000000000000e-01 2.316073352356243e-04
-7.464999999999997e-01 2.331289028563925e-04
-7.270000000000000e-01 2.346642783171943e-04
-7.075000000000001e-01 2.362478107311585e-04
-6.879999999999998e-01 2.378501770146622e-04
-6.685000000000001e-01 2.394651317086624e-04
-6.490000000000000e-01 2.411255647623993e-04
-6.295000000000002e-01 2.428174878112181e-04
-6.100000000000001e-01 2.445401872093208e-04
-5.904999999999999e-01 2.463068339574952e-04
-5.709999999999998e-01 2.480809718900728e-04
-5.515000000000001e-01 2.498990414956114e-04
-5.320000000000001e-01 2.517644377912404e-04
-5.125000000000001e-01 2.536758963222133e-04
-4.930000000000001e-01 2.555957400205619e-04
-4.735000000000001e-01 2.575692882754337e-04
-4.540000000000000e-01 2.595987242352556e-04
-4.345000000000002e-01 2.616567720728668e-04
-4.150000000000000e-01 2.637426415358485e-04
-3.955000000000000e-01 2.659012096567067e-04
-3.759999999999999e-01 2.680889356364238e-04
-3.564999999999999e-01 2.703395749260092e-04
-3.370000000000000e-01 2.726176313250190e-04
-3.174999999999999e-01 2.749628443626305e-04
-2.979999999999999e-01 2.773754254588537e-04
-2.785000000000000e-01 2.797894316651514e-04
-2.589999999999999e-01 2.823449396399594e-04
-2.394999999999999e-01 2.849214878559377e-04
-2.199999999999999e-01 2.875598471355927e-04
-2.004999999999999e-01 2.902492403177749e-04
-1.809999999999999e-01 2.930241519086252e-04
-1.615000000000001e-01 2.958894403082664e-04
-1.420000000000001e-01 2.988059005705858e-04
-1.225000000000000e-01 3.018047995943898e-04
-1.029999999999999e-01 3.048844902384060e-04
-8.349999999999999e-02 3.080509333354939e-04
-6.400000000000007e-02 3.113070595063986e-04
-4.449999999999989e-02 3.146559501271378e-04
-2.500000000000004e-02 3.181045478154090e-04
-5.499999999999857e-03 3.216550717004862e-04
1.400000000000017e-02 3.253020473317788e-04
3.349999999999984e-02 3.290731957974121e-04
5.299999999999994e-02 3.329843276702207e-04
7.250000000000016e-02 3.369900507395929e-04
9.200000000000018e-02 3.411560232806039e-04
1.114999999999999e-01 3.454360304019977e-04
1.310000000000002e-01 3.498945287239666e-04
1.505000000000001e-01 3.544798627065344e-04
1.700000000000000e-01 3.592611543383270e-04
1.895000000000001e-01 3.642063581272051e-04
2.090000000000000e-01 3.693431007717180e-04
2.285000000000000e-01 3.746595117247443e-04
2.480000000000000e-01 3.802068769055569e-04
2.675000000000001e-01 3.859978389291105e-04
2.869999999999999e-01 3.920060224263011e-04
3.065000000000000e-01 3.982961802852747e-04
3.260000000000000e-01 4.048292206002989e-04
3.454999999999999e-01 4.116971599620447e-04
3.650000000000002e-01 4.188945561209350e-04
3.844999999999998e-01 4.264450452129729e-04
4.040000000000002e-01 4.343496090736321e-04
4.234999999999999e-01 4.426800108980322e-04
4.429999999999998e-01 4.514524968467071e-04
4.625000000000000e-01 4.606986126505850e-04
4.819999999999999e-01 4.705326614474056e-04
5.014999999999999e-01 4.809267801325140e-04
5.209999999999999e-01 4.919853573839912e-04
5.404999999999998e-01 5.037475333736315e-04
5.600000000000001e-01 5.162922257365851e-04
5.794999999999999e-01 5.297422976769122e-04
5.990000000000000e-01 5.442065005137901e-04
6.185000000000000e-01 5.597698592153796e-04
6.379999999999999e-01 5.766367715296939e-04
6.575000000000000e-01 5.949380812527665e-04
6.769999999999998e-01 6.148809249781053e-04
6.965000000000001e-01 6.368741108193775e-04
7.160000000000000e-01 6.610938853575721e-04
7.354999999999998e-01 6.880235975077556e-04
7.549999999999999e-01 7.181669815460840e-04
7.745000000000000e-01 7.522101304952468e-04
7.940000000000000e-01 7.910580473662201e-04
8.134999999999999e-01 8.360822781581203e-04
8.329999999999997e-01 8.888409458697877e-04
8.525000000000000e-01 9.519466435831553e-04
8.719999999999999e-01 1.029176394763449e-03
8.915000000000000e-01 1.126700897400342e-03
9.110000000000000e-01 1.255142377725621e-03
9.304999999999999e-01 1.434990189022115e-03
9.500000000000000e-01 1.712730508279498e-03
9.504999999999999e-01 1.721973847755948e-03
9.510000000000000e-01 1.731348039196094e-03
9.514999999999999e-01 1.740856758148584e-03
9.520000000000000e-01 1.750524009913568e-03
9.524999999999999e-01 1.760346971411224e-03
9.530000000000000e-01 1.770337303410364e-03
9.534999999999999e-01 1.780469227287002e-03
9.540000000000000e-01 1.790786017523126e-03
9.544999999999999e-01 1.801263949406656e-03
9.550000000000000e-01 1.811905141083112e-03
9.554999999999999e-01 1.822748854122671e-03
9.560000000000000e-01 1.833765265414557e-03
9.564999999999999e-01 1.844974058069890e-03
9.570000000000000e-01 1.856382496607933e-03
9.574999999999999e-01 1.867964783404242e-03
9.580000000000000e-01 1.879788789008529e-03
9.584999999999999e-01 1.891815944172637e-03
9.590000000000000e-01 1.904053866528881e-03
9.594999999999999e-01 1.916550612513053e-03
9.600000000000000e-01 1.929262509079087e-03
9.604999999999999e-01 1.942201620488313e-03
9.610000000000000e-01 1.955406135109498e-03
9.614999999999999e-01 1.968875090548928e-03
9.620000000000000e-01 1.982589860369813e-03
9.624999999999999e-01 1.996588173099305e-03
9.630000000000000e-01 2.010885476273528e-03
9.634999999999999e-01 2.025463557102148e-03
9.640000000000000e-01 2.040335696971540e-03
9.644999999999999e-01 2.055532779017268e-03
9.650000000000000e-01 2.071039742503431e-03
9.654999999999999e-01 2.086917849331308e-03
9.660000000000000e-01 2.103132386830070e-03
9.664999999999999e-01 2.119711442190123e-03
9.670000000000000e-01 2.136668751044725e-03
9.674999999999999e-01 2.153983988593447e-03
9.680000000000000e-01 2.171762538220898e-03
9.684999999999999e-01 2.189925206489070e-03
9.690000000000000e-01 2.208549596996931e-03
9.694999999999999e-01 2.227605488141243e-03
9.700000000000000e-01 2.247167347887761e-03
9.704999999999999e-01 2.267212199221231e-03
9.710000000000000e-01 2.287763215174409e-03
9.714999999999999e-01 2.308866578236178e-03
9.720000000000000e-01 2.330534973712475e-03
9.724999999999999e-01 2.352793567228784e-03
9.730000000000000e-01 2.375670302242973e-03
9.734999999999999e-01 2.399194212808523e-03
9.740000000000000e-01 2.423408570878186e-03
9.744999999999999e-01 2.448314959529492e-03
9.750000000000000e-01 2.473968442402022e-03
9.754999999999999e-01 2.500423445092896e-03
9.760000000000000e-01 2.527691604061194e-03
9.764999999999999e-01 2.555800220662263e-03
9.770000000000000e-01 2.584880588758570e-03
9.774999999999999e-01 2.614899418456725e-03
9.780000000000000e-01 2.645942936395418e-03
9.784999999999999e-01 2.678005281778179e-03
9.790000000000000e-01 2.711312671855601e-03
9.794999999999999e-01 2.745801329468091e-03
9.800000000000000e-01 2.781555702618019e-03
9.804999999999999e-01 2.818692331210577e-03
9.810000000000000e-01 2.857301574000329e-03
9.814999999999999e-01 2.897456990716685e-03
9.820000000000000e-01 2.939264807325089e-03
9.824999999999999e-01 2.982875612050485e-03
9.830000000000000e-01 3.028396938938671e-03
9.834999999999999e-01 3.075987259321596e-03
9.840000000000000e-01 3.125777893391860e-03
9.844999999999999e-01 3.177983789877591e-03
9.850000000000000e-01 3.232773536622189e-03
9.854999999999999e-01 3.290371097015258e-03
9.860000000000000e-01 3.351041151686007e-03
9.864999999999999e-01 3.415062560961980e-03
9.870000000000000e-01 3.482749994414008e-03
9.874999999999999e-01 3.554498398991531e-03
9.880000000000000e-01 3.630600410819056e-03
9.884999999999999e-01 3.711712613441456e-03
9.890000000000000e-01 3.798279054185002e-03
9.894999999999999e-01 3.890959656652867e-03
9.900000000000000e-01 3.990517222402385e-03
9.904999999999999e-01 4.097859661854111e-03
9.910000000000000e-01 4.214042321250984e-03
9.914999999999999e-01 4.340328175225030e-03
9.920000000000000e-01 4.478314529432695e-03
9.924999999999999e-01 4.629874721011104e-03
9.930000000000000e-01 4.797415628390899e-03
9.934999999999999e-01 4.983961008150792e-03
9.940000000000000e-01 5.193395174628091e-03
9.944999999999999e-01 5.430814042150290e-03
9.950000000000000e-01 5.703016328177154e-03
9.954999999999999e-01 6.019469765915249e-03
9.960000000000000e-01 6.393574141305445e-03
9.964999999999999e-01 6.845264824163059e-03
9.970000000000000e-01 7.405702398284790e-03
9.974999999999999e-01 8.126891319268078e-03
9.980000000000000e-01 9.104020706320269e-03
9.984999999999999e-01 1.053600599916790e-02
9.990000000000000e-01 1.293851380132145e-02
9.994999999999999e-01 1.836231504602524e-02
