-1.000000000000000e+00 2.451266477227351e-04
-9.805000000000000e-01 2.462309899413585e-04
-9.610000000000000e-01 2.473486182182215e-04
-9.415000000000000e-01 2.484812324608685e-04
-9.219999999999999e-01 2.496288577289509e-04
-9.025000000000000e-01 2.507920599900510e-04
-8.830000000000000e-01 2.519710616938393e-04
-8.634999999999999e-01 2.531663702609603e-04
-8.440000000000000e-01 2.543783777497992e-04
-8.245000000000000e-01 2.556073063203999e-04
-8.050000000000000e-01 2.568538995023252e-04
-7.855000000000000e-01 2.581180267921242e-04
-7.660000000000000e-01 2.594004411785558e-04
-7.464999999999997e-01 2.607015794758840e-04
-7.270000000000000e-01 2.620219375075605e-04
-7.075000000000001e-01 2.633623254263891e-04
-6.879999999999998e-01 2.647229347148669e-04
-6.685000000000001e-01 2.661038313614664e-04
-6.490000000000000e-01 2.675061769853180e-04
-6.295000000000002e-01 2.689304694040728e-04
-6.100000000000001e-01 2.703772253598400e-04
-5.904999999999999e-01 2.718470490233764e-04
-5.709999999999998e-01 2.733405824115655e-04
-5.515000000000001e-01 2.748586045364332e-04
-5.320000000000001e-01 2.764017798921964e-04
-5.125000000000001e-01 2.779707214332642e-04
-4.930000000000001e-01 2.795663820234670e-04
-4.735000000000001e-01 2.811891482662026e-04
-4.540000000000000e-01 2.828400785673391e-04
-4.345000000000002e-01 2.845199235060960e-04
-4.150000000000000e-01 2.862296711934329e-04
-3.955000000000000e-01 2.879702679554489e-04
-3.759999999999999e-01 2.897425406440558e-04
-3.564999999999999e-01 2.915481923803128e-04
-3.370000000000000e-01 2.933872163165675e-04
-3.174999999999999e-01 2.952613151466937e-04
-2.979999999999999e-01 2.971714828294521e-04
-2.785000000000000e-01 2.991190685221884e-04
-2.589999999999999e-01 3.011052564592895e-04
-2.394999999999999e-01 3.031314260964621e-04
-2.199999999999999e-01 3.051991255337787e-04
-2.004999999999999e-01 3.073097749126691e-04
-1.809999999999999e-01 3.094646606631346e-04
-1.615000000000001e-01 3.116656386566850e-04
-1.420000000000001e-01 3.139143588528615e-04
-1.225000000000000e-01 3.162128223422230e-04
-1.029999999999999e-01 3.185628031662654e-04
-8.349999999999999e-02 3.209665162282820e-04
-6.400000000000007e-02 3.234258313029791e-04
-4.449999999999989e-02 3.259432613562123e-04
-2.500000000000004e-02 3.285211857044905e-04
-5.499999999999857e-03 3.311622781286327e-04
1.400000000000017e-02 3.338690686988442e-04
3.349999999999984e-02 3.366446334366821e-04
5.299999999999994e-02 3.394920529679260e-04
7.250000000000016e-02 3.424147390608129e-04
9.200000000000018e-02 3.454157990133075e-04
1.114999999999999e-01 3.484995521155846e-04
1.310000000000002e-01 3.516692984942152e-04
1.505000000000001e-01 3.549301388488684e-04
1.700000000000000e-01 3.582865493427551e-04
1.895000000000001e-01 3.617434285785656e-04
2.090000000000000e-01 3.653062123009152e-04
2.285000000000000e-01 3.689807353498457e-04
2.480000000000000e-01 3.727735216176756e-04
2.675000000000001e-01 3.766909967624682e-04
2.869999999999999e-01 3.807410178679670e-04
3.065000000000000e-01 3.849316851912173e-04
3.260000000000000e-01 3.892715597536304e-04
3.454999999999999e-01 3.937706780169205e-04
3.650000000000002e-01 3.984394015646832e-04
3.844999999999998e-01 4.032895982357786e-04
4.040000000000002e-01 4.083341760152536e-04
4.234999999999999e-01 4.135874966487237e-04
4.429999999999998e-01 4.190653571434096e-04
4.625000000000000e-01 4.247858428594884e-04
4.819999999999999e-01 4.307680843837166e-04
5.014999999999999e-01 4.370349923709721e-04
5.209999999999999e-01 4.436115934063026e-04
5.404999999999998e-01 4.505264309752949e-04
5.600000000000001e-01 4.578122839284389e-04
5.794999999999999e-01 4.655062452662921e-04
5.990000000000000e-01 4.736516971129307e-04
6.185000000000000e-01 4.822986672979284e-04
6.379999999999999e-01 4.915059450615935e-04
6.575000000000000e-01 5.013426644362605e-04
6.769999999999998e-01 5.118915346174280e-04
6.965000000000001e-01 5.232516753255612e-04
7.160000000000000e-01 5.355440711339642e-04
7.354999999999998e-01 5.489177995480563e-04
7.549999999999999e-01 5.635597318053121e-04
7.745000000000000e-01 5.797067585579212e-04
7.940000000000000e-01 5.976679376005684e-04
8.134999999999999e-01 6.178534602242473e-04
8.329999999999997e-01 6.408236062779045e-04
8.525000000000000e-01 6.673730249393189e-04
8.719999999999999e-01 6.986732961501832e-04
8.915000000000000e-01 7.365531421308919e-04
9.110000000000000e-01 7.840828315553655e-04
9.304999999999999e-01 8.469738332385504e-04
9.500000000000000e-01 9.376481153754159e-04
9.504999999999999e-01 9.405524188188608e-04
9.510000000000000e-01 9.434949247360380e-04
9.514999999999999e-01 9.464765751820162e-04
9.520000000000000e-01 9.494983011693753e-04
9.524999999999999e-01 9.525610873019515e-04
9.530000000000000e-01 9.556659658693219e-04
9.534999999999999e-01 9.588140079489672e-04
9.540000000000000e-01 9.620062956328373e-04
9.544999999999999e-01 9.652439577086005e-04
9.550000000000000e-01 9.685282476739063e-04
9.554999999999999e-01 9.718599871734590e-04
9.560000000000000e-01 9.752412711652236e-04
9.564999999999999e-01 9.786727202472363e-04
9.570000000000000e-01 9.821560927600721e-04
9.574999999999999e-01 9.856923229719856e-04
9.580000000000000e-01 9.892833757263126e-04
9.584999999999999e-01 9.929306351340542e-04
9.590000000000000e-01 9.966356840892046e-04
9.594999999999999e-01 1.000400289836612e-03
9.600000000000000e-01 1.004226251855956e-03
9.604999999999999e-01 1.008114972262847e-03
9.610000000000000e-01 1.012068800542782e-03
9.614999999999999e-01 1.016089544397264e-03
9.620000000000000e-01 1.020180034963083e-03
9.624999999999999e-01 1.024340312479306e-03
9.630000000000000e-01 1.028574701256345e-03
9.634999999999999e-01 1.032884771990286e-03
9.640000000000000e-01 1.037273391204723e-03
9.644999999999999e-01 1.041742761079687e-03
9.650000000000000e-01 1.046295724531529e-03
9.654999999999999e-01 1.050935168394834e-03
9.660000000000000e-01 1.055664053003066e-03
9.664999999999999e-01 1.060485547974878e-03
9.670000000000000e-01 1.065402949642684e-03
9.674999999999999e-01 1.070419738891530e-03
9.680000000000000e-01 1.075539600001822e-03
9.684999999999999e-01 1.080766390797261e-03
9.690000000000000e-01 1.086104212647017e-03
9.694999999999999e-01 1.091557298315389e-03
9.700000000000000e-01 1.097130257672627e-03
9.704999999999999e-01 1.102827857618864e-03
9.710000000000000e-01 1.108655197756440e-03
9.714999999999999e-01 1.114617647872093e-03
9.720000000000000e-01 1.120721044219988e-03
9.724999999999999e-01 1.126971277640495e-03
9.730000000000000e-01 1.133374850827208e-03
9.734999999999999e-01 1.139938641610778e-03
9.740000000000000e-01 1.146669892540426e-03
9.744999999999999e-01 1.153576795976909e-03
9.750000000000000e-01 1.160666897585621e-03
9.754999999999999e-01 1.167949744112094e-03
9.760000000000000e-01 1.175434666761814e-03
9.764999999999999e-01 1.183131878989824e-03
9.770000000000000e-01 1.191052391459772e-03
9.774999999999999e-01 1.199207630621125e-03
9.780000000000000e-01 1.207611351985542e-03
9.784999999999999e-01 1.216276252351832e-03
9.790000000000000e-01 1.225217525474809e-03
9.794999999999999e-01 1.234451205095304e-03
9.800000000000000e-01 1.243994742270884e-03
9.804999999999999e-01 1.253866844803102e-03
9.810000000000000e-01 1.264088898153869e-03
9.814999999999999e-01 1.274682713279876e-03
9.820000000000000e-01 1.285673171085263e-03
9.824999999999999e-01 1.297087455634812e-03
9.830000000000000e-01 1.308955324325783e-03
9.834999999999999e-01 1.321309439626238e-03
9.840000000000000e-01 1.334186795638000e-03
9.844999999999999e-01 1.347627047826878e-03
9.850000000000000e-01 1.361675500415539e-03
9.854999999999999e-01 1.376382397815924e-03
9.860000000000000e-01 1.391804039651362e-03
9.864999999999999e-01 1.408003937398276e-03
9.870000000000000e-01 1.425053890019144e-03
9.874999999999999e-01 1.443035500407071e-03
9.880000000000000e-01 1.462041967502976e-03
9.884999999999999e-01 1.482180328885110e-03
9.890000000000000e-01 1.503574142749886e-03
9.894999999999999e-01 1.526367094985811e-03
9.900000000000000e-01 1.550727373797203e-03
9.904999999999999e-01 1.576853357279306e-03
9.910000000000000e-01 1.604980612818786e-03
9.914999999999999e-01 1.635392847806105e-03
9.920000000000000e-01 1.668433130677425e-03
9.924999999999999e-01 1.704523028018330e-03
9.930000000000000e-01 1.744186055306134e-03
9.934999999999999e-01 1.788083928462147e-03
9.940000000000000e-01 1.837063737141960e-03
9.944999999999999e-01 1.892235309576939e-03
9.950000000000000e-01 1.955084092407344e-03
9.954999999999999e-01 2.027653904087602e-03
9.960000000000000e-01 2.112850515617106e-03
9.964999999999999e-01 2.214976102916923e-03
9.970000000000000e-01 2.340734494627859e-03
9.974999999999999e-01 2.501293625584395e-03
9.980000000000000e-01 2.717036275872962e-03
9.984999999999999e-01 3.030450730848310e-03
9.990000000000000e-01 3.551348779177062e-03
9.994999999999999e-01 4.720950851514086e-03
