-1.000000000000000e+00 8.440913837066818e-01
-9.805000000000000e-01 8.448860086226845e-01
-9.610000000000000e-01 8.456838928559350e-01
-9.415000000000000e-01 8.464850660096827e-01
-9.219999999999999e-01 8.472895581399572e-01
-9.025000000000000e-01 8.480973997657123e-01
-8.830000000000000e-01 8.489086218793135e-01
-8.634999999999999e-01 8.497232559572462e-01
-8.440000000000000e-01 8.505413339714006e-01
-8.245000000000000e-01 8.513628884004485e-01
-8.050000000000000e-01 8.521879522414803e-01
-7.855000000000000e-01 8.530165590226065e-01
-7.660000000000000e-01 8.538487428152507e-01
-7.464999999999997e-01 8.546845382472755e-01
-7.270000000000000e-01 8.555239805163461e-01
-7.075000000000001e-01 8.563671054038184e-01
-6.879999999999998e-01 8.572139492890540e-01
-6.685000000000001e-01 8.580645491642254e-01
-6.490000000000000e-01 8.589189426496048e-01
-6.295000000000002e-01 8.597771680093865e-01
-6.100000000000001e-01 8.606392641680382e-01
-5.904999999999999e-01 8.615052707272682e-01
-5.709999999999998e-01 8.623752279835439e-01
-5.515000000000001e-01 8.632491769460534e-01
-5.320000000000001e-01 8.641271593558114e-01
-5.125000000000001e-01 8.650092177049105e-01
-4.930000000000001e-01 8.658953952567517e-01
-4.735000000000001e-01 8.667857360669635e-01
-4.540000000000000e-01 8.676802850050981e-01
-4.345000000000002e-01 8.685790877771641e-01
-4.150000000000000e-01 8.694821909490018e-01
-3.955000000000000e-01 8.703896419704444e-01
-3.759999999999999e-01 8.713014892007139e-01
-3.564999999999999e-01 8.722177819345015e-01
-3.370000000000000e-01 8.731385704292410e-01
-3.174999999999999e-01 8.740639059334574e-01
-2.979999999999999e-01 8.749938407162691e-01
-2.785000000000000e-01 8.759284280980330e-01
-2.589999999999999e-01 8.768677224824321e-01
-2.394999999999999e-01 8.778117793897450e-01
-2.199999999999999e-01 8.787606554916295e-01
-2.004999999999999e-01 8.797144086473879e-01
-1.809999999999999e-01 8.806730979417896e-01
-1.615000000000001e-01 8.816367837246560e-01
-1.420000000000001e-01 8.826055276521380e-01
-1.225000000000000e-01 8.835793927299070e-01
-1.029999999999999e-01 8.845584433583642e-01
-8.349999999999999e-02 8.855427453799352e-01
-6.400000000000007e-02 8.865323661286242e-01
-4.449999999999989e-02 8.875273744819642e-01
-2.500000000000004e-02 8.885278409197802e-01
-5.499999999999857e-03 8.895338375599821e-01
1.400000000000017e-02 8.905454382614392e-01
3.349999999999984e-02 8.915627186450359e-01
5.299999999999994e-02 8.925857561780094e-01
7.250000000000016e-02 8.936146302466244e-01
9.200000000000018e-02 8.946494222228880e-01
1.114999999999999e-01 8.956902155457958e-01
1.310000000000002e-01 8.967370958027036e-01
1.505000000000001e-01 8.977901508160470e-01
1.700000000000000e-01 8.988494707350623e-01
1.895000000000001e-01 8.999151481328929e-01
2.090000000000000e-01 9.009872781095101e-01
2.285000000000000e-01 9.020659584009141e-01
2.480000000000000e-01 9.031512894951380e-01
2.675000000000001e-01 9.042433747556140e-01
2.869999999999999e-01 9.053423205525577e-01
3.065000000000000e-01 9.064482364030536e-01
3.260000000000000e-01 9.075612351206430e-01
3.454999999999999e-01 9.086814329752860e-01
3.650000000000002e-01 9.098089498646829e-01
3.844999999999998e-01 9.109439094980599e-01
4.040000000000002e-01 9.120864395936672e-01
4.234999999999999e-01 9.132366720913971e-01
4.429999999999998e-01 9.143947433821252e-01
4.625000000000000e-01 9.155607945555972e-01
4.819999999999999e-01 9.167349716689542e-01
5.014999999999999e-01 9.179174260382178e-01
5.209999999999999e-01 9.191083145557811e-01
5.404999999999998e-01 9.203078000365410e-01
5.600000000000001e-01 9.215160515971709e-01
5.794999999999999e-01 9.227332450723970e-01
5.990000000000000e-01 9.239595634733909e-01
6.185000000000000e-01 9.251951974951209e-01
6.379999999999999e-01 9.264403460792916e-01
6.575000000000000e-01 9.276952170422614e-01
6.769999999999998e-01 9.289600277789380e-01
6.965000000000001e-01 9.302350060554615e-01
7.160000000000000e-01 9.315203909086121e-01
7.354999999999998e-01 9.328164336720794e-01
7.549999999999999e-01 9.341233991575402e-01
7.745000000000000e-01 9.354415670260686e-01
7.940000000000000e-01 9.367712333972739e-01
8.134999999999999e-01 9.381127127611852e-01
8.329999999999997e-01 9.394663402846101e-01
8.525000000000000e-01 9.408324746440473e-01
8.719999999999999e-01 9.422115015861167e-01
8.915000000000000e-01 9.436038385450399e-01
9.110000000000000e-01 9.450099408668626e-01
9.304999999999999e-01 9.464303107240237e-01
9.500000000000000e-01 9.478655110701366e-01
9.504999999999999e-01 9.479025116144443e-01
9.510000000000000e-01 9.479395223407051e-01
9.514999999999999e-01 9.479765432606114e-01
9.520000000000000e-01 9.480135743862501e-01
9.524999999999999e-01 9.480506157297873e-01
9.530000000000000e-01 9.480876673029762e-01
9.534999999999999e-01 9.481247291183283e-01
9.540000000000000e-01 9.481618011877943e-01
9.544999999999999e-01 9.481988835237009e-01
9.550000000000000e-01 9.482359761384382e-01
9.554999999999999e-01 9.482730790443523e-01
9.560000000000000e-01 9.483101922540353e-01
9.564999999999999e-01 9.483473157797931e-01
9.570000000000000e-01 9.483844496337203e-01
9.574999999999999e-01 9.484215938296279e-01
9.580000000000000e-01 9.484587483802918e-01
9.584999999999999e-01 9.484959132976285e-01
9.590000000000000e-01 9.485330885948609e-01
9.594999999999999e-01 9.485702742850401e-01
9.600000000000000e-01 9.486074703812420e-01
9.604999999999999e-01 9.486446768966001e-01
9.610000000000000e-01 9.486818938472952e-01
9.614999999999999e-01 9.487191212406275e-01
9.620000000000000e-01 9.487563590930506e-01
9.624999999999999e-01 9.487936074180179e-01
9.630000000000000e-01 9.488308662258587e-01
9.634999999999999e-01 9.488681355365107e-01
9.640000000000000e-01 9.489054153606609e-01
9.644999999999999e-01 9.489427057122973e-01
9.650000000000000e-01 9.489800066050442e-01
9.654999999999999e-01 9.490173180531934e-01
9.660000000000000e-01 9.490546400713283e-01
9.664999999999999e-01 9.490919726745483e-01
9.670000000000000e-01 9.491293158740772e-01
9.674999999999999e-01 9.491666696864357e-01
9.680000000000000e-01 9.492040341258245e-01
9.684999999999999e-01 9.492414092072581e-01
9.690000000000000e-01 9.492787949453620e-01
9.694999999999999e-01 9.493161913554892e-01
9.700000000000000e-01 9.493535984524331e-01
9.704999999999999e-01 9.493910162515420e-01
9.710000000000000e-01 9.494284447681816e-01
9.714999999999999e-01 9.494658840201982e-01
9.720000000000000e-01 9.495033340187632e-01
9.724999999999999e-01 9.495407947819454e-01
9.730000000000000e-01 9.495782663234998e-01
9.734999999999999e-01 9.496157486642056e-01
9.740000000000000e-01 9.496532418181139e-01
9.744999999999999e-01 9.496907458018096e-01
9.750000000000000e-01 9.497282606319851e-01
9.754999999999999e-01 9.497657863255713e-01
9.760000000000000e-01 9.498033228997406e-01
9.764999999999999e-01 9.498408703720217e-01
9.770000000000000e-01 9.498784287597877e-01
9.774999999999999e-01 9.499159980809958e-01
9.780000000000000e-01 9.499535783537412e-01
9.784999999999999e-01 9.499911696000450e-01
9.790000000000000e-01 9.500287718312849e-01
9.794999999999999e-01 9.500663850662671e-01
9.800000000000000e-01 9.501040093318865e-01
9.804999999999999e-01 9.501416446439266e-01
9.810000000000000e-01 9.501792910222677e-01
9.814999999999999e-01 9.502169484875952e-01
9.820000000000000e-01 9.502546170602112e-01
9.824999999999999e-01 9.502922967618957e-01
9.830000000000000e-01 9.503299876139959e-01
9.834999999999999e-01 9.503676896388685e-01
9.840000000000000e-01 9.504054028587856e-01
9.844999999999999e-01 9.504431272979835e-01
9.850000000000000e-01 9.504808629807943e-01
9.854999999999999e-01 9.505186099304110e-01
9.860000000000000e-01 9.505563681737413e-01
9.864999999999999e-01 9.505941377344683e-01
9.870000000000000e-01 9.506319186387574e-01
9.874999999999999e-01 9.506697109163426e-01
9.880000000000000e-01 9.507075145965181e-01
9.884999999999999e-01 9.507453297091730e-01
9.890000000000000e-01 9.507831516474057e-01
9.894999999999999e-01 9.508209893284936e-01
9.900000000000000e-01 9.508588385114911e-01
9.904999999999999e-01 9.508966992325303e-01
9.910000000000000e-01 9.509345715333937e-01
9.914999999999999e-01 9.509724554571353e-01
9.920000000000000e-01 9.510103583219246e-01
9.924999999999999e-01 9.510482661534267e-01
9.930000000000000e-01 9.510861857868393e-01
9.934999999999999e-01 9.511241172879132e-01
9.940000000000000e-01 9.511620607381548e-01
9.944999999999999e-01 9.512000162330951e-01
9.950000000000000e-01 9.512379838903076e-01
9.954999999999999e-01 9.512759638556084e-01
9.960000000000000e-01 9.513139563159967e-01
9.964999999999999e-01 9.513519615167570e-01
9.970000000000000e-01 9.513899751030847e-01
9.974999999999999e-01 9.514280116426522e-01
9.980000000000000e-01 9.514660577670734e-01
9.984999999999999e-01 9.515041195724647e-01
9.990000000000000e-01 9.515421997463291e-01
9.994999999999999e-01 9.515803078106086e-01
