-1.000000000000000e+00 8.615793429592160e-05
-9.805000000000000e-01 8.663097497417964e-05
-9.610000000000000e-01 8.722105918236173e-05
-9.415000000000000e-01 8.778419030110773e-05
-9.219999999999999e-01 8.833383295674759e-05
-9.025000000000000e-01 8.890170578049279e-05
-8.830000000000000e-01 8.948062493244023e-05
-8.634999999999999e-01 9.006852426980997e-05
-8.440000000000000e-01 9.066635704931576e-05
-8.245000000000000e-01 9.127594253446264e-05
-8.050000000000000e-01 9.188974437502353e-05
-7.855000000000000e-01 9.251538275035176e-05
-7.660000000000000e-01 9.316803319706284e-05
-7.464999999999997e-01 9.381483028669436e-05
-7.270000000000000e-01 9.447891065877248e-05
-7.075000000000001e-01 9.515453148688446e-05
-6.879999999999998e-01 9.584285114500525e-05
-6.685000000000001e-01 9.654046589217690e-05
-6.490000000000000e-01 9.725360877416802e-05
-6.295000000000002e-01 9.798332016047991e-05
-6.100000000000001e-01 9.872197266086824e-05
-5.904999999999999e-01 9.947777630560767e-05
-5.709999999999998e-01 1.002501420517124e-04
-5.515000000000001e-01 1.010356835488239e-04
-5.320000000000001e-01 1.018379842009170e-04
-5.125000000000001e-01 1.026574285454839e-04
-4.930000000000001e-01 1.034722644571591e-04
-4.735000000000001e-01 1.043468110159901e-04
-4.540000000000000e-01 1.052076259041274e-04
-4.345000000000002e-01 1.061000829021774e-04
-4.150000000000000e-01 1.070010743028523e-04
-3.955000000000000e-01 1.079390177296606e-04
-3.759999999999999e-01 1.088871970644726e-04
-3.564999999999999e-01 1.098455378102993e-04
-3.370000000000000e-01 1.108505971163825e-04
-3.174999999999999e-01 1.118648852278227e-04
-2.979999999999999e-01 1.129074729762024e-04
-2.785000000000000e-01 1.139680495969413e-04
-2.589999999999999e-01 1.150667114014473e-04
-2.394999999999999e-01 1.161606049615172e-04
-2.199999999999999e-01 1.173332362642117e-04
-2.004999999999999e-01 1.185003284700418e-04
-1.809999999999999e-01 1.197088405223611e-04
-1.615000000000001e-01 1.209466282565604e-04
-1.420000000000001e-01 1.222164399983054e-04
-1.225000000000000e-01 1.235187493726216e-04
-1.029999999999999e-01 1.248690657788107e-04
-8.349999999999999e-02 1.262544408336139e-04
-6.400000000000007e-02 1.276668498012517e-04
-4.449999999999989e-02 1.291320428964157e-04
-2.500000000000004e-02 1.306324479942342e-04
-5.499999999999857e-03 1.321853687366929e-04
1.400000000000017e-02 1.337795487779033e-04
3.349999999999984e-02 1.354290570445785e-04
5.299999999999994e-02 1.371396754746098e-04
7.250000000000016e-02 1.388902394259841e-04
9.200000000000018e-02 1.407073985004687e-04
1.114999999999999e-01 1.425866264517873e-04
1.310000000000002e-01 1.445328426251798e-04
1.505000000000001e-01 1.465463910089326e-04
1.700000000000000e-01 1.486307951468033e-04
1.895000000000001e-01 1.508003796979468e-04
2.090000000000000e-01 1.530528208750503e-04
2.285000000000000e-01 1.553847691110913e-04
2.480000000000000e-01 1.578196821103753e-04
2.675000000000001e-01 1.603515075431556e-04
2.869999999999999e-01 1.629935080671946e-04
3.065000000000000e-01 1.657432096355444e-04
3.260000000000000e-01 1.686296973560642e-04
3.454999999999999e-01 1.716346930376892e-04
3.650000000000002e-01 1.748000855804237e-04
3.844999999999998e-01 1.781024415916536e-04
4.040000000000002e-01 1.815718512521814e-04
4.234999999999999e-01 1.852411289903785e-04
4.429999999999998e-01 1.890950899941539e-04
4.625000000000000e-01 1.931654599936464e-04
4.819999999999999e-01 1.974728420111278e-04
5.014999999999999e-01 2.020393917376945e-04
5.209999999999999e-01 2.068888556905416e-04
5.404999999999998e-01 2.120526193071254e-04
5.600000000000001e-01 2.175642919955632e-04
5.794999999999999e-01 2.234753454705848e-04
5.990000000000000e-01 2.298232340241113e-04
6.185000000000000e-01 2.366589293492486e-04
6.379999999999999e-01 2.440674400521823e-04
6.575000000000000e-01 2.521099717801446e-04
6.769999999999998e-01 2.608984550166377e-04
6.965000000000001e-01 2.705235116325998e-04
7.160000000000000e-01 2.811620948530160e-04
7.354999999999998e-01 2.929784712274848e-04
7.549999999999999e-01 3.062109576175508e-04
7.745000000000000e-01 3.211667615444181e-04
7.940000000000000e-01 3.382360115690778e-04
8.134999999999999e-01 3.579636920292587e-04
8.329999999999997e-01 3.810886757709847e-04
8.525000000000000e-01 4.088110472273049e-04
8.719999999999999e-01 4.426987594676015e-04
8.915000000000000e-01 4.854552140474996e-04
9.110000000000000e-01 5.418038062093291e-04
9.304999999999999e-01 6.206746597540487e-04
9.500000000000000e-01 7.424496529743145e-04
9.504999999999999e-01 7.464942471773178e-04
9.510000000000000e-01 7.506062424817356e-04
9.514999999999999e-01 7.547754954944405e-04
9.520000000000000e-01 7.590161862606592e-04
9.524999999999999e-01 7.633253288451546e-04
9.530000000000000e-01 7.677008671178393e-04
9.534999999999999e-01 7.721411215483953e-04
9.540000000000000e-01 7.766677446216382e-04
9.544999999999999e-01 7.812600811598754e-04
9.550000000000000e-01 7.859280462256036e-04
9.554999999999999e-01 7.906740986180482e-04
9.560000000000000e-01 7.955071277458199e-04
9.564999999999999e-01 8.004093234448358e-04
9.570000000000000e-01 8.054198715609638e-04
9.574999999999999e-01 8.105031648988243e-04
9.580000000000000e-01 8.156860365854570e-04
9.584999999999999e-01 8.209602152492145e-04
9.590000000000000e-01 8.263291919807912e-04
9.594999999999999e-01 8.317984723617181e-04
9.600000000000000e-01 8.372895176048246e-04
9.604999999999999e-01 8.429677894793585e-04
9.610000000000000e-01 8.488225619169839e-04
9.614999999999999e-01 8.547344861670202e-04
9.620000000000000e-01 8.607517660717579e-04
9.624999999999999e-01 8.668904131006646e-04
9.630000000000000e-01 8.731499247420931e-04
9.634999999999999e-01 8.795392225048928e-04
9.640000000000000e-01 8.860630838194344e-04
9.644999999999999e-01 8.927267637915714e-04
9.650000000000000e-01 8.995189920527333e-04
9.654999999999999e-01 9.064837013317650e-04
9.660000000000000e-01 9.135922921296113e-04
9.664999999999999e-01 9.208510363304075e-04
9.670000000000000e-01 9.282885111486572e-04
9.674999999999999e-01 9.358900149237236e-04
9.680000000000000e-01 9.436721088287650e-04
9.684999999999999e-01 9.516350587362726e-04
9.690000000000000e-01 9.597956435047830e-04
9.694999999999999e-01 9.681549221588652e-04
9.700000000000000e-01 9.767195323324997e-04
9.704999999999999e-01 9.855060164990876e-04
9.710000000000000e-01 9.945184935855271e-04
9.714999999999999e-01 1.003771749728848e-03
9.720000000000000e-01 1.013271179841223e-03
9.724999999999999e-01 1.023019066910939e-03
9.730000000000000e-01 1.033051358498731e-03
9.734999999999999e-01 1.043358857281279e-03
9.740000000000000e-01 1.053962126179202e-03
9.744999999999999e-01 1.064892472295172e-03
9.750000000000000e-01 1.076144015146044e-03
9.754999999999999e-01 1.087730572458683e-03
9.760000000000000e-01 1.099683485045225e-03
9.764999999999999e-01 1.112012095859573e-03
9.770000000000000e-01 1.124748358709809e-03
9.774999999999999e-01 1.137904525209663e-03
9.780000000000000e-01 1.151509091408722e-03
9.784999999999999e-01 1.165588303145080e-03
9.790000000000000e-01 1.180167136362729e-03
9.794999999999999e-01 1.195279311447361e-03
9.800000000000000e-01 1.210955572020166e-03
9.804999999999999e-01 1.227230079006673e-03
9.810000000000000e-01 1.244146810017033e-03
9.814999999999999e-01 1.261747356651917e-03
9.820000000000000e-01 1.280073434520355e-03
9.824999999999999e-01 1.299181726600557e-03
9.830000000000000e-01 1.319135873674196e-03
9.834999999999999e-01 1.339996339947946e-03
9.840000000000000e-01 1.361831171344194e-03
9.844999999999999e-01 1.384696058176917e-03
9.850000000000000e-01 1.408705428150626e-03
9.854999999999999e-01 1.433952606520296e-03
9.860000000000000e-01 1.460539856925822e-03
9.864999999999999e-01 1.488593847013854e-03
9.870000000000000e-01 1.518269882272817e-03
9.874999999999999e-01 1.549700055538201e-03
9.880000000000000e-01 1.583078394380333e-03
9.884999999999999e-01 1.618611729650115e-03
9.890000000000000e-01 1.656550693782951e-03
9.894999999999999e-01 1.697170983503689e-03
9.900000000000000e-01 1.740800270728820e-03
9.904999999999999e-01 1.787836867157661e-03
9.910000000000000e-01 1.838747372923755e-03
9.914999999999999e-01 1.894097993921292e-03
9.920000000000000e-01 1.954564454895334e-03
9.924999999999999e-01 2.020985997529540e-03
9.930000000000000e-01 2.094409142978578e-03
9.934999999999999e-01 2.176161806002055e-03
9.940000000000000e-01 2.267940318767113e-03
9.944999999999999e-01 2.371974553993246e-03
9.950000000000000e-01 2.491211252737431e-03
9.954999999999999e-01 2.629940886165921e-03
9.960000000000000e-01 2.793875856368450e-03
9.964999999999999e-01 2.991825387911268e-03
9.970000000000000e-01 3.237414349092665e-03
9.974999999999999e-01 3.553448708277465e-03
9.980000000000000e-01 3.981625682345187e-03
9.984999999999999e-01 4.609137208294032e-03
9.990000000000000e-01 5.661926063326685e-03
9.994999999999999e-01 8.038636587228882e-03
