-1.000000000000000e+00 9.220895609849113e-07
-9.805000000000000e-01 9.251177694938532e-07
-9.610000000000000e-01 9.281662323598055e-07
-9.415000000000000e-01 9.312351572651226e-07
-9.219999999999999e-01 9.343247548049014e-07
-9.025000000000000e-01 9.374352385394770e-07
-8.830000000000000e-01 9.405719464626009e-07
-8.634999999999999e-01 9.437249264793197e-07
-8.440000000000000e-01 9.468994490167975e-07
-8.245000000000000e-01 9.500957398292922e-07
-8.050000000000000e-01 9.533140279090378e-07
-7.855000000000000e-01 9.565545455460953e-07
-7.660000000000000e-01 9.598175283895684e-07
-7.464999999999997e-01 9.631032155102366e-07
-7.270000000000000e-01 9.664118494646406e-07
-7.075000000000001e-01 9.697436763606563e-07
-6.879999999999998e-01 9.730989459246105e-07
-6.685000000000001e-01 9.775734275875273e-07
-6.490000000000000e-01 9.798808304676527e-07
-6.295000000000002e-01 9.833079636180246e-07
-6.100000000000001e-01 9.867595759245918e-07
-5.904999999999999e-01 9.902359362694820e-07
-5.709999999999998e-01 9.937373175907357e-07
-5.515000000000001e-01 9.972639969614771e-07
-5.320000000000001e-01 1.000816255671011e-06
-5.125000000000001e-01 1.004394379307909e-06
-4.930000000000001e-01 1.007998657845144e-06
-4.735000000000001e-01 1.011629385727326e-06
-4.540000000000000e-01 1.015286861960120e-06
-4.345000000000002e-01 1.018971390201893e-06
-4.150000000000000e-01 1.022683278857675e-06
-3.955000000000000e-01 1.026422841175490e-06
-3.759999999999999e-01 1.030190395345149e-06
-3.564999999999999e-01 1.033986264599561e-06
-3.370000000000000e-01 1.037810777318658e-06
-3.174999999999999e-01 1.041664267136009e-06
-2.979999999999999e-01 1.045547073048209e-06
-2.785000000000000e-01 1.049459539527132e-06
-2.589999999999999e-01 1.053402016635143e-06
-2.394999999999999e-01 1.057374860143363e-06
-2.199999999999999e-01 1.061378431653081e-06
-2.004999999999999e-01 1.065413098720435e-06
-1.809999999999999e-01 1.069479234984446e-06
-1.615000000000001e-01 1.073577220298532e-06
-1.420000000000001e-01 1.077707440865619e-06
-1.225000000000000e-01 1.081870289376963e-06
-1.029999999999999e-01 1.086066165154819e-06
-8.349999999999999e-02 1.090295474299077e-06
-6.400000000000007e-02 1.094558629838019e-06
-4.449999999999989e-02 1.098856051883318e-06
-2.500000000000004e-02 1.103188167789460e-06
-5.499999999999857e-03 1.107555412317705e-06
1.400000000000017e-02 1.111958227804793e-06
3.349999999999984e-02 1.116397064336526e-06
5.299999999999994e-02 1.120872379926431e-06
7.250000000000016e-02 1.125384640699678e-06
9.200000000000018e-02 1.129934321082446e-06
1.114999999999999e-01 1.134521903996951e-06
1.310000000000002e-01 1.139147881062328e-06
1.505000000000001e-01 1.143812752801610e-06
1.700000000000000e-01 1.148517028855028e-06
1.895000000000001e-01 1.153261228199873e-06
2.090000000000000e-01 1.158045879377182e-06
2.285000000000000e-01 1.162871520725512e-06
2.480000000000000e-01 1.167738700622083e-06
2.675000000000001e-01 1.172647977731594e-06
2.869999999999999e-01 1.177599921263008e-06
3.065000000000000e-01 1.182595111234648e-06
3.260000000000000e-01 1.187634138747933e-06
3.454999999999999e-01 1.192717606270133e-06
3.650000000000002e-01 1.197846127926502e-06
3.844999999999998e-01 1.203020329802215e-06
4.040000000000002e-01 1.208240850254506e-06
4.234999999999999e-01 1.213508340235480e-06
4.429999999999998e-01 1.218823463626050e-06
4.625000000000000e-01 1.224186897581515e-06
4.819999999999999e-01 1.229598778303146e-06
5.014999999999999e-01 1.235060886283175e-06
5.209999999999999e-01 1.240573419037697e-06
5.404999999999998e-01 1.246137110604358e-06
5.600000000000001e-01 1.251752710226177e-06
5.794999999999999e-01 1.257420982779678e-06
5.990000000000000e-01 1.263142709219066e-06
6.185000000000000e-01 1.268918687037283e-06
6.379999999999999e-01 1.274749730744768e-06
6.575000000000000e-01 1.280636672366846e-06
6.769999999999998e-01 1.286580361960693e-06
6.965000000000001e-01 1.292581668152942e-06
7.160000000000000e-01 1.298641478699010e-06
7.354999999999998e-01 1.304760701065360e-06
7.549999999999999e-01 1.310940263035960e-06
7.745000000000000e-01 1.317181113344326e-06
7.940000000000000e-01 1.323484222332627e-06
8.134999999999999e-01 1.329850582639456e-06
8.329999999999997e-01 1.336281209917998e-06
8.525000000000000e-01 1.342777143586486e-06
8.719999999999999e-01 1.349339447612985e-06
8.915000000000000e-01 1.355969211336733e-06
9.110000000000000e-01 1.362667550328491e-06
9.304999999999999e-01 1.369435607292578e-06
9.500000000000000e-01 1.376274553013544e-06
9.504999999999999e-01 1.376450853318472e-06
9.510000000000000e-01 1.376627201037775e-06
9.514999999999999e-01 1.376803596191947e-06
9.520000000000000e-01 1.376980038801500e-06
9.524999999999999e-01 1.377156528886954e-06
9.530000000000000e-01 1.377333066468845e-06
9.534999999999999e-01 1.377509651567722e-06
9.540000000000000e-01 1.377686284204145e-06
9.544999999999999e-01 1.377862964398690e-06
9.550000000000000e-01 1.378039692171944e-06
9.554999999999999e-01 1.378216467544509e-06
9.560000000000000e-01 1.378393290536997e-06
9.564999999999999e-01 1.378570161170037e-06
9.570000000000000e-01 1.378747079464267e-06
9.574999999999999e-01 1.378924045440342e-06
9.580000000000000e-01 1.379101059118928e-06
9.584999999999999e-01 1.379278120520706e-06
9.590000000000000e-01 1.379455229666367e-06
9.594999999999999e-01 1.379632386576618e-06
9.600000000000000e-01 1.379809591272180e-06
9.604999999999999e-01 1.379986843773783e-06
9.610000000000000e-01 1.380164144102175e-06
9.614999999999999e-01 1.380341492278115e-06
9.620000000000000e-01 1.380518888322374e-06
9.624999999999999e-01 1.380696332255739e-06
9.630000000000000e-01 1.380873824099010e-06
9.634999999999999e-01 1.381051363872998e-06
9.640000000000000e-01 1.381228951598529e-06
9.644999999999999e-01 1.381406587296442e-06
9.650000000000000e-01 1.381584270987589e-06
9.654999999999999e-01 1.381762002692838e-06
9.660000000000000e-01 1.381939782433065e-06
9.664999999999999e-01 1.382117610229166e-06
9.670000000000000e-01 1.382295486102044e-06
9.674999999999999e-01 1.382473410072620e-06
9.680000000000000e-01 1.382651382161827e-06
9.684999999999999e-01 1.382829402390611e-06
9.690000000000000e-01 1.383007470779931e-06
9.694999999999999e-01 1.383185587350761e-06
9.700000000000000e-01 1.383363752124087e-06
9.704999999999999e-01 1.383541965120910e-06
9.710000000000000e-01 1.383720226362243e-06
9.714999999999999e-01 1.383898535869113e-06
9.720000000000000e-01 1.384076893662562e-06
9.724999999999999e-01 1.384255299763643e-06
9.730000000000000e-01 1.384433754193425e-06
9.734999999999999e-01 1.384612256972988e-06
9.740000000000000e-01 1.384790808123428e-06
9.744999999999999e-01 1.384969407665853e-06
9.750000000000000e-01 1.385148055621386e-06
9.754999999999999e-01 1.385326752011161e-06
9.760000000000000e-01 1.385505496856329e-06
9.764999999999999e-01 1.385684290178053e-06
9.770000000000000e-01 1.385863131997509e-06
9.774999999999999e-01 1.386042022335888e-06
9.780000000000000e-01 1.386220961214394e-06
9.784999999999999e-01 1.386399948654244e-06
9.790000000000000e-01 1.386578984676671e-06
9.794999999999999e-01 1.386758069302919e-06
9.800000000000000e-01 1.386937202554246e-06
9.804999999999999e-01 1.387116384451927e-06
9.810000000000000e-01 1.387295615017247e-06
9.814999999999999e-01 1.387474894271506e-06
9.820000000000000e-01 1.387654222236019e-06
9.824999999999999e-01 1.387833598932113e-06
9.830000000000000e-01 1.388013024381130e-06
9.834999999999999e-01 1.388192498604425e-06
9.840000000000000e-01 1.388372021623368e-06
9.844999999999999e-01 1.388551593459340e-06
9.850000000000000e-01 1.388731214133741e-06
9.854999999999999e-01 1.388910883667980e-06
9.860000000000000e-01 1.389090602083482e-06
9.864999999999999e-01 1.389270369401686e-06
9.870000000000000e-01 1.389450185644044e-06
9.874999999999999e-01 1.389630050832023e-06
9.880000000000000e-01 1.389809964987103e-06
9.884999999999999e-01 1.389989928130778e-06
9.890000000000000e-01 1.390169940284558e-06
9.894999999999999e-01 1.390350001469963e-06
9.900000000000000e-01 1.390530111708532e-06
9.904999999999999e-01 1.390710271021812e-06
9.910000000000000e-01 1.390890479431370e-06
9.914999999999999e-01 1.391070736958784e-06
9.920000000000000e-01 1.391251043625646e-06
9.924999999999999e-01 1.391431399453562e-06
9.930000000000000e-01 1.391611804464152e-06
9.934999999999999e-01 1.391792258679053e-06
9.940000000000000e-01 1.391972762119912e-06
9.944999999999999e-01 1.392153314808392e-06
9.950000000000000e-01 1.392333916766170e-06
9.954999999999999e-01 1.392514568014938e-06
9.960000000000000e-01 1.392695268576400e-06
9.964999999999999e-01 1.392876018472276e-06
9.970000000000000e-01 1.393056817724299e-06
9.974999999999999e-01 1.393237666354218e-06
9.980000000000000e-01 1.393418564383795e-06
9.984999999999999e-01 1.393599511834806e-06
9.990000000000000e-01 1.393780508729040e-06
9.994999999999999e-01 1.393961555088304e-06
