-1.000000000000000e+00 3.677286130978954e-04
-9.805000000000000e-01 3.678840967541344e-04
-9.610000000000000e-01 3.680397146698361e-04
-9.415000000000000e-01 3.681954670233549e-04
-9.219999999999999e-01 3.683513539933694e-04
-9.025000000000000e-01 3.685073757588865e-04
-8.830000000000000e-01 3.686635324992392e-04
-8.634999999999999e-01 3.688198243940888e-04
-8.440000000000000e-01 3.689762516234263e-04
-8.245000000000000e-01 3.691328143675710e-04
-8.050000000000000e-01 3.692895128071733e-04
-7.855000000000000e-01 3.694463471232145e-04
-7.660000000000000e-01 3.696033174970087e-04
-7.464999999999997e-01 3.697604241102016e-04
-7.270000000000000e-01 3.699176671447733e-04
-7.075000000000001e-01 3.700750467830382e-04
-6.879999999999998e-01 3.702325632076457e-04
-6.685000000000001e-01 3.703902166015805e-04
-6.490000000000000e-01 3.705480071481653e-04
-6.295000000000002e-01 3.707059350310597e-04
-6.100000000000001e-01 3.708640004342616e-04
-5.904999999999999e-01 3.710222035421084e-04
-5.709999999999998e-01 3.711805445392774e-04
-5.515000000000001e-01 3.713390236107862e-04
-5.320000000000001e-01 3.714976409419949e-04
-5.125000000000001e-01 3.716563967186056e-04
-4.930000000000001e-01 3.718152911266634e-04
-4.735000000000001e-01 3.719743243525576e-04
-4.540000000000000e-01 3.721334965830234e-04
-4.345000000000002e-01 3.722928080051403e-04
-4.150000000000000e-01 3.724522588063352e-04
-3.955000000000000e-01 3.726118491743822e-04
-3.759999999999999e-01 3.727715792974034e-04
-3.564999999999999e-01 3.729314493638713e-04
-3.370000000000000e-01 3.730914595626061e-04
-3.174999999999999e-01 3.732516100827805e-04
-2.979999999999999e-01 3.734119011139187e-04
-2.785000000000000e-01 3.735723328458963e-04
-2.589999999999999e-01 3.737329054689433e-04
-2.394999999999999e-01 3.738936191736437e-04
-2.199999999999999e-01 3.740544741509358e-04
-2.004999999999999e-01 3.742154705921149e-04
-1.809999999999999e-01 3.743766086888319e-04
-1.615000000000001e-01 3.745378886330962e-04
-1.420000000000001e-01 3.746993106172755e-04
-1.225000000000000e-01 3.748608748340968e-04
-1.029999999999999e-01 3.750225814766473e-04
-8.349999999999999e-02 3.751844307383749e-04
-6.400000000000007e-02 3.753464228130905e-04
-4.449999999999989e-02 3.755085578949670e-04
-2.500000000000004e-02 3.756708361785414e-04
-5.499999999999857e-03 3.758332578587154e-04
1.400000000000017e-02 3.759958231307557e-04
3.349999999999984e-02 3.761585321902962e-04
5.299999999999994e-02 3.763213852333378e-04
7.250000000000016e-02 3.764843824562493e-04
9.200000000000018e-02 3.766475240557693e-04
1.114999999999999e-01 3.768108102290055e-04
1.310000000000002e-01 3.769742411734376e-04
1.505000000000001e-01 3.771378170869161e-04
1.700000000000000e-01 3.773015381676649e-04
1.895000000000001e-01 3.774654046142814e-04
2.090000000000000e-01 3.776294166257373e-04
2.285000000000000e-01 3.777935744013806e-04
2.480000000000000e-01 3.779578781409346e-04
2.675000000000001e-01 3.781223280445008e-04
2.869999999999999e-01 3.782869243125590e-04
3.065000000000000e-01 3.784516671459670e-04
3.260000000000000e-01 3.786165567459645e-04
3.454999999999999e-01 3.787815933141708e-04
3.650000000000002e-01 3.789467770525884e-04
3.844999999999998e-01 3.791121081636016e-04
4.040000000000002e-01 3.792775868499794e-04
4.234999999999999e-01 3.794432133148755e-04
4.429999999999998e-01 3.796089877618294e-04
4.625000000000000e-01 3.797749103947674e-04
4.819999999999999e-01 3.799409814180030e-04
5.014999999999999e-01 3.801072010362393e-04
5.209999999999999e-01 3.802735694545682e-04
5.404999999999998e-01 3.804400868784727e-04
5.600000000000001e-01 3.806067535138270e-04
5.794999999999999e-01 3.807735695668985e-04
5.990000000000000e-01 3.809405352443476e-04
6.185000000000000e-01 3.811076507532289e-04
6.379999999999999e-01 3.812749163009934e-04
6.575000000000000e-01 3.814423320954876e-04
6.769999999999998e-01 3.816098983449571e-04
6.965000000000001e-01 3.817776152580434e-04
7.160000000000000e-01 3.819454830437894e-04
7.354999999999998e-01 3.821135019116382e-04
7.549999999999999e-01 3.822816720714339e-04
7.745000000000000e-01 3.824499937334230e-04
7.940000000000000e-01 3.826184671082559e-04
8.134999999999999e-01 3.827870924069868e-04
8.329999999999997e-01 3.829558698410763e-04
8.525000000000000e-01 3.831247996223905e-04
8.719999999999999e-01 3.832938819632042e-04
8.915000000000000e-01 3.834631170761995e-04
9.110000000000000e-01 3.836325051744690e-04
9.304999999999999e-01 3.838020464715152e-04
9.500000000000000e-01 3.839717411812527e-04
9.504999999999999e-01 3.839760943468193e-04
9.510000000000000e-01 3.839804476133934e-04
9.514999999999999e-01 3.839848009809784e-04
9.520000000000000e-01 3.839891544495785e-04
9.524999999999999e-01 3.839935080191967e-04
9.530000000000000e-01 3.839978616898369e-04
9.534999999999999e-01 3.840022154615031e-04
9.540000000000000e-01 3.840065693341983e-04
9.544999999999999e-01 3.840109233079265e-04
9.550000000000000e-01 3.840152773826910e-04
9.554999999999999e-01 3.840196315584959e-04
9.560000000000000e-01 3.840239858353443e-04
9.564999999999999e-01 3.840283402132400e-04
9.570000000000000e-01 3.840326946921871e-04
9.574999999999999e-01 3.840370492721882e-04
9.580000000000000e-01 3.840414039532477e-04
9.584999999999999e-01 3.840457587353691e-04
9.590000000000000e-01 3.840501136185561e-04
9.594999999999999e-01 3.840544686028118e-04
9.600000000000000e-01 3.840588236881406e-04
9.604999999999999e-01 3.840631788745450e-04
9.610000000000000e-01 3.840675341620300e-04
9.614999999999999e-01 3.840718895505984e-04
9.620000000000000e-01 3.840762450402541e-04
9.624999999999999e-01 3.840806006310004e-04
9.630000000000000e-01 3.840849563228413e-04
9.634999999999999e-01 3.840893121157797e-04
9.640000000000000e-01 3.840936680098202e-04
9.644999999999999e-01 3.840980240049659e-04
9.650000000000000e-01 3.841023801012203e-04
9.654999999999999e-01 3.841067362985873e-04
9.660000000000000e-01 3.841110925970704e-04
9.664999999999999e-01 3.841154489966734e-04
9.670000000000000e-01 3.841198054973998e-04
9.674999999999999e-01 3.841241620992529e-04
9.680000000000000e-01 3.841285188022373e-04
9.684999999999999e-01 3.841328756063551e-04
9.690000000000000e-01 3.841372325116110e-04
9.694999999999999e-01 3.841415895180086e-04
9.700000000000000e-01 3.841459466255517e-04
9.704999999999999e-01 3.841503038342430e-04
9.710000000000000e-01 3.841546611440866e-04
9.714999999999999e-01 3.841590185550867e-04
9.720000000000000e-01 3.841633760672460e-04
9.724999999999999e-01 3.841677336805685e-04
9.730000000000000e-01 3.841720913950580e-04
9.734999999999999e-01 3.841764492107177e-04
9.740000000000000e-01 3.841808071275520e-04
9.744999999999999e-01 3.841851651455637e-04
9.750000000000000e-01 3.841895232647570e-04
9.754999999999999e-01 3.841938814851351e-04
9.760000000000000e-01 3.841982398067021e-04
9.764999999999999e-01 3.842025982294611e-04
9.770000000000000e-01 3.842069567534160e-04
9.774999999999999e-01 3.842113153785704e-04
9.780000000000000e-01 3.842156741049279e-04
9.784999999999999e-01 3.842200329324919e-04
9.790000000000000e-01 3.842243918612667e-04
9.794999999999999e-01 3.842287508912553e-04
9.800000000000000e-01 3.842331100224615e-04
9.804999999999999e-01 3.842374692548890e-04
9.810000000000000e-01 3.842418285885414e-04
9.814999999999999e-01 3.842461880234223e-04
9.820000000000000e-01 3.842505475595351e-04
9.824999999999999e-01 3.842549071968843e-04
9.830000000000000e-01 3.842592669354727e-04
9.834999999999999e-01 3.842636267753037e-04
9.840000000000000e-01 3.842679867163814e-04
9.844999999999999e-01 3.842723467587095e-04
9.850000000000000e-01 3.842767069022914e-04
9.854999999999999e-01 3.842810671471311e-04
9.860000000000000e-01 3.842854274932321e-04
9.864999999999999e-01 3.842897879405976e-04
9.870000000000000e-01 3.842941484892315e-04
9.874999999999999e-01 3.842985091391375e-04
9.880000000000000e-01 3.843028698903193e-04
9.884999999999999e-01 3.843072307427802e-04
9.890000000000000e-01 3.843115916965242e-04
9.894999999999999e-01 3.843159527515549e-04
9.900000000000000e-01 3.843203139078756e-04
9.904999999999999e-01 3.843246751654899e-04
9.910000000000000e-01 3.843290365244020e-04
9.914999999999999e-01 3.843333979846153e-04
9.920000000000000e-01 3.843377595461332e-04
9.924999999999999e-01 3.843421212089593e-04
9.930000000000000e-01 3.843464829730974e-04
9.934999999999999e-01 3.843508448385514e-04
9.940000000000000e-01 3.843552068053246e-04
9.944999999999999e-01 3.843595688734205e-04
9.950000000000000e-01 3.843639310428430e-04
9.954999999999999e-01 3.843682933135954e-04
9.960000000000000e-01 3.843726556856822e-04
9.964999999999999e-01 3.843770181591058e-04
9.970000000000000e-01 3.843813807338710e-04
9.974999999999999e-01 3.843857434099807e-04
9.980000000000000e-01 3.843901061874385e-04
9.984999999999999e-01 3.843944690662484e-04
9.990000000000000e-01 3.843988320464141e-04
9.994999999999999e-01 3.844031951279386e-04
