-1.000000000000000e+00 3.073737268517050e-07
-9.805000000000000e-01 3.097118733001537e-07
-9.610000000000000e-01 3.110423571804951e-07
-9.415000000000000e-01 3.136528591014399e-07
-9.219999999999999e-01 3.159655637611450e-07
-9.025000000000000e-01 3.181016680485334e-07
-8.830000000000000e-01 3.200669358534794e-07
-8.634999999999999e-01 3.214526306959297e-07
-8.440000000000000e-01 3.246148149219526e-07
-8.245000000000000e-01 3.262742493058629e-07
-8.050000000000000e-01 3.273707077719507e-07
-7.855000000000000e-01 3.305585512194290e-07
-7.660000000000000e-01 3.319161781075781e-07
-7.464999999999997e-01 3.345377139374250e-07
-7.270000000000000e-01 3.384778179037800e-07
-7.075000000000001e-01 3.389763454230536e-07
-6.879999999999998e-01 3.426398963738294e-07
-6.685000000000001e-01 3.438317509207691e-07
-6.490000000000000e-01 3.463275994270099e-07
-6.295000000000002e-01 3.489316694127321e-07
-6.100000000000001e-01 3.515252632642373e-07
-5.904999999999999e-01 3.546096664650626e-07
-5.709999999999998e-01 3.568449513377556e-07
-5.515000000000001e-01 3.596029251833447e-07
-5.320000000000001e-01 3.623810051220280e-07
-5.125000000000001e-01 3.653222620689995e-07
-4.930000000000001e-01 3.681813152808796e-07
-4.735000000000001e-01 3.695030708372144e-07
-4.540000000000000e-01 3.741472035006984e-07
-4.345000000000002e-01 3.772548315692025e-07
-4.150000000000000e-01 3.790423274830910e-07
-3.955000000000000e-01 3.835328613459922e-07
-3.759999999999999e-01 3.867997104267682e-07
-3.564999999999999e-01 3.901506208867405e-07
-3.370000000000000e-01 3.926772224627551e-07
-3.174999999999999e-01 3.946209248916971e-07
-2.979999999999999e-01 4.005707048084036e-07
-2.785000000000000e-01 4.042413086859980e-07
-2.589999999999999e-01 4.059755235135234e-07
-2.394999999999999e-01 4.099336037471982e-07
-2.199999999999999e-01 4.130924067790566e-07
-2.004999999999999e-01 4.180183674393754e-07
-1.809999999999999e-01 4.236378883032462e-07
-1.615000000000001e-01 4.269974440511961e-07
-1.420000000000001e-01 4.319621570454503e-07
-1.225000000000000e-01 4.349317898380648e-07
-1.029999999999999e-01 4.394242874012804e-07
-8.349999999999999e-02 4.438020246320564e-07
-6.400000000000007e-02 4.486838047926559e-07
-4.449999999999989e-02 4.538572607048651e-07
-2.500000000000004e-02 4.585939631879830e-07
-5.499999999999857e-03 4.651022035161385e-07
1.400000000000017e-02 4.690005353786911e-07
3.349999999999984e-02 4.756699845408122e-07
5.299999999999994e-02 4.800553126486504e-07
7.250000000000016e-02 4.857597413867309e-07
9.200000000000018e-02 4.916056098283025e-07
1.114999999999999e-01 4.988383484087561e-07
1.310000000000002e-01 5.051082311938933e-07
1.505000000000001e-01 5.115880274295069e-07
1.700000000000000e-01 5.182799291349132e-07
1.895000000000001e-01 5.251865224021500e-07
2.090000000000000e-01 5.323816454401248e-07
2.285000000000000e-01 5.397114684187583e-07
2.480000000000000e-01 5.475263897305783e-07
2.675000000000001e-01 5.555845152598353e-07
2.869999999999999e-01 5.636507709257087e-07
3.065000000000000e-01 5.722608830670266e-07
3.260000000000000e-01 5.812105944051688e-07
3.454999999999999e-01 5.905233371672580e-07
3.650000000000002e-01 6.002913247811921e-07
3.844999999999998e-01 6.106029524034144e-07
4.040000000000002e-01 6.212780534981373e-07
4.234999999999999e-01 6.324516444211930e-07
4.429999999999998e-01 6.440072691174176e-07
4.625000000000000e-01 6.562471445998258e-07
4.819999999999999e-01 6.692761903515731e-07
5.014999999999999e-01 6.830305601354502e-07
5.209999999999999e-01 6.973671638499132e-07
5.404999999999998e-01 7.126971246799176e-07
5.600000000000001e-01 7.290284469499131e-07
5.794999999999999e-01 7.462161889832792e-07
5.990000000000000e-01 7.648991577452793e-07
6.185000000000000e-01 7.885691167437529e-07
6.379999999999999e-01 8.059568399311204e-07
6.575000000000000e-01 8.290529937243511e-07
6.769999999999998e-01 8.542239227659159e-07
6.965000000000001e-01 8.813851107706702e-07
7.160000000000000e-01 9.114727671263180e-07
7.354999999999998e-01 9.447366508537626e-07
7.549999999999999e-01 9.815045515913081e-07
7.745000000000000e-01 1.023888434747563e-06
7.940000000000000e-01 1.069702318636624e-06
8.134999999999999e-01 1.123108806509397e-06
8.329999999999997e-01 1.185456605507829e-06
8.525000000000000e-01 1.259467848787263e-06
8.719999999999999e-01 1.350050424514859e-06
8.915000000000000e-01 1.461551884145882e-06
9.110000000000000e-01 1.607609065688953e-06
9.304999999999999e-01 1.810459194119309e-06
9.500000000000000e-01 2.119050963245531e-06
9.504999999999999e-01 2.129178152858693e-06
9.510000000000000e-01 2.139561845930472e-06
9.514999999999999e-01 2.150061205479685e-06
9.520000000000000e-01 2.160713361659172e-06
9.524999999999999e-01 2.171560811742420e-06
9.530000000000000e-01 2.182599687937752e-06
9.534999999999999e-01 2.193705305914649e-06
9.540000000000000e-01 2.205122960183686e-06
9.544999999999999e-01 2.216627000942464e-06
9.550000000000000e-01 2.228425296453778e-06
9.554999999999999e-01 2.240382356445746e-06
9.560000000000000e-01 2.252508888860293e-06
9.564999999999999e-01 2.264821406282125e-06
9.570000000000000e-01 2.277401472655860e-06
9.574999999999999e-01 2.290111463398594e-06
9.580000000000000e-01 2.303125758448947e-06
9.584999999999999e-01 2.316354095975187e-06
9.590000000000000e-01 2.329795738140171e-06
9.594999999999999e-01 2.343590704475086e-06
9.600000000000000e-01 2.357621767795154e-06
9.604999999999999e-01 2.371714668777344e-06
9.610000000000000e-01 2.386314609490411e-06
9.614999999999999e-01 2.400946272029506e-06
9.620000000000000e-01 2.415952064207187e-06
9.624999999999999e-01 2.431287145931372e-06
9.630000000000000e-01 2.446953506359249e-06
9.634999999999999e-01 2.462930187780602e-06
9.640000000000000e-01 2.479285667728054e-06
9.644999999999999e-01 2.495885883254905e-06
9.650000000000000e-01 2.512854733613434e-06
9.654999999999999e-01 2.530198099112004e-06
9.660000000000000e-01 2.548066402490848e-06
9.664999999999999e-01 2.566081224866698e-06
9.670000000000000e-01 2.584574721409323e-06
9.674999999999999e-01 2.603503938312954e-06
9.680000000000000e-01 2.622828447558776e-06
9.684999999999999e-01 2.642709279476287e-06
9.690000000000000e-01 2.662991089432151e-06
9.694999999999999e-01 2.683781630333909e-06
9.700000000000000e-01 2.705051564865838e-06
9.704999999999999e-01 2.726959478611755e-06
9.710000000000000e-01 2.749363198120649e-06
9.714999999999999e-01 2.772351155115144e-06
9.720000000000000e-01 2.795912476897886e-06
9.724999999999999e-01 2.820123154017367e-06
9.730000000000000e-01 2.844997803879534e-06
9.734999999999999e-01 2.870562493113016e-06
9.740000000000000e-01 2.896871536502569e-06
9.744999999999999e-01 2.923887284478197e-06
9.750000000000000e-01 2.951774196914134e-06
9.754999999999999e-01 2.980470241164991e-06
9.760000000000000e-01 3.010083560247794e-06
9.764999999999999e-01 3.040598604194576e-06
9.770000000000000e-01 3.072156089212916e-06
9.774999999999999e-01 3.104590077312809e-06
9.780000000000000e-01 3.138195018164891e-06
9.784999999999999e-01 3.173029464806528e-06
9.790000000000000e-01 3.208925579983659e-06
9.794999999999999e-01 3.246427939689511e-06
9.800000000000000e-01 3.285139886353773e-06
9.804999999999999e-01 3.325092863863844e-06
9.810000000000000e-01 3.366872137070948e-06
9.814999999999999e-01 3.410168676568840e-06
9.820000000000000e-01 3.528982772785553e-06
9.824999999999999e-01 3.562248538238173e-06
9.830000000000000e-01 3.605605530991104e-06
9.834999999999999e-01 3.649992533890089e-06
9.840000000000000e-01 3.698642087068032e-06
9.844999999999999e-01 3.761439427310588e-06
9.850000000000000e-01 3.793818846021558e-06
9.854999999999999e-01 3.848933786071516e-06
9.860000000000000e-01 3.918914797436186e-06
9.864999999999999e-01 3.989102553678140e-06
9.870000000000000e-01 4.054587741740604e-06
9.874999999999999e-01 4.119543595528303e-06
9.880000000000000e-01 4.193750870474726e-06
9.884999999999999e-01 4.295329920216638e-06
9.890000000000000e-01 4.386298327423286e-06
9.894999999999999e-01 4.472527839603341e-06
9.900000000000000e-01 4.571591065409629e-06
9.904999999999999e-01 4.698790300711424e-06
9.910000000000000e-01 4.824283881203560e-06
9.914999999999999e-01 4.940155950633860e-06
9.920000000000000e-01 5.101957929985077e-06
9.924999999999999e-01 5.256835109990704e-06
9.930000000000000e-01 5.423522158427102e-06
9.934999999999999e-01 5.618643392311618e-06
9.940000000000000e-01 5.851517450804011e-06
9.944999999999999e-01 6.095409668146721e-06
9.950000000000000e-01 6.385483828782494e-06
9.954999999999999e-01 6.717692176394185e-06
9.960000000000000e-01 7.110941072589911e-06
9.964999999999999e-01 7.602805978208034e-06
9.970000000000000e-01 8.191709359367522e-06
9.974999999999999e-01 8.954115255403219e-06
9.980000000000000e-01 9.984349281199105e-06
9.984999999999999e-01 1.150995668243679e-05
9.990000000000000e-01 1.405679758862048e-05
9.994999999999999e-01 1.980746217851558e-05
