-1.000000000000000e+00 8.050254465471308e+00
-9.805000000000000e-01 8.051060198738929e+00
-9.610000000000000e-01 8.051866158196759e+00
-9.415000000000000e-01 8.052672343979372e+00
-9.219999999999999e-01 8.053478756221478e+00
-9.025000000000000e-01 8.054285395057923e+00
-8.830000000000000e-01 8.055092260623715e+00
-8.634999999999999e-01 8.055899353053990e+00
-8.440000000000000e-01 8.056706672484037e+00
-8.245000000000000e-01 8.057514219049290e+00
-8.050000000000000e-01 8.058321992885329e+00
-7.855000000000000e-01 8.059129994127877e+00
-7.660000000000000e-01 8.059938222912800e+00
-7.464999999999997e-01 8.060746679376120e+00
-7.270000000000000e-01 8.061555363653994e+00
-7.075000000000001e-01 8.062364275882731e+00
-6.879999999999998e-01 8.063173416198785e+00
-6.685000000000001e-01 8.063982784738760e+00
-6.490000000000000e-01 8.064792381639407e+00
-6.295000000000002e-01 8.065602207037619e+00
-6.100000000000001e-01 8.066412261070447e+00
-5.904999999999999e-01 8.067222543875076e+00
-5.709999999999998e-01 8.068033055588851e+00
-5.515000000000001e-01 8.068843796349260e+00
-5.320000000000001e-01 8.069654766293946e+00
-5.125000000000001e-01 8.070465965560691e+00
-4.930000000000001e-01 8.071277394287435e+00
-4.735000000000001e-01 8.072089052612265e+00
-4.540000000000000e-01 8.072900940673415e+00
-4.345000000000002e-01 8.073713058609274e+00
-4.150000000000000e-01 8.074525406558376e+00
-3.955000000000000e-01 8.075337984659411e+00
-3.759999999999999e-01 8.076150793051214e+00
-3.564999999999999e-01 8.076963831872774e+00
-3.370000000000000e-01 8.077777101263237e+00
-3.174999999999999e-01 8.078590601361896e+00
-2.979999999999999e-01 8.079404332308188e+00
-2.785000000000000e-01 8.080218294241714e+00
-2.589999999999999e-01 8.081032487302222e+00
-2.394999999999999e-01 8.081846911629617e+00
-2.199999999999999e-01 8.082661567363949e+00
-2.004999999999999e-01 8.083476454645428e+00
-1.809999999999999e-01 8.084291573614417e+00
-1.615000000000001e-01 8.085106924411429e+00
-1.420000000000001e-01 8.085922507177139e+00
-1.225000000000000e-01 8.086738322052366e+00
-1.029999999999999e-01 8.087554369178084e+00
-8.349999999999999e-02 8.088370648695438e+00
-6.400000000000007e-02 8.089187160745706e+00
-4.449999999999989e-02 8.090003905470336e+00
-2.500000000000004e-02 8.090820883010933e+00
-5.499999999999857e-03 8.091638093509239e+00
1.400000000000017e-02 8.092455537107179e+00
3.349999999999984e-02 8.093273213946814e+00
5.299999999999994e-02 8.094091124170371e+00
7.250000000000016e-02 8.094909267920229e+00
9.200000000000018e-02 8.095727645338936e+00
1.114999999999999e-01 8.096546256569185e+00
1.310000000000002e-01 8.097365101753830e+00
1.505000000000001e-01 8.098184181035881e+00
1.700000000000000e-01 8.099003494558520e+00
1.895000000000001e-01 8.099823042465074e+00
2.090000000000000e-01 8.100642824899060e+00
2.285000000000000e-01 8.101462842004141e+00
2.480000000000000e-01 8.102283093924088e+00
2.675000000000001e-01 8.103103580802932e+00
2.869999999999999e-01 8.103924302784870e+00
3.065000000000000e-01 8.104745260014226e+00
3.260000000000000e-01 8.105566452635451e+00
3.454999999999999e-01 8.106387880793068e+00
3.650000000000002e-01 8.107209544632155e+00
3.844999999999998e-01 8.108031444296763e+00
4.040000000000002e-01 8.108853579932500e+00
4.234999999999999e-01 8.109675951685238e+00
4.429999999999998e-01 8.110498559702917e+00
4.625000000000000e-01 8.111321404122359e+00
4.819999999999999e-01 8.112144485094483e+00
5.014999999999999e-01 8.112967802774241e+00
5.209999999999999e-01 8.113791357289688e+00
5.404999999999998e-01 8.114615148798805e+00
5.600000000000001e-01 8.115439177456237e+00
5.794999999999999e-01 8.116263443387362e+00
5.990000000000000e-01 8.117087946749518e+00
6.185000000000000e-01 8.117912687681633e+00
6.379999999999999e-01 8.118737666346741e+00
6.575000000000000e-01 8.119562882911257e+00
6.769999999999998e-01 8.120388337468109e+00
6.965000000000001e-01 8.121214030177562e+00
7.160000000000000e-01 8.122039961216526e+00
7.354999999999998e-01 8.122866130718283e+00
7.549999999999999e-01 8.123692538830884e+00
7.745000000000000e-01 8.124519185751041e+00
7.940000000000000e-01 8.125346071530071e+00
8.134999999999999e-01 8.126173196338600e+00
8.329999999999997e-01 8.127000560378518e+00
8.525000000000000e-01 8.127828163772104e+00
8.719999999999999e-01 8.128656006668425e+00
8.915000000000000e-01 8.129484089216724e+00
9.110000000000000e-01 8.130312411566411e+00
9.304999999999999e-01 8.131140973867064e+00
9.500000000000000e-01 8.131969776268431e+00
9.504999999999999e-01 8.131991030770530e+00
9.510000000000000e-01 8.132012285430587e+00
9.514999999999999e-01 8.132033540248605e+00
9.520000000000000e-01 8.132054795224587e+00
9.524999999999999e-01 8.132076050358531e+00
9.530000000000000e-01 8.132097305650449e+00
9.534999999999999e-01 8.132118561100333e+00
9.540000000000000e-01 8.132139816708191e+00
9.544999999999999e-01 8.132161072474029e+00
9.550000000000000e-01 8.132182328397841e+00
9.554999999999999e-01 8.132203584479635e+00
9.560000000000000e-01 8.132224840719415e+00
9.564999999999999e-01 8.132246097117179e+00
9.570000000000000e-01 8.132267353672930e+00
9.574999999999999e-01 8.132288610386674e+00
9.580000000000000e-01 8.132309867258408e+00
9.584999999999999e-01 8.132331124288145e+00
9.590000000000000e-01 8.132352381475878e+00
9.594999999999999e-01 8.132373638821608e+00
9.600000000000000e-01 8.132394896325346e+00
9.604999999999999e-01 8.132416153987092e+00
9.610000000000000e-01 8.132437411806844e+00
9.614999999999999e-01 8.132458669784608e+00
9.620000000000000e-01 8.132479927920384e+00
9.624999999999999e-01 8.132501186214180e+00
9.630000000000000e-01 8.132522444665991e+00
9.634999999999999e-01 8.132543703228514e+00
9.640000000000000e-01 8.132564961996373e+00
9.644999999999999e-01 8.132586220922263e+00
9.650000000000000e-01 8.132607480006177e+00
9.654999999999999e-01 8.132628739248128e+00
9.660000000000000e-01 8.132649998648111e+00
9.664999999999999e-01 8.132671258206132e+00
9.670000000000000e-01 8.132692517922191e+00
9.674999999999999e-01 8.132713777796292e+00
9.680000000000000e-01 8.132735037828436e+00
9.684999999999999e-01 8.132756298018627e+00
9.690000000000000e-01 8.132777558366870e+00
9.694999999999999e-01 8.132798818873164e+00
9.700000000000000e-01 8.132820079537508e+00
9.704999999999999e-01 8.132841340359914e+00
9.710000000000000e-01 8.132862601340374e+00
9.714999999999999e-01 8.132883862478902e+00
9.720000000000000e-01 8.132905123775492e+00
9.724999999999999e-01 8.132926385230149e+00
9.730000000000000e-01 8.132947646842876e+00
9.734999999999999e-01 8.132968908613675e+00
9.740000000000000e-01 8.132990170542547e+00
9.744999999999999e-01 8.133011432629498e+00
9.750000000000000e-01 8.133032694874530e+00
9.754999999999999e-01 8.133053957277641e+00
9.760000000000000e-01 8.133075219838839e+00
9.764999999999999e-01 8.133096482558122e+00
9.770000000000000e-01 8.133117745517314e+00
9.774999999999999e-01 8.133139008552776e+00
9.780000000000000e-01 8.133160271746334e+00
9.784999999999999e-01 8.133181535097989e+00
9.790000000000000e-01 8.133202798607742e+00
9.794999999999999e-01 8.133224062275605e+00
9.800000000000000e-01 8.133245326101566e+00
9.804999999999999e-01 8.133266590085636e+00
9.810000000000000e-01 8.133287854227817e+00
9.814999999999999e-01 8.133309118528111e+00
9.820000000000000e-01 8.133330382986516e+00
9.824999999999999e-01 8.133351647603043e+00
9.830000000000000e-01 8.133372912377688e+00
9.834999999999999e-01 8.133394177310457e+00
9.840000000000000e-01 8.133415442401352e+00
9.844999999999999e-01 8.133436707650374e+00
9.850000000000000e-01 8.133457973057524e+00
9.854999999999999e-01 8.133479238622808e+00
9.860000000000000e-01 8.133500504346230e+00
9.864999999999999e-01 8.133521770227789e+00
9.870000000000000e-01 8.133543036267490e+00
9.874999999999999e-01 8.133564302465331e+00
9.880000000000000e-01 8.133585568821317e+00
9.884999999999999e-01 8.133606835335453e+00
9.890000000000000e-01 8.133628102007741e+00
9.894999999999999e-01 8.133649368838180e+00
9.900000000000000e-01 8.133670635826775e+00
9.904999999999999e-01 8.133691897992001e+00
9.910000000000000e-01 8.133713170278444e+00
9.914999999999999e-01 8.133734437741520e+00
9.920000000000000e-01 8.133755705362766e+00
9.924999999999999e-01 8.133776973142176e+00
9.930000000000000e-01 8.133798241079756e+00
9.934999999999999e-01 8.133819509175515e+00
9.940000000000000e-01 8.133840777429450e+00
9.944999999999999e-01 8.133862045841560e+00
9.950000000000000e-01 8.133883314411850e+00
9.954999999999999e-01 8.133904583140325e+00
9.960000000000000e-01 8.133925852026987e+00
9.964999999999999e-01 8.133947121071836e+00
9.970000000000000e-01 8.133968390274879e+00
9.974999999999999e-01 8.133989659636114e+00
9.980000000000000e-01 8.134010929155545e+00
9.984999999999999e-01 8.134032198833175e+00
9.990000000000000e-01 8.134053468669004e+00
9.994999999999999e-01 8.134074738663042e+00
