-1.000000000000000e+00 5.436302804641328e-02
-9.805000000000000e-01 5.454186376751081e-02
-9.610000000000000e-01 5.472277506532992e-02
-9.415000000000000e-01 5.490586492012377e-02
-9.219999999999999e-01 5.509112757734861e-02
-9.025000000000000e-01 5.527862829043629e-02
-8.830000000000000e-01 5.546840332145261e-02
-8.634999999999999e-01 5.566053337148093e-02
-8.440000000000000e-01 5.585508508333697e-02
-8.245000000000000e-01 5.605206867044725e-02
-8.050000000000000e-01 5.625156665139555e-02
-7.855000000000000e-01 5.645363626438421e-02
-7.660000000000000e-01 5.665834055702549e-02
-7.464999999999997e-01 5.686574076534473e-02
-7.270000000000000e-01 5.707591844122281e-02
-7.075000000000001e-01 5.728893019813634e-02
-6.879999999999998e-01 5.750485312226696e-02
-6.685000000000001e-01 5.772376307684243e-02
-6.490000000000000e-01 5.794573371444997e-02
-6.295000000000002e-01 5.817085097775764e-02
-6.100000000000001e-01 5.839920200218222e-02
-5.904999999999999e-01 5.863086871300836e-02
-5.709999999999998e-01 5.886594872295220e-02
-5.515000000000001e-01 5.910453367506408e-02
-5.320000000000001e-01 5.934672295831048e-02
-5.125000000000001e-01 5.959262113899570e-02
-4.930000000000001e-01 5.984233342560352e-02
-4.735000000000001e-01 6.009598093482788e-02
-4.540000000000000e-01 6.035367494224194e-02
-4.345000000000002e-01 6.061554038047907e-02
-4.150000000000000e-01 6.088170586832457e-02
-3.955000000000000e-01 6.115230069864998e-02
-3.759999999999999e-01 6.142746524636779e-02
-3.564999999999999e-01 6.170736736238261e-02
-3.370000000000000e-01 6.199213427183899e-02
-3.174999999999999e-01 6.228192884766045e-02
-2.979999999999999e-01 6.257694801003089e-02
-2.785000000000000e-01 6.287732139310750e-02
-2.589999999999999e-01 6.318329915192124e-02
-2.394999999999999e-01 6.349504163170470e-02
-2.199999999999999e-01 6.381274691152197e-02
-2.004999999999999e-01 6.413664059665676e-02
-1.809999999999999e-01 6.446696394149515e-02
-1.615000000000001e-01 6.480393278958303e-02
-1.420000000000001e-01 6.514782284916919e-02
-1.225000000000000e-01 6.549889408864479e-02
-1.029999999999999e-01 6.585743082271402e-02
-8.349999999999999e-02 6.622373267167338e-02
-6.400000000000007e-02 6.659811677916384e-02
-4.449999999999989e-02 6.698091576870187e-02
-2.500000000000004e-02 6.737248187543879e-02
-5.499999999999857e-03 6.777321659119047e-02
1.400000000000017e-02 6.818349389434065e-02
3.349999999999984e-02 6.860374895151418e-02
5.299999999999994e-02 6.903443706922346e-02
7.250000000000016e-02 6.947603270817244e-02
9.200000000000018e-02 6.992907646539866e-02
1.114999999999999e-01 7.039409279764834e-02
1.310000000000002e-01 7.087168125293467e-02
1.505000000000001e-01 7.136247444044581e-02
1.700000000000000e-01 7.186714817974407e-02
1.895000000000001e-01 7.238641248066333e-02
2.090000000000000e-01 7.292108477784899e-02
2.285000000000000e-01 7.347198207367336e-02
2.480000000000000e-01 7.404001520287043e-02
2.675000000000001e-01 7.462616701842600e-02
2.869999999999999e-01 7.523150398194567e-02
3.065000000000000e-01 7.585716637962552e-02
3.260000000000000e-01 7.650443040456770e-02
3.454999999999999e-01 7.717465638938410e-02
3.650000000000002e-01 7.786933360336683e-02
3.844999999999998e-01 7.859009286798954e-02
4.040000000000002e-01 7.933874805367477e-02
4.234999999999999e-01 8.011725677685033e-02
4.429999999999998e-01 8.092782228164157e-02
4.625000000000000e-01 8.177286350987323e-02
4.819999999999999e-01 8.265507269029554e-02
5.014999999999999e-01 8.357747204647711e-02
5.209999999999999e-01 8.454342305721908e-02
5.404999999999998e-01 8.555672514586683e-02
5.600000000000001e-01 8.662170342873270e-02
5.794999999999999e-01 8.774325141656499e-02
5.990000000000000e-01 8.892698025960265e-02
6.185000000000000e-01 9.017935701420798e-02
6.379999999999999e-01 9.150789268644059e-02
6.575000000000000e-01 9.292135371819327e-02
6.769999999999998e-01 9.443011154453980e-02
6.965000000000001e-01 9.604651845894756e-02
7.160000000000000e-01 9.778544239568356e-02
7.354999999999998e-01 9.966504140019944e-02
7.549999999999999e-01 1.017077833457413e-01
7.745000000000000e-01 1.039419398787086e-01
7.940000000000000e-01 1.064037583816937e-01
8.134999999999999e-01 1.091408072014683e-01
8.329999999999997e-01 1.122171913638423e-01
8.525000000000000e-01 1.157221974744741e-01
8.719999999999999e-01 1.197854150893387e-01
8.915000000000000e-01 1.246051070456808e-01
9.110000000000000e-01 1.305066296813808e-01
9.304999999999999e-01 1.380792357187224e-01
9.500000000000000e-01 1.485623549532408e-01
9.504999999999999e-01 1.488902349506609e-01
9.510000000000000e-01 1.492219512482696e-01
9.514999999999999e-01 1.495575912876213e-01
9.520000000000000e-01 1.498972449345742e-01
9.524999999999999e-01 1.502410046025761e-01
9.530000000000000e-01 1.505889665515859e-01
9.534999999999999e-01 1.509412301511802e-01
9.540000000000000e-01 1.512978983917354e-01
9.544999999999999e-01 1.516590812277263e-01
9.550000000000000e-01 1.520248819347115e-01
9.554999999999999e-01 1.523954177306781e-01
9.560000000000000e-01 1.527708089547910e-01
9.564999999999999e-01 1.531511777483288e-01
9.570000000000000e-01 1.535366517833624e-01
9.574999999999999e-01 1.539273636006395e-01
9.580000000000000e-01 1.543234508718462e-01
9.584999999999999e-01 1.547250565804866e-01
9.590000000000000e-01 1.551323293996290e-01
9.594999999999999e-01 1.555454241879418e-01
9.600000000000000e-01 1.559645017577591e-01
9.604999999999999e-01 1.563897297329435e-01
9.610000000000000e-01 1.568212820785837e-01
9.614999999999999e-01 1.572593424417659e-01
9.620000000000000e-01 1.577040986069572e-01
9.624999999999999e-01 1.581557490892137e-01
9.630000000000000e-01 1.586145008444846e-01
9.634999999999999e-01 1.590805693517497e-01
9.640000000000000e-01 1.595541792430346e-01
9.644999999999999e-01 1.600355689616167e-01
9.650000000000000e-01 1.605249836077836e-01
9.654999999999999e-01 1.610226806512029e-01
9.660000000000000e-01 1.615289354825133e-01
9.664999999999999e-01 1.620440278709935e-01
9.670000000000000e-01 1.625682574322425e-01
9.674999999999999e-01 1.631019373758862e-01
9.680000000000000e-01 1.636453963600902e-01
9.684999999999999e-01 1.641989811597089e-01
9.690000000000000e-01 1.647630566214855e-01
9.694999999999999e-01 1.653380065443651e-01
9.700000000000000e-01 1.659242348021177e-01
9.704999999999999e-01 1.665221700901289e-01
9.710000000000000e-01 1.671322623849758e-01
9.714999999999999e-01 1.677549899297709e-01
9.720000000000000e-01 1.683908575828421e-01
9.724999999999999e-01 1.690404007381196e-01
9.730000000000000e-01 1.697042126795071e-01
9.734999999999999e-01 1.703828405982993e-01
9.740000000000000e-01 1.710769653205819e-01
9.744999999999999e-01 1.717872542797261e-01
9.750000000000000e-01 1.725144399192622e-01
9.754999999999999e-01 1.732592971368506e-01
9.760000000000000e-01 1.740226548492617e-01
9.764999999999999e-01 1.748053996057791e-01
9.770000000000000e-01 1.756084813483358e-01
9.774999999999999e-01 1.764329194200920e-01
9.780000000000000e-01 1.772798093624806e-01
9.784999999999999e-01 1.781503305646029e-01
9.790000000000000e-01 1.790457548896502e-01
9.794999999999999e-01 1.799674564650651e-01
9.800000000000000e-01 1.809169223135172e-01
9.804999999999999e-01 1.818957414116394e-01
9.810000000000000e-01 1.829057150564361e-01
9.814999999999999e-01 1.839487282841730e-01
9.820000000000000e-01 1.850268655654058e-01
9.824999999999999e-01 1.861424077999577e-01
9.830000000000000e-01 1.872978579829860e-01
9.834999999999999e-01 1.884959682419876e-01
9.840000000000000e-01 1.897397803500868e-01
9.844999999999999e-01 1.910326535104032e-01
9.850000000000000e-01 1.923783210224730e-01
9.854999999999999e-01 1.937809458583977e-01
9.860000000000000e-01 1.952451774620387e-01
9.864999999999999e-01 1.967762403666260e-01
9.870000000000000e-01 1.983800243133519e-01
9.874999999999999e-01 2.000632014556209e-01
9.880000000000000e-01 2.018333663538814e-01
9.884999999999999e-01 2.036992104538112e-01
9.890000000000000e-01 2.056707377940695e-01
9.894999999999999e-01 2.077595364000046e-01
9.900000000000000e-01 2.099791206046906e-01
9.904999999999999e-01 2.123453710996882e-01
9.910000000000000e-01 2.148771044117186e-01
9.914999999999999e-01 2.175968212459660e-01
9.920000000000000e-01 2.205317042991883e-01
9.924999999999999e-01 2.237149693976023e-01
9.930000000000000e-01 2.271877336071929e-01
9.934999999999999e-01 2.310016490852145e-01
9.940000000000000e-01 2.352226874888623e-01
9.944999999999999e-01 2.399367813475128e-01
9.950000000000000e-01 2.452584375678003e-01
9.954999999999999e-01 2.513444224968278e-01
9.960000000000000e-01 2.584164908519778e-01
9.964999999999999e-01 2.667890036238647e-01
9.970000000000000e-01 2.770046952788743e-01
9.974999999999999e-01 2.898651313139268e-01
9.980000000000000e-01 3.069030130385976e-01
9.984999999999999e-01 3.312673190785415e-01
9.990000000000000e-01 3.710391234528967e-01
9.994999999999999e-01 4.580016590274122e-01
