-1.000000000000000e+00 4.859857554378344e-05
-9.805000000000000e-01 4.886827608031338e-05
-9.610000000000000e-01 4.914209151308931e-05
-9.415000000000000e-01 4.942014161809011e-05
-9.219999999999999e-01 4.970249693297551e-05
-9.025000000000000e-01 4.998895757790403e-05
-8.830000000000000e-01 5.028062112732989e-05
-8.634999999999999e-01 5.057667410159089e-05
-8.440000000000000e-01 5.087750744259074e-05
-8.245000000000000e-01 5.118328101445733e-05
-8.050000000000000e-01 5.149410035461246e-05
-7.855000000000000e-01 5.181021216631054e-05
-7.660000000000000e-01 5.213154364910230e-05
-7.464999999999997e-01 5.245844180291879e-05
-7.270000000000000e-01 5.279099604032741e-05
-7.075000000000001e-01 5.312938816535964e-05
-6.879999999999998e-01 5.347375435839696e-05
-6.685000000000001e-01 5.382427804915937e-05
-6.490000000000000e-01 5.418117834090903e-05
-6.295000000000002e-01 5.454460972167681e-05
-6.100000000000001e-01 5.491483217268339e-05
-5.904999999999999e-01 5.529218430419654e-05
-5.709999999999998e-01 5.567630250958397e-05
-5.515000000000001e-01 5.606805658534330e-05
-5.320000000000001e-01 5.646733649401151e-05
-5.125000000000001e-01 5.687494762203764e-05
-4.930000000000001e-01 5.728996444739302e-05
-4.735000000000001e-01 5.771384003027935e-05
-4.540000000000000e-01 5.814628693516820e-05
-4.345000000000002e-01 5.858791086218028e-05
-4.150000000000000e-01 5.903906720355160e-05
-3.955000000000000e-01 5.949934485987894e-05
-3.759999999999999e-01 5.996979054717492e-05
-3.564999999999999e-01 6.045064030327989e-05
-3.370000000000000e-01 6.094250198001154e-05
-3.174999999999999e-01 6.144495997966677e-05
-2.979999999999999e-01 6.195928709459484e-05
-2.785000000000000e-01 6.248560763309259e-05
-2.589999999999999e-01 6.302434557420509e-05
-2.394999999999999e-01 6.357612097251716e-05
-2.199999999999999e-01 6.414136518264880e-05
-2.004999999999999e-01 6.472066037317490e-05
-1.809999999999999e-01 6.531471183542716e-05
-1.615000000000001e-01 6.592383392823601e-05
-1.420000000000001e-01 6.654874386815104e-05
-1.225000000000000e-01 6.719064188533731e-05
-1.029999999999999e-01 6.784963261087095e-05
-8.349999999999999e-02 6.852680381483178e-05
-6.400000000000007e-02 6.922297082499388e-05
-4.449999999999989e-02 6.993891697465226e-05
-2.500000000000004e-02 7.067558691517565e-05
-5.499999999999857e-03 7.143433329023465e-05
1.400000000000017e-02 7.221567406847739e-05
3.349999999999984e-02 7.302133901639477e-05
5.299999999999994e-02 7.385242850261224e-05
7.250000000000016e-02 7.471005182129268e-05
9.200000000000018e-02 7.559602655211450e-05
1.114999999999999e-01 7.651111305565106e-05
1.310000000000002e-01 7.745779705195410e-05
1.505000000000001e-01 7.843763328535285e-05
1.700000000000000e-01 7.945253545698169e-05
1.895000000000001e-01 8.050463728320421e-05
2.090000000000000e-01 8.159633151257959e-05
2.285000000000000e-01 8.272653258670429e-05
2.480000000000000e-01 8.390840310908268e-05
2.675000000000001e-01 8.513467214289409e-05
2.869999999999999e-01 8.641190609894003e-05
3.065000000000000e-01 8.774419722350178e-05
3.260000000000000e-01 8.913418301178757e-05
3.454999999999999e-01 9.058763503538028e-05
3.650000000000002e-01 9.210908788711438e-05
3.844999999999998e-01 9.370329994634038e-05
4.040000000000002e-01 9.537735787797184e-05
4.234999999999999e-01 9.713628161546085e-05
4.429999999999998e-01 9.898937381201647e-05
4.625000000000000e-01 1.009443016335514e-04
4.819999999999999e-01 1.030105063979390e-04
5.014999999999999e-01 1.052000998615748e-04
5.209999999999999e-01 1.075226162227786e-04
5.404999999999998e-01 1.099946532987256e-04
5.600000000000001e-01 1.126331758210311e-04
5.794999999999999e-01 1.189911617338251e-04
5.990000000000000e-01 1.212531618311531e-04
6.185000000000000e-01 1.240773831663409e-04
6.379999999999999e-01 1.272014781130234e-04
6.575000000000000e-01 1.307427548396303e-04
6.769999999999998e-01 1.346669010579617e-04
6.965000000000001e-01 1.390050055161186e-04
7.160000000000000e-01 1.438317467587715e-04
7.354999999999998e-01 1.492172992632400e-04
7.549999999999999e-01 1.552843786490524e-04
7.745000000000000e-01 1.621476909110397e-04
7.940000000000000e-01 1.700573024846595e-04
8.134999999999999e-01 1.791734807952688e-04
8.329999999999997e-01 1.899119173578800e-04
8.525000000000000e-01 2.027819958521318e-04
8.719999999999999e-01 2.185362491070422e-04
8.915000000000000e-01 2.384738997884425e-04
9.110000000000000e-01 2.647461476693614e-04
9.304999999999999e-01 3.015666964758766e-04
9.500000000000000e-01 3.584758709411651e-04
9.504999999999999e-01 3.603614026974806e-04
9.510000000000000e-01 3.622873312562260e-04
9.514999999999999e-01 3.642370998950604e-04
9.520000000000000e-01 3.662153946201009e-04
9.524999999999999e-01 3.682708355949493e-04
9.530000000000000e-01 3.702805800208139e-04
9.534999999999999e-01 3.723552015493964e-04
9.540000000000000e-01 3.744688185982525e-04
9.544999999999999e-01 3.766235430118833e-04
9.550000000000000e-01 3.788074591581955e-04
9.554999999999999e-01 3.810186675461589e-04
9.560000000000000e-01 3.832905780605450e-04
9.564999999999999e-01 3.855742652421964e-04
9.570000000000000e-01 3.879138275781574e-04
9.574999999999999e-01 3.902975062566169e-04
9.580000000000000e-01 3.927066170876126e-04
9.584999999999999e-01 3.951812338025387e-04
9.590000000000000e-01 3.976920129110600e-04
9.594999999999999e-01 4.002453962237824e-04
9.600000000000000e-01 4.028563208582955e-04
9.604999999999999e-01 4.055175544803483e-04
9.610000000000000e-01 4.082232702824535e-04
9.614999999999999e-01 4.109800467045758e-04
9.620000000000000e-01 4.137905410452466e-04
9.624999999999999e-01 4.166714488248371e-04
9.630000000000000e-01 4.195932666437902e-04
9.634999999999999e-01 4.225706899094546e-04
9.640000000000000e-01 4.255972749921620e-04
9.644999999999999e-01 4.287564188892667e-04
9.650000000000000e-01 4.319437476559713e-04
9.654999999999999e-01 4.350906690348960e-04
9.660000000000000e-01 4.385211946081060e-04
9.664999999999999e-01 4.418080884990410e-04
9.670000000000000e-01 4.452671378752781e-04
9.674999999999999e-01 4.488119779083572e-04
9.680000000000000e-01 4.525878421499888e-04
9.684999999999999e-01 4.561625356299268e-04
9.690000000000000e-01 4.599764073233960e-04
9.694999999999999e-01 4.638739453226936e-04
9.700000000000000e-01 4.678698316338659e-04
9.704999999999999e-01 4.719683999137691e-04
9.710000000000000e-01 4.761962577242876e-04
9.714999999999999e-01 4.807054778908013e-04
9.720000000000000e-01 4.851540863189754e-04
9.724999999999999e-01 4.896925349783675e-04
9.730000000000000e-01 4.944121581973393e-04
9.734999999999999e-01 4.992339500584623e-04
9.740000000000000e-01 5.042048311332605e-04
9.744999999999999e-01 5.093115422913263e-04
9.750000000000000e-01 5.145703781666858e-04
9.754999999999999e-01 5.200251888587063e-04
9.760000000000000e-01 5.255877166270060e-04
9.764999999999999e-01 5.314528221715732e-04
9.770000000000000e-01 5.373314534787640e-04
9.774999999999999e-01 5.434775836308170e-04
9.780000000000000e-01 5.498505453825163e-04
9.784999999999999e-01 5.564398420131968e-04
9.790000000000000e-01 5.632633893590374e-04
9.794999999999999e-01 5.703315498517240e-04
9.800000000000000e-01 5.776759428598376e-04
9.804999999999999e-01 5.852903583172630e-04
9.810000000000000e-01 5.932085210470771e-04
9.814999999999999e-01 6.014538339146233e-04
9.820000000000000e-01 6.100294559979968e-04
9.824999999999999e-01 6.189717696589127e-04
9.830000000000000e-01 6.283119526387850e-04
9.834999999999999e-01 6.380752250487346e-04
9.840000000000000e-01 6.482902584061271e-04
9.844999999999999e-01 6.590015191553172e-04
9.850000000000000e-01 6.702499136997186e-04
9.854999999999999e-01 6.820678942702536e-04
9.860000000000000e-01 6.945039754046164e-04
9.864999999999999e-01 7.076504403829376e-04
9.870000000000000e-01 7.215386506481083e-04
9.874999999999999e-01 7.362407846664345e-04
9.880000000000000e-01 7.518847371206007e-04
9.884999999999999e-01 7.684895589131620e-04
9.890000000000000e-01 7.862773503216325e-04
9.894999999999999e-01 8.052961426830272e-04
9.900000000000000e-01 8.257276823484724e-04
9.904999999999999e-01 8.477623933040525e-04
9.910000000000000e-01 8.715935452037331e-04
9.914999999999999e-01 8.975194425821096e-04
9.920000000000000e-01 9.258265242141030e-04
9.924999999999999e-01 9.569338773538771e-04
9.930000000000000e-01 9.913144433790172e-04
9.934999999999999e-01 1.029598107886074e-03
9.940000000000000e-01 1.072581856001551e-03
9.944999999999999e-01 1.121296823911902e-03
9.950000000000000e-01 1.177164889637084e-03
9.954999999999999e-01 1.242105773062696e-03
9.960000000000000e-01 1.318885292804798e-03
9.964999999999999e-01 1.411579826614273e-03
9.970000000000000e-01 1.526605799654118e-03
9.974999999999999e-01 1.674614626672420e-03
9.980000000000000e-01 1.875160092651992e-03
9.984999999999999e-01 2.169056597603605e-03
9.990000000000000e-01 2.662155718436906e-03
9.994999999999999e-01 3.775352090833634e-03
