-1.000000000000000e+00 1.151598221482846e-04
-9.805000000000000e-01 1.157473338856887e-04
-9.610000000000000e-01 1.163434874647736e-04
-9.415000000000000e-01 1.169484555526757e-04
-9.219999999999999e-01 1.175624885663557e-04
-9.025000000000000e-01 1.181860013995117e-04
-8.830000000000000e-01 1.188185307060581e-04
-8.634999999999999e-01 1.194610208862590e-04
-8.440000000000000e-01 1.201135356524678e-04
-8.245000000000000e-01 1.207763558575983e-04
-8.050000000000000e-01 1.214477374672960e-04
-7.855000000000000e-01 1.221338147268211e-04
-7.660000000000000e-01 1.228290596765554e-04
-7.464999999999997e-01 1.235356039809050e-04
-7.270000000000000e-01 1.242543054540130e-04
-7.075000000000001e-01 1.249848046506735e-04
-6.879999999999998e-01 1.257279927086110e-04
-6.685000000000001e-01 1.264835432128253e-04
-6.490000000000000e-01 1.272525080193276e-04
-6.295000000000002e-01 1.280328477579322e-04
-6.100000000000001e-01 1.288314031612207e-04
-5.904999999999999e-01 1.296422246795163e-04
-5.709999999999998e-01 1.304679705383104e-04
-5.515000000000001e-01 1.313088215020580e-04
-5.320000000000001e-01 1.321655170680814e-04
-5.125000000000001e-01 1.330385156475062e-04
-4.930000000000001e-01 1.339280177340202e-04
-4.735000000000001e-01 1.348354644904502e-04
-4.540000000000000e-01 1.357605343789275e-04
-4.345000000000002e-01 1.367041517003084e-04
-4.150000000000000e-01 1.376669151561182e-04
-3.955000000000000e-01 1.386498390733425e-04
-3.759999999999999e-01 1.396526498796287e-04
-3.564999999999999e-01 1.406768846934499e-04
-3.370000000000000e-01 1.417232054480481e-04
-3.174999999999999e-01 1.427928512162025e-04
-2.979999999999999e-01 1.438825474433300e-04
-2.785000000000000e-01 1.449984244528661e-04
-2.589999999999999e-01 1.461463962932528e-04
-2.394999999999999e-01 1.473158765647942e-04
-2.199999999999999e-01 1.485128771242011e-04
-2.004999999999999e-01 1.497386930859901e-04
-1.809999999999999e-01 1.509943532835241e-04
-1.615000000000001e-01 1.522811076472030e-04
-1.420000000000001e-01 1.536003421747749e-04
-1.225000000000000e-01 1.549485577534688e-04
-1.029999999999999e-01 1.563415287616238e-04
-8.349999999999999e-02 1.577666637135140e-04
-6.400000000000007e-02 1.592303381223892e-04
-4.449999999999989e-02 1.607346072325587e-04
-2.500000000000004e-02 1.622764062175264e-04
-5.499999999999857e-03 1.638712239686911e-04
1.400000000000017e-02 1.655079352211657e-04
3.349999999999984e-02 1.671934814725594e-04
5.299999999999994e-02 1.689262089897551e-04
7.250000000000016e-02 1.707233571555290e-04
9.200000000000018e-02 1.725688070956811e-04
1.114999999999999e-01 1.744762636100493e-04
1.310000000000002e-01 1.764452933073438e-04
1.505000000000001e-01 1.784842896027705e-04
1.700000000000000e-01 1.805923206267961e-04
1.895000000000001e-01 1.827753049016960e-04
2.090000000000000e-01 1.850376964184551e-04
2.285000000000000e-01 1.873845730442805e-04
2.480000000000000e-01 1.898211415581526e-04
2.675000000000001e-01 1.923542658942471e-04
2.869999999999999e-01 1.949886334829747e-04
3.065000000000000e-01 1.977328489985417e-04
3.260000000000000e-01 2.005953626198451e-04
3.454999999999999e-01 2.035816307563050e-04
3.650000000000002e-01 2.067045054420403e-04
3.844999999999998e-01 2.099734326815224e-04
4.040000000000002e-01 2.134002962765955e-04
4.234999999999999e-01 2.169995215209268e-04
4.429999999999998e-01 2.207823034881928e-04
4.625000000000000e-01 2.247689592013229e-04
4.819999999999999e-01 2.289771586227481e-04
5.014999999999999e-01 2.334281039819625e-04
5.209999999999999e-01 2.381468376314240e-04
5.404999999999998e-01 2.431610023127706e-04
5.600000000000001e-01 2.485028593642085e-04
5.794999999999999e-01 2.542100871990323e-04
5.990000000000000e-01 2.603265186802841e-04
6.185000000000000e-01 2.669038713220868e-04
6.379999999999999e-01 2.740056391226019e-04
6.575000000000000e-01 2.816974544832207e-04
6.769999999999998e-01 2.900757133708697e-04
6.965000000000001e-01 2.992478837453816e-04
7.160000000000000e-01 3.093434622458273e-04
7.354999999999998e-01 3.205287390912668e-04
7.549999999999999e-01 3.330268156905909e-04
7.745000000000000e-01 3.471020210437100e-04
7.940000000000000e-01 3.631314508158467e-04
8.134999999999999e-01 3.816045499776908e-04
8.329999999999997e-01 4.032219644813867e-04
8.525000000000000e-01 4.289782366410054e-04
8.719999999999999e-01 4.604178188867024e-04
8.915000000000000e-01 4.999771681949925e-04
9.110000000000000e-01 5.518960748024952e-04
9.304999999999999e-01 6.297025949441067e-04
9.500000000000000e-01 7.368150274629300e-04
9.504999999999999e-01 7.404422497142354e-04
9.510000000000000e-01 7.440744166031971e-04
9.514999999999999e-01 7.478381577905367e-04
9.520000000000000e-01 7.515867848689417e-04
9.524999999999999e-01 7.554304600183183e-04
9.530000000000000e-01 7.593628306269567e-04
9.534999999999999e-01 7.633203880486782e-04
9.540000000000000e-01 7.673252602868229e-04
9.544999999999999e-01 7.714251381087952e-04
9.550000000000000e-01 7.755650213117087e-04
9.554999999999999e-01 7.798115512253714e-04
9.560000000000000e-01 7.841488933677183e-04
9.564999999999999e-01 7.885167466022418e-04
9.570000000000000e-01 7.930280167293941e-04
9.574999999999999e-01 7.975588008410003e-04
9.580000000000000e-01 8.021669442731651e-04
9.584999999999999e-01 8.068861534541607e-04
9.590000000000000e-01 8.116886832792073e-04
9.594999999999999e-01 8.166023866166992e-04
9.600000000000000e-01 8.215977207770076e-04
9.604999999999999e-01 8.266834263782283e-04
9.610000000000000e-01 8.318676433513364e-04
9.614999999999999e-01 8.371528321452332e-04
9.620000000000000e-01 8.425347709026872e-04
9.624999999999999e-01 8.480456579385904e-04
9.630000000000000e-01 8.536622236064954e-04
9.634999999999999e-01 8.593924870226499e-04
9.640000000000000e-01 8.652702889557158e-04
9.644999999999999e-01 8.712464316299438e-04
9.650000000000000e-01 8.773088221037662e-04
9.654999999999999e-01 8.835475630620538e-04
9.660000000000000e-01 8.899519354538322e-04
9.664999999999999e-01 8.964782672483933e-04
9.670000000000000e-01 9.031552491834112e-04
9.674999999999999e-01 9.099672532170362e-04
9.680000000000000e-01 9.169963779366302e-04
9.684999999999999e-01 9.241338999060252e-04
9.690000000000000e-01 9.314663871080604e-04
9.694999999999999e-01 9.389831495577994e-04
9.700000000000000e-01 9.466614846369044e-04
9.704999999999999e-01 9.545891384404565e-04
9.710000000000000e-01 9.626949210741805e-04
9.714999999999999e-01 9.710374299224590e-04
9.720000000000000e-01 9.795469060525067e-04
9.724999999999999e-01 9.883349790720797e-04
9.730000000000000e-01 9.973703098552066e-04
9.734999999999999e-01 1.006655053012529e-03
9.740000000000000e-01 1.016183246313695e-03
9.744999999999999e-01 1.026018515809106e-03
9.750000000000000e-01 1.036173029551987e-03
9.754999999999999e-01 1.046593948275777e-03
9.760000000000000e-01 1.057351141635253e-03
9.764999999999999e-01 1.068464711801608e-03
9.770000000000000e-01 1.079942635864932e-03
9.774999999999999e-01 1.091829638896257e-03
9.780000000000000e-01 1.104083223438489e-03
9.784999999999999e-01 1.116761226839887e-03
9.790000000000000e-01 1.129901290694519e-03
9.794999999999999e-01 1.143551021686550e-03
9.800000000000000e-01 1.157662522727291e-03
9.804999999999999e-01 1.172365553766745e-03
9.810000000000000e-01 1.187625202658795e-03
9.814999999999999e-01 1.203504043555321e-03
9.820000000000000e-01 1.220023207398844e-03
9.824999999999999e-01 1.237270844305635e-03
9.830000000000000e-01 1.255269456604402e-03
9.834999999999999e-01 1.274167455821569e-03
9.840000000000000e-01 1.293798575315312e-03
9.844999999999999e-01 1.314465563462331e-03
9.850000000000000e-01 1.336146268421596e-03
9.854999999999999e-01 1.358942826289589e-03
9.860000000000000e-01 1.382959677045737e-03
9.864999999999999e-01 1.408312988475733e-03
9.870000000000000e-01 1.435068205316911e-03
9.874999999999999e-01 1.463459171228201e-03
9.880000000000000e-01 1.493607654276830e-03
9.884999999999999e-01 1.525732376968057e-03
9.890000000000000e-01 1.559991081498097e-03
9.894999999999999e-01 1.596721967601495e-03
9.900000000000000e-01 1.636142147465163e-03
9.904999999999999e-01 1.678651709895439e-03
9.910000000000000e-01 1.724634785360921e-03
9.914999999999999e-01 1.774715398115604e-03
9.920000000000000e-01 1.829347189027555e-03
9.924999999999999e-01 1.889395372833457e-03
9.930000000000000e-01 1.955760952740354e-03
9.934999999999999e-01 2.029709637731012e-03
9.940000000000000e-01 2.112667584079655e-03
9.944999999999999e-01 2.206699919970315e-03
9.950000000000000e-01 2.314643462368052e-03
9.954999999999999e-01 2.440027285331728e-03
9.960000000000000e-01 2.588316083582079e-03
9.964999999999999e-01 2.767350726725108e-03
9.970000000000000e-01 2.989484250292152e-03
9.974999999999999e-01 3.275241748526469e-03
9.980000000000000e-01 3.662728980182030e-03
9.984999999999999e-01 4.230426472020567e-03
9.990000000000000e-01 5.182907564203620e-03
9.994999999999999e-01 7.333283313008396e-03
