-1.000000000000000e+00 2.562252295805038e-05
-9.994965423831851e-01 2.562602963088409e-05
-9.979866764718843e-01 2.563655601615339e-05
-9.954719225730846e-01 2.565429067261700e-05
-9.919548128307953e-01 2.567870815530676e-05
-9.874388886763943e-01 2.571038058798403e-05
-9.819286972627066e-01 2.574936253905063e-05
-9.754297868854070e-01 2.579507995092517e-05
-9.679487013963562e-01 2.584820404792012e-05
-9.594929736144974e-01 2.590878371685817e-05
-9.500711177409453e-01 2.597640199229877e-05
-9.396926207859083e-01 2.605148393679750e-05
-9.283679330160726e-01 2.613396749408606e-05
-9.161084574320695e-01 2.622404691521370e-05
-9.029265382866211e-01 2.632183890683429e-05
-8.888354486549234e-01 2.642736927662158e-05
-8.738493770697849e-01 2.654069880502183e-05
-8.579834132349771e-01 2.666217557272044e-05
-8.412535328311810e-01 2.679182022739957e-05
-8.236765814298327e-01 2.692958947908790e-05
-8.052702575310586e-01 2.707593876998733e-05
-7.860530947427873e-01 2.723073063845288e-05
-7.660444431189779e-01 2.739444690658473e-05
-7.452644496757547e-01 2.756701642534324e-05
-7.237340381050702e-01 2.774874001765457e-05
-7.014748877063210e-01 2.793988533434219e-05
-6.785094115571321e-01 2.814077673217625e-05
-6.548607339452851e-01 2.835148312523932e-05
-6.305526670845222e-01 2.857221383624657e-05
-6.056096871376665e-01 2.880336266424963e-05
-5.800569095711980e-01 2.904526944490834e-05
-5.539200638661103e-01 2.929808450603348e-05
-5.272254676105025e-01 2.956224922341181e-05
-4.999999999999998e-01 2.983798899558521e-05
-4.722710747726826e-01 3.012586109856252e-05
-4.440666126057737e-01 3.042617593851164e-05
-4.154150130018863e-01 3.073914721818876e-05
-3.863451256931285e-01 3.106517742166880e-05
-3.568862215918718e-01 3.140530509917844e-05
-3.270679633174214e-01 3.175947316706912e-05
-2.969203753282748e-01 3.212836769266059e-05
-2.664738136900348e-01 3.251244600191727e-05
-2.357589355094272e-01 3.291229216793320e-05
-2.048066680651905e-01 3.332862697238347e-05
-1.736481776669303e-01 3.376202382866854e-05
-1.423148382732850e-01 3.421319618388519e-05
-1.108381999010110e-01 3.468291564672986e-05
-7.924995685678832e-02 3.517196524137071e-05
-4.758191582374206e-02 3.568112138410626e-05
-1.586596383480781e-02 3.621116495651897e-05
1.586596383480815e-02 3.676325908455509e-05
4.758191582374240e-02 3.734087870825524e-05
7.924995685678866e-02 3.793750388163143e-05
1.108381999010111e-01 3.856187513088383e-05
1.423148382732853e-01 3.921267168363460e-05
1.736481776669304e-01 3.989132011562619e-05
2.048066680651908e-01 4.059920255870535e-05
2.357589355094273e-01 4.133778399074805e-05
2.664738136900351e-01 4.210888818714290e-05
2.969203753282749e-01 4.291416458288165e-05
3.270679633174218e-01 4.376024696665365e-05
3.568862215918719e-01 4.463549809595386e-05
3.863451256931288e-01 4.556201174325884e-05
4.154150130018864e-01 4.651952764789304e-05
4.440666126057742e-01 4.752909058816184e-05
4.722710747726827e-01 4.858964546669673e-05
5.000000000000003e-01 4.969813157037186e-05
5.272254676105026e-01 5.086471447186009e-05
5.539200638661104e-01 5.209100890595343e-05
5.800569095711982e-01 5.338235015796365e-05
6.056096871376669e-01 5.474307308726406e-05
6.305526670845226e-01 5.617897239417066e-05
6.548607339452851e-01 5.769651636035386e-05
6.785094115571322e-01 5.930289192580456e-05
7.014748877063215e-01 6.100632274573069e-05
7.237340381050703e-01 6.281617965118256e-05
7.452644496757548e-01 6.474326574085681e-05
7.660444431189780e-01 6.680008512365386e-05
7.860530947427876e-01 6.900121687070077e-05
8.052702575310586e-01 7.136390644296268e-05
8.236765814298328e-01 7.390835535429471e-05
8.412535328311813e-01 7.665897882004049e-05
8.579834132349772e-01 7.964527114379686e-05
8.738493770697850e-01 8.290319699204850e-05
8.888354486549235e-01 8.647755122429785e-05
9.029265382866214e-01 9.042467807175106e-05
9.161084574320697e-01 9.481673135851674e-05
9.283679330160727e-01 9.974801024614818e-05
9.396926207859083e-01 1.053446179111437e-04
9.500711177409454e-01 1.117798546583068e-04
9.594929736144975e-01 1.192987025410807e-04
9.679487013963562e-01 1.282634432002472e-04
9.754297868854070e-01 1.392330728210966e-04
9.819286972627067e-01 1.531251296762926e-04
9.874388886763944e-01 1.715703306336209e-04
9.919548128307953e-01 1.977889907187665e-04
9.954719225730846e-01 2.392259853123866e-04
9.979866764718844e-01 3.180545874097620e-04
9.994965423831851e-01 5.479007178547426e-04
1.000000000000000e+00 3.118862575647187e+00
