-1.000000000000000e+00 1.672289644156044e-07
-9.994965423831851e-01 1.672496326247925e-07
-9.979866764718843e-01 1.673307547178111e-07
-9.954719225730846e-01 1.674598880293864e-07
-9.919548128307953e-01 1.677909466979468e-07
-9.874388886763943e-01 1.678196810267032e-07
-9.819286972627066e-01 1.679411460519743e-07
-9.754297868854070e-01 1.692474489151245e-07
-9.679487013963562e-01 1.699691430739311e-07
-9.594929736144974e-01 1.759505365956824e-07
-9.500711177409453e-01 1.764806248736462e-07
-9.396926207859083e-01 1.688926712344847e-07
-9.283679330160726e-01 1.694172372038423e-07
-9.161084574320695e-01 1.702251997841439e-07
-9.029265382866211e-01 1.792082774793621e-07
-8.888354486549234e-01 1.800038439341348e-07
-8.738493770697849e-01 1.804009331640447e-07
-8.579834132349771e-01 1.731107518717586e-07
-8.412535328311810e-01 1.745003060719708e-07
-8.236765814298327e-01 1.760291125285975e-07
-8.052702575310586e-01 1.771232771666487e-07
-7.860530947427873e-01 1.763074652105145e-07
-7.660444431189779e-01 1.771343905371915e-07
-7.452644496757547e-01 1.781631224452662e-07
-7.237340381050702e-01 1.750647941345663e-07
-7.014748877063210e-01 1.771706582671986e-07
-6.785094115571321e-01 1.774001897098085e-07
-6.548607339452851e-01 1.868748403966669e-07
-6.305526670845222e-01 1.889063753075348e-07
-6.056096871376665e-01 1.906495596651996e-07
-5.800569095711980e-01 1.925415104679463e-07
-5.539200638661103e-01 1.970444158831484e-07
-5.272254676105025e-01 1.995621689177873e-07
-4.999999999999998e-01 2.076256308160661e-07
-4.722710747726826e-01 2.101070984859447e-07
-4.440666126057737e-01 2.014037977341148e-07
-4.154150130018863e-01 2.170549486299997e-07
-3.863451256931285e-01 2.186833561388410e-07
-3.568862215918718e-01 2.214223816362185e-07
-3.270679633174214e-01 2.188404842901696e-07
-2.969203753282748e-01 2.220650967147728e-07
-2.664738136900348e-01 2.258968241511612e-07
-2.357589355094272e-01 2.297644054373588e-07
-2.048066680651905e-01 2.292523370958665e-07
-1.736481776669303e-01 2.414422249859947e-07
-1.423148382732850e-01 2.458032668627518e-07
-1.108381999010110e-01 2.459598814433315e-07
-7.924995685678832e-02 2.504230535273081e-07
-4.758191582374206e-02 2.548221984350857e-07
-1.586596383480781e-02 2.531727773288541e-07
1.586596383480815e-02 2.652691746401727e-07
4.758191582374240e-02 2.765951859932894e-07
7.924995685678866e-02 2.764953187324177e-07
1.108381999010111e-01 2.875456364829854e-07
1.423148382732853e-01 2.888798714836502e-07
1.736481776669304e-01 2.956539796216508e-07
2.048066680651908e-01 3.028387462816883e-07
2.357589355094273e-01 3.100351029526143e-07
2.664738136900351e-01 3.184328150440262e-07
2.969203753282749e-01 3.269365103693137e-07
3.270679633174218e-01 3.361305554024964e-07
3.568862215918719e-01 3.455235100755468e-07
3.863451256931288e-01 3.559655331831226e-07
4.154150130018864e-01 3.689720149645457e-07
4.440666126057742e-01 3.790170153949128e-07
4.722710747726827e-01 3.907878703690052e-07
5.000000000000003e-01 3.980545684040766e-07
5.272254676105026e-01 4.179533024409257e-07
5.539200638661104e-01 4.323299923265249e-07
5.800569095711982e-01 4.474194794510385e-07
6.056096871376669e-01 4.676743959754140e-07
6.305526670845226e-01 4.838469175652234e-07
6.548607339452851e-01 5.103861773598019e-07
6.785094115571322e-01 5.227315821942990e-07
7.014748877063215e-01 5.501047491048679e-07
7.237340381050703e-01 5.749882624199017e-07
7.452644496757548e-01 6.022550373014118e-07
7.660444431189780e-01 6.365587705491648e-07
7.860530947427876e-01 6.637793837517637e-07
8.052702575310586e-01 7.031877053568544e-07
8.236765814298328e-01 7.428908349864404e-07
8.412535328311813e-01 7.868324199808468e-07
8.579834132349772e-01 8.451700250685068e-07
8.738493770697850e-01 9.059836008496290e-07
8.888354486549235e-01 9.696515520576993e-07
9.029265382866214e-01 1.046435995707931e-06
9.161084574320697e-01 1.133134881310285e-06
9.283679330160727e-01 1.235287988531948e-06
9.396926207859083e-01 1.360476839209970e-06
9.500711177409454e-01 1.508662401886583e-06
9.594929736144975e-01 1.689843867257817e-06
9.679487013963562e-01 1.916770097539153e-06
9.754297868854070e-01 2.209569303604466e-06
9.819286972627067e-01 2.596388859667706e-06
9.874388886763944e-01 3.144466118011898e-06
9.919548128307953e-01 3.967798380761282e-06
9.954719225730846e-01 5.341212415572884e-06
9.979866764718844e-01 8.091554955100389e-06
9.994965423831851e-01 1.634804335190766e-05
1.000000000000000e+00 1.169651700562306e-01
