-1.000000000000000e+00 7.816419881246933e-07
-9.994965423831851e-01 7.817536965660713e-07
-9.979866764718843e-01 7.820790275024009e-07
-9.954719225730846e-01 7.827323108883461e-07
-9.919548128307953e-01 7.835590002334764e-07
-9.874388886763943e-01 7.846458927181066e-07
-9.819286972627066e-01 7.858248495906071e-07
-9.754297868854070e-01 7.876878613928197e-07
-9.679487013963562e-01 7.894168737723363e-07
-9.594929736144974e-01 7.914825358304386e-07
-9.500711177409453e-01 7.938900808933515e-07
-9.396926207859083e-01 7.967220531421569e-07
-9.283679330160726e-01 7.993838587647952e-07
-9.161084574320695e-01 8.024863618496438e-07
-9.029265382866211e-01 8.058733461703992e-07
-8.888354486549234e-01 8.096935151130365e-07
-8.738493770697849e-01 8.137196422057146e-07
-8.579834132349771e-01 8.178373001718573e-07
-8.412535328311810e-01 8.223897297059800e-07
-8.236765814298327e-01 8.272840131919353e-07
-8.052702575310586e-01 8.324076461917002e-07
-7.860530947427873e-01 8.378606847577432e-07
-7.660444431189779e-01 8.435947162213000e-07
-7.452644496757547e-01 8.499480509585746e-07
-7.237340381050702e-01 8.562378775809618e-07
-7.014748877063210e-01 8.629865727308381e-07
-6.785094115571321e-01 8.702036476200842e-07
-6.548607339452851e-01 8.776795763770040e-07
-6.305526670845222e-01 8.860538977170746e-07
-6.056096871376665e-01 8.939282840191431e-07
-5.800569095711980e-01 9.025673612227316e-07
-5.539200638661103e-01 9.118043234729900e-07
-5.272254676105025e-01 9.213744482350967e-07
-4.999999999999998e-01 9.314559046201597e-07
-4.722710747726826e-01 9.419053908820252e-07
-4.440666126057737e-01 9.529301918964730e-07
-4.154150130018863e-01 9.644546550595252e-07
-3.863451256931285e-01 9.765248460158726e-07
-3.568862215918718e-01 9.891699644585645e-07
-3.270679633174214e-01 1.002397906986378e-06
-2.969203753282748e-01 1.016573839935130e-06
-2.664738136900348e-01 1.030660476035760e-06
-2.357589355094272e-01 1.045729513057051e-06
-2.048066680651905e-01 1.061514169079428e-06
-1.736481776669303e-01 1.078118354500308e-06
-1.423148382732850e-01 1.094864824276700e-06
-1.108381999010110e-01 1.113707994316988e-06
-7.924995685678832e-02 1.132347840887066e-06
-4.758191582374206e-02 1.152592161335883e-06
-1.586596383480781e-02 1.173829832572099e-06
1.586596383480815e-02 1.195640932575210e-06
4.758191582374240e-02 1.220194158814797e-06
7.924995685678866e-02 1.242960280660430e-06
1.108381999010111e-01 1.268322757499181e-06
1.423148382732853e-01 1.359309539802788e-06
1.736481776669304e-01 1.323268183415431e-06
2.048066680651908e-01 1.352996160005859e-06
2.357589355094273e-01 1.384312021243656e-06
2.664738136900351e-01 1.417143870587951e-06
2.969203753282749e-01 1.451967390610024e-06
3.270679633174218e-01 1.488840463117305e-06
3.568862215918719e-01 1.527680972462530e-06
3.863451256931288e-01 1.569155649944977e-06
4.154150130018864e-01 1.613117956373968e-06
4.440666126057742e-01 1.659375395931402e-06
4.722710747726827e-01 1.709055568529198e-06
5.000000000000003e-01 1.761699301918348e-06
5.272254676105026e-01 1.818043079810768e-06
5.539200638661104e-01 1.877633500252923e-06
5.800569095711982e-01 1.942772970169818e-06
6.056096871376669e-01 2.012095025531366e-06
6.305526670845226e-01 2.076769415011426e-06
6.548607339452851e-01 2.165764963257342e-06
6.785094115571322e-01 2.248668233283109e-06
7.014748877063215e-01 2.346232168610206e-06
7.237340381050703e-01 2.448385880253569e-06
7.452644496757548e-01 2.556210053528633e-06
7.660444431189780e-01 2.681330158208719e-06
7.860530947427876e-01 2.810268242773516e-06
8.052702575310586e-01 2.962866622840910e-06
8.236765814298328e-01 3.179023576236637e-06
8.412535328311813e-01 3.330084616760982e-06
8.579834132349772e-01 3.536184561812933e-06
8.738493770697850e-01 3.760809171698055e-06
8.888354486549235e-01 4.011267484775652e-06
9.029265382866214e-01 4.305973682288495e-06
9.161084574320697e-01 4.635070811290250e-06
9.283679330160727e-01 5.041340080031168e-06
9.396926207859083e-01 5.516352892269467e-06
9.500711177409454e-01 6.082028066004384e-06
9.594929736144975e-01 6.778549293492455e-06
9.679487013963562e-01 7.668121291516526e-06
9.754297868854070e-01 8.796272593364688e-06
9.819286972627067e-01 1.031661830800722e-05
9.874388886763944e-01 1.244833056101326e-05
9.919548128307953e-01 1.563764302278830e-05
9.954719225730846e-01 2.095859586513181e-05
9.979866764718844e-01 3.164759306470495e-05
9.994965423831851e-01 6.369794998618608e-05
1.000000000000000e+00 4.541114654255472e-01
