-1.000000000000000e+00 1.153394492951824e-05
-9.805000000000000e-01 1.159547045020077e-05
-9.610000000000000e-01 1.165785175888086e-05
-9.415000000000000e-01 1.172102756933616e-05
-9.219999999999999e-01 1.178512493848165e-05
-9.025000000000000e-01 1.185006226726747e-05
-8.830000000000000e-01 1.191594212293544e-05
-8.634999999999999e-01 1.198275373885708e-05
-8.440000000000000e-01 1.205050027769085e-05
-8.245000000000000e-01 1.211923166377307e-05
-8.050000000000000e-01 1.218896305446921e-05
-7.855000000000000e-01 1.225972719816628e-05
-7.660000000000000e-01 1.233155043211362e-05
-7.464999999999997e-01 1.240441074390984e-05
-7.270000000000000e-01 1.247840225383766e-05
-7.075000000000001e-01 1.255352932567527e-05
-6.879999999999998e-01 1.262982149325117e-05
-6.685000000000001e-01 1.270731159881464e-05
-6.490000000000000e-01 1.278601766377954e-05
-6.295000000000002e-01 1.286599284748927e-05
-6.100000000000001e-01 1.294726642812821e-05
-5.904999999999999e-01 1.303005826333899e-05
-5.709999999999998e-01 1.311387697687334e-05
-5.515000000000001e-01 1.319929806550254e-05
-5.320000000000001e-01 1.328607162567782e-05
-5.125000000000001e-01 1.337437740915507e-05
-4.930000000000001e-01 1.346424795343415e-05
-4.735000000000001e-01 1.355570479931229e-05
-4.540000000000000e-01 1.364909513226040e-05
-4.345000000000002e-01 1.374352307087465e-05
-4.150000000000000e-01 1.384001977803413e-05
-3.955000000000000e-01 1.393837366443414e-05
-3.759999999999999e-01 1.403849797630422e-05
-3.564999999999999e-01 1.414072165325053e-05
-3.370000000000000e-01 1.424450967783904e-05
-3.174999999999999e-01 1.435061727716047e-05
-2.979999999999999e-01 1.445877584427100e-05
-2.785000000000000e-01 1.456896528157044e-05
-2.589999999999999e-01 1.468154988062413e-05
-2.394999999999999e-01 1.479652875728540e-05
-2.199999999999999e-01 1.491381471307402e-05
-2.004999999999999e-01 1.503368874088886e-05
-1.809999999999999e-01 1.515614930366509e-05
-1.615000000000001e-01 1.528127022492609e-05
-1.420000000000001e-01 1.540923464661198e-05
-1.225000000000000e-01 1.554031220884874e-05
-1.029999999999999e-01 1.567406826455803e-05
-8.349999999999999e-02 1.581130630384427e-05
-6.400000000000007e-02 1.595151567944716e-05
-4.449999999999989e-02 1.609533048917591e-05
-2.500000000000004e-02 1.624271182217350e-05
-5.499999999999857e-03 1.639383186968549e-05
1.400000000000017e-02 1.654888445300022e-05
3.349999999999984e-02 1.670800347998305e-05
5.299999999999994e-02 1.687136952182841e-05
7.250000000000016e-02 1.703929458007110e-05
9.200000000000018e-02 1.721176288235867e-05
1.114999999999999e-01 1.738924904815820e-05
1.310000000000002e-01 1.757194117779421e-05
1.505000000000001e-01 1.776006248046839e-05
1.700000000000000e-01 1.795387418824409e-05
1.895000000000001e-01 1.815379576079821e-05
2.090000000000000e-01 1.836009443520274e-05
2.285000000000000e-01 1.857322027190908e-05
2.480000000000000e-01 1.879339322168725e-05
2.675000000000001e-01 1.902115537561614e-05
2.869999999999999e-01 1.925697815873916e-05
3.065000000000000e-01 1.950142848993668e-05
3.260000000000000e-01 1.975498463584578e-05
3.454999999999999e-01 2.001838785727901e-05
3.650000000000002e-01 2.029203041091082e-05
3.844999999999998e-01 2.057702825672252e-05
4.040000000000002e-01 2.087390941172507e-05
4.234999999999999e-01 2.118368954629176e-05
4.429999999999998e-01 2.150749566893135e-05
4.625000000000000e-01 2.184636742800819e-05
4.819999999999999e-01 2.220170995420325e-05
5.014999999999999e-01 2.257480700246709e-05
5.209999999999999e-01 2.296742427761903e-05
5.404999999999998e-01 2.338140759778806e-05
5.600000000000001e-01 2.381892256494127e-05
5.794999999999999e-01 2.428244697848504e-05
5.990000000000000e-01 2.477477069714996e-05
6.185000000000000e-01 2.529931879465201e-05
6.379999999999999e-01 2.586001854181724e-05
6.575000000000000e-01 2.646151609274391e-05
6.769999999999998e-01 2.711122254953753e-05
6.965000000000001e-01 2.781056008562449e-05
7.160000000000000e-01 2.857574206265623e-05
7.354999999999998e-01 2.940639788792368e-05
7.549999999999999e-01 3.032631598034358e-05
7.745000000000000e-01 3.134640893199433e-05
7.940000000000000e-01 3.248967562487581e-05
8.134999999999999e-01 3.378509264332258e-05
8.329999999999997e-01 3.527301568991714e-05
8.525000000000000e-01 3.701076824146998e-05
8.719999999999999e-01 3.908448424693967e-05
8.915000000000000e-01 4.163440068862555e-05
9.110000000000000e-01 4.487809428378233e-05
9.304999999999999e-01 4.926784209409080e-05
9.500000000000000e-01 5.576674555271509e-05
9.504999999999999e-01 5.597815146566894e-05
9.510000000000000e-01 5.619254823125126e-05
9.514999999999999e-01 5.641007709366249e-05
9.520000000000000e-01 5.663056030754880e-05
9.524999999999999e-01 5.685433116728773e-05
9.530000000000000e-01 5.708188285066323e-05
9.534999999999999e-01 5.731178947901551e-05
9.540000000000000e-01 5.754575747266757e-05
9.544999999999999e-01 5.778321959535955e-05
9.550000000000000e-01 5.802437051757536e-05
9.554999999999999e-01 5.826811928014018e-05
9.560000000000000e-01 5.851840322744496e-05
9.564999999999999e-01 5.877069251094486e-05
9.570000000000000e-01 5.902720136357247e-05
9.574999999999999e-01 5.928835974922145e-05
9.580000000000000e-01 5.955369122012095e-05
9.584999999999999e-01 5.982327398274500e-05
9.590000000000000e-01 6.009758752450832e-05
9.594999999999999e-01 6.037655975437591e-05
9.600000000000000e-01 6.065980875500715e-05
9.604999999999999e-01 6.094924030717648e-05
9.610000000000000e-01 6.124335331373234e-05
9.614999999999999e-01 6.154246717938359e-05
9.620000000000000e-01 6.184727462816168e-05
9.624999999999999e-01 6.215766351762922e-05
9.630000000000000e-01 6.247396954056655e-05
9.634999999999999e-01 6.279625332858845e-05
9.640000000000000e-01 6.312480770308122e-05
9.644999999999999e-01 6.345983217079494e-05
9.650000000000000e-01 6.380152239009766e-05
9.654999999999999e-01 6.415013111583023e-05
9.660000000000000e-01 6.450594199053742e-05
9.664999999999999e-01 6.486912016732939e-05
9.670000000000000e-01 6.524001828775913e-05
9.674999999999999e-01 6.561883058144506e-05
9.680000000000000e-01 6.600604140349902e-05
9.684999999999999e-01 6.640183987951961e-05
9.690000000000000e-01 6.680657235433667e-05
9.694999999999999e-01 6.722059931583808e-05
9.700000000000000e-01 6.764431088586007e-05
9.704999999999999e-01 6.807809834844844e-05
9.710000000000000e-01 6.852238315876301e-05
9.714999999999999e-01 6.897761014923901e-05
9.720000000000000e-01 6.944423633344753e-05
9.724999999999999e-01 6.992285927744695e-05
9.730000000000000e-01 7.041389912829563e-05
9.734999999999999e-01 7.091800395259471e-05
9.740000000000000e-01 7.143575957441215e-05
9.744999999999999e-01 7.196782740977176e-05
9.750000000000000e-01 7.251488147789060e-05
9.754999999999999e-01 7.307777671693501e-05
9.760000000000000e-01 7.365708559944523e-05
9.764999999999999e-01 7.425379719662177e-05
9.770000000000000e-01 7.486897148493307e-05
9.774999999999999e-01 7.550339130572471e-05
9.780000000000000e-01 7.615823581037990e-05
9.784999999999999e-01 7.683466206001439e-05
9.790000000000000e-01 7.753382595743961e-05
9.794999999999999e-01 7.825717653482470e-05
9.800000000000000e-01 7.900619605504984e-05
9.804999999999999e-01 7.978246116993846e-05
9.810000000000000e-01 8.058767456398122e-05
9.814999999999999e-01 8.142388881305615e-05
9.820000000000000e-01 8.229307499966588e-05
9.824999999999999e-01 8.319753199043092e-05
9.830000000000000e-01 8.413987555763757e-05
9.834999999999999e-01 8.512290325538358e-05
9.840000000000000e-01 8.614963737079646e-05
9.844999999999999e-01 8.722362584921112e-05
9.850000000000000e-01 8.834864889983065e-05
9.854999999999999e-01 8.952903082817113e-05
9.860000000000000e-01 9.076967400311472e-05
9.864999999999999e-01 9.207591904836621e-05
9.870000000000000e-01 9.345384540563961e-05
9.874999999999999e-01 9.491094189757252e-05
9.880000000000000e-01 9.645480038223118e-05
9.884999999999999e-01 9.809469020504085e-05
9.890000000000000e-01 9.984142024979024e-05
9.894999999999999e-01 1.017073829099514e-04
9.900000000000000e-01 1.037072922479210e-04
9.904999999999999e-01 1.058579331280925e-04
9.910000000000000e-01 1.081801758463478e-04
9.914999999999999e-01 1.106986283221765e-04
9.920000000000000e-01 1.134430913833469e-04
9.924999999999999e-01 1.164503628812691e-04
9.930000000000000e-01 1.197664379722019e-04
9.934999999999999e-01 1.234484220803525e-04
9.940000000000000e-01 1.275713576091664e-04
9.944999999999999e-01 1.322322843294784e-04
9.950000000000000e-01 1.375618565927609e-04
9.954999999999999e-01 1.437404967054443e-04
9.960000000000000e-01 1.510222327399015e-04
9.964999999999999e-01 1.597891851893456e-04
9.970000000000000e-01 1.706334212163846e-04
9.974999999999999e-01 1.875130883891212e-04
9.980000000000000e-01 2.045222519672983e-04
9.984999999999999e-01 2.309877021791961e-04
9.990000000000000e-01 2.760100341970059e-04
9.994999999999999e-01 3.782443116983554e-04
