-1.000000000000000e+00 3.347883120017803e-05
-9.994965423831851e-01 3.348324703488624e-05
-9.979866764718843e-01 3.349650333801228e-05
-9.954719225730846e-01 3.351862181401394e-05
-9.919548128307953e-01 3.354959180476310e-05
-9.874388886763943e-01 3.358946508800155e-05
-9.819286972627066e-01 3.363835918276126e-05
-9.754297868854070e-01 3.369614150605925e-05
-9.679487013963562e-01 3.376301121750555e-05
-9.594929736144974e-01 3.383911934593514e-05
-9.500711177409453e-01 3.392431450544223e-05
-9.396926207859083e-01 3.401883108331305e-05
-9.283679330160726e-01 3.412265072721125e-05
-9.161084574320695e-01 3.423619611761388e-05
-9.029265382866211e-01 3.435922318866405e-05
-8.888354486549234e-01 3.449202977982353e-05
-8.738493770697849e-01 3.463455901944354e-05
-8.579834132349771e-01 3.478719900439507e-05
-8.412535328311810e-01 3.495007208566132e-05
-8.236765814298327e-01 3.512332840435976e-05
-8.052702575310586e-01 3.530712023183038e-05
-7.860530947427873e-01 3.550179624068519e-05
-7.660444431189779e-01 3.570745553945030e-05
-7.452644496757547e-01 3.592414629744857e-05
-7.237340381050702e-01 3.615240965656561e-05
-7.014748877063210e-01 3.639231267822638e-05
-6.785094115571321e-01 3.664433395731572e-05
-6.548607339452851e-01 3.690890472526063e-05
-6.305526670845222e-01 3.718595961395315e-05
-6.056096871376665e-01 3.747586458286637e-05
-5.800569095711980e-01 3.777910912824135e-05
-5.539200638661103e-01 3.809629129685657e-05
-5.272254676105025e-01 3.842735319706138e-05
-4.999999999999998e-01 3.877298051262376e-05
-4.722710747726826e-01 3.913365684365480e-05
-4.440666126057737e-01 3.950980484917329e-05
-4.154150130018863e-01 3.990179240829849e-05
-3.863451256931285e-01 4.031039002232806e-05
-3.568862215918718e-01 4.073592141262856e-05
-3.270679633174214e-01 4.117929045272746e-05
-2.969203753282748e-01 4.164091210320613e-05
-2.664738136900348e-01 4.212171445332673e-05
-2.357589355094272e-01 4.262210500704077e-05
-2.048066680651905e-01 4.314273627742464e-05
-1.736481776669303e-01 4.368488879372208e-05
-1.423148382732850e-01 4.424931648777884e-05
-1.108381999010110e-01 4.483665079088985e-05
-7.924995685678832e-02 4.544801691099018e-05
-4.758191582374206e-02 4.608449406382717e-05
-1.586596383480781e-02 4.674711937935179e-05
1.586596383480815e-02 4.743707821789374e-05
4.758191582374240e-02 4.815562997979985e-05
7.924995685678866e-02 4.890413433880854e-05
1.108381999010111e-01 4.968404190285397e-05
1.423148382732853e-01 5.049679691770091e-05
1.736481776669304e-01 5.134405366781958e-05
2.048066680651908e-01 5.222751047414284e-05
2.357589355094273e-01 5.314919553623654e-05
2.664738136900351e-01 5.411104431383972e-05
2.969203753282749e-01 5.511508230876584e-05
3.270679633174218e-01 5.616383833993913e-05
3.568862215918719e-01 5.725973331733978e-05
3.863451256931288e-01 5.840556660351239e-05
4.154150130018864e-01 5.960438043250000e-05
4.440666126057742e-01 6.085923785757547e-05
4.722710747726827e-01 6.217369231618079e-05
5.000000000000003e-01 6.355175207425544e-05
5.272254676105026e-01 6.499758109981878e-05
5.539200638661104e-01 6.651587800130207e-05
5.800569095711982e-01 6.811187685027784e-05
6.056096871376669e-01 6.979147262835070e-05
6.305526670845226e-01 7.156068527486227e-05
6.548607339452851e-01 7.342716044378522e-05
6.785094115571322e-01 7.539886575537449e-05
7.014748877063215e-01 7.748505850699188e-05
7.237340381050703e-01 7.969617041568111e-05
7.452644496757548e-01 8.204425812734687e-05
7.660444431189780e-01 8.454322528308711e-05
7.860530947427876e-01 8.720911121690180e-05
8.052702575310586e-01 9.006082014419461e-05
8.236765814298328e-01 9.312065850181252e-05
8.412535328311813e-01 9.641515091469593e-05
8.579834132349772e-01 9.997632914315306e-05
8.738493770697850e-01 1.038430531499672e-04
8.888354486549235e-01 1.080642765870709e-04
9.029265382866214e-01 1.126983699733094e-04
9.161084574320697e-01 1.178239123993818e-04
9.283679330160727e-01 1.235403790335918e-04
9.396926207859083e-01 1.299803705073257e-04
9.500711177409454e-01 1.373250758807716e-04
9.594929736144975e-01 1.458296009128455e-04
9.679487013963562e-01 1.558677907201473e-04
9.754297868854070e-01 1.680126284577859e-04
9.819286972627067e-01 1.831997336691683e-04
9.874388886763944e-01 2.030781617997299e-04
9.919548128307953e-01 2.308873993369799e-04
9.954719225730846e-01 2.740708050760488e-04
9.979866764718844e-01 3.546911188253768e-04
9.994965423831851e-01 5.821645899556336e-04
1.000000000000000e+00 3.086469524193442e+00
