-1.000000000000000e+00 4.349373496948967e-05
-9.994965423831851e-01 4.349918424267758e-05
-9.979866764718843e-01 4.351553697065642e-05
-9.954719225730846e-01 4.354280883544424e-05
-9.919548128307953e-01 4.358098316395184e-05
-9.874388886763943e-01 4.363017706651624e-05
-9.819286972627066e-01 4.369040269519995e-05
-9.754297868854070e-01 4.376169609621806e-05
-9.679487013963562e-01 4.384414260133925e-05
-9.594929736144974e-01 4.393781240867445e-05
-9.500711177409453e-01 4.404292777591422e-05
-9.396926207859083e-01 4.415923627515447e-05
-9.283679330160726e-01 4.428714361479713e-05
-9.161084574320695e-01 4.442670404279293e-05
-9.029265382866211e-01 4.457808238721271e-05
-8.888354486549234e-01 4.474172611018807e-05
-8.738493770697849e-01 4.491708507933780e-05
-8.579834132349771e-01 4.510477397054893e-05
-8.412535328311810e-01 4.530483702470162e-05
-8.236765814298327e-01 4.551754463081627e-05
-8.052702575310586e-01 4.574310579735021e-05
-7.860530947427873e-01 4.598191979057643e-05
-7.660444431189779e-01 4.623400112898270e-05
-7.452644496757547e-01 4.649860778568268e-05
-7.237340381050702e-01 4.677822373447389e-05
-7.014748877063210e-01 4.707287977720288e-05
-6.785094115571321e-01 4.738103544269570e-05
-6.548607339452851e-01 4.770412111076787e-05
-6.305526670845222e-01 4.804260502297993e-05
-6.056096871376665e-01 4.839647397523502e-05
-5.800569095711980e-01 4.876649849241619e-05
-5.539200638661103e-01 4.915284734761002e-05
-5.272254676105025e-01 4.955620274405754e-05
-4.999999999999998e-01 4.997677053950375e-05
-4.722710747726826e-01 5.041535763820637e-05
-4.440666126057737e-01 5.087231221908802e-05
-4.154150130018863e-01 5.134854576015314e-05
-3.863451256931285e-01 5.184454931794106e-05
-3.568862215918718e-01 5.236054348909366e-05
-3.270679633174214e-01 5.289782734552921e-05
-2.969203753282748e-01 5.345661268513724e-05
-2.664738136900348e-01 5.403795946107576e-05
-2.357589355094272e-01 5.464281754712671e-05
-2.048066680651905e-01 5.527203280970081e-05
-1.736481776669303e-01 5.592660026791285e-05
-1.423148382732850e-01 5.660737162664495e-05
-1.108381999010110e-01 5.731582231672694e-05
-7.924995685678832e-02 5.805255683958363e-05
-4.758191582374206e-02 5.881922075024159e-05
-1.586596383480781e-02 5.961693172317816e-05
1.586596383480815e-02 6.044721949078369e-05
4.758191582374240e-02 6.131165379178217e-05
7.924995685678866e-02 6.221162469375769e-05
1.108381999010111e-01 6.314895491272440e-05
1.423148382732853e-01 6.412575121691836e-05
1.736481776669304e-01 6.514330267423548e-05
2.048066680651908e-01 6.620464141013436e-05
2.357589355094273e-01 6.731127555011360e-05
2.664738136900351e-01 6.846552330316522e-05
2.969203753282749e-01 6.967073306599582e-05
3.270679633174218e-01 7.092889596983224e-05
3.568862215918719e-01 7.224349662055235e-05
3.863451256931288e-01 7.361759941875127e-05
4.154150130018864e-01 7.505466832635521e-05
4.440666126057742e-01 7.655863769957748e-05
4.722710747726827e-01 7.813329555488255e-05
5.000000000000003e-01 7.978313217632432e-05
5.272254676105026e-01 8.151323456894711e-05
5.539200638661104e-01 8.332856444210842e-05
5.800569095711982e-01 8.523531538994786e-05
6.056096871376669e-01 8.723955537523335e-05
6.305526670845226e-01 8.934861274110726e-05
6.548607339452851e-01 9.157013940922923e-05
6.785094115571322e-01 9.391323977975902e-05
7.014748877063215e-01 9.638774171813801e-05
7.237340381050703e-01 9.900468241767841e-05
7.452644496757548e-01 1.017771375510317e-04
7.660444431189780e-01 1.047197021665490e-04
7.860530947427876e-01 1.078493808996089e-04
8.052702575310586e-01 1.111858100385542e-04
8.236765814298328e-01 1.147525501054482e-04
8.412535328311813e-01 1.185765965230480e-04
8.579834132349772e-01 1.226914729844975e-04
8.738493770697850e-01 1.271373594809075e-04
8.888354486549235e-01 1.319632659052308e-04
9.029265382866214e-01 1.372307983070657e-04
9.161084574320697e-01 1.430179418049826e-04
9.283679330160727e-01 1.494254236209373e-04
9.396926207859083e-01 1.565863448124434e-04
9.500711177409454e-01 1.646812479833200e-04
9.594929736144975e-01 1.739626865884082e-04
9.679487013963562e-01 1.847977745211114e-04
9.754297868854070e-01 1.977458376636493e-04
9.819286972627067e-01 2.137111461972356e-04
9.874388886763944e-01 2.342756305855508e-04
9.919548128307953e-01 2.625207126365195e-04
9.954719225730846e-01 3.054693183763218e-04
9.979866764718844e-01 3.837893110074012e-04
9.994965423831851e-01 5.993926027363720e-04
1.000000000000000e+00 2.865134712077378e+00
