1.060025848806882e+18 1.163250565449423e+06
1.191103133283007e+18 1.040287542296748e+06
1.338388753173757e+18 1.005051983515308e+06
1.503886946955410e+18 1.076355131650069e+06
1.689849786812457e+18 1.032246006821827e+06
1.898807824465263e+18 1.061642280031649e+06
2.133604526501411e+18 1.100847497108883e+06
2.397434967801077e+18 1.165293087548554e+06
2.693889309590172e+18 1.176895374031346e+06
3.027001653763462e+18 1.141298853337416e+06
3.401304938279252e+18 1.072729439557446e+06
3.821892620633119e+18 9.496561484024873e+05
4.294487988789275e+18 8.329328906219173e+05
4.825522042741278e+18 7.617645389576848e+05
5.422221006501588e+18 6.790689307087029e+05
6.092704661368677e+18 6.087071783228597e+05
6.846096838574658e+18 5.633062150898861e+05
7.692649574879142e+18 5.266546504998986e+05
8.643882620598268e+18 4.880759879330831e+05
9.712740198471170e+18 4.448927279508234e+05
1.091376714651273e+19 3.864647161630198e+05
1.226330684177563e+19 3.112218592556568e+05
1.377972359833557e+19 2.324109030423771e+05
1.548365256585498e+19 1.638931421189740e+05
1.739828052930364e+19 9.977586790755337e+04
1.954966143091260e+19 5.287456302068073e+04
2.196707090793234e+19 2.277334393053507e+04
2.468340467068649e+19 7.246822500646443e+03
2.773562614198413e+19 1.599196770121698e+03
3.116526944929430e+19 1.977906371986762e+02
3.501900461431709e+19 9.237884795633956e+00
3.934927263095847e+19 5.630913603579882e-01
4.421499907374487e+19 2.082213965713879e-15
4.968239594734385e+19 2.181019539245382e-18
5.582586268862695e+19 9.574504704670484e-22
6.272899858196243e+19 1.555516396925651e-25
7.048574036451899e+19 8.246436871377395e-30
7.920164050192548e+19 1.259525218361965e-34
8.899530352885229e+19 4.513109873649133e-40
9.999999999999995e+19 3.255333822891169e-46
1.123654800138752e+20 4.129835403537055e-53
1.262600109874856e+20 6.811860121757352e-61
1.418726674116596e+20 1.278152029205082e-69
1.594159037456000e+20 1.849760249265382e-79
1.791284454622004e+20 2.024546775200062e-90
2.012785375849940e+20 4.612594587938194e-50
2.261675949222864e+20 1.817998172289654e-116
2.541343036702636e+20 2.278943590600304e-64
2.855592301990109e+20 3.266789655367317e-149
3.208699997370450e+20 0.000000000000000e+00
3.605471154250506e+20 0.000000000000000e+00
4.051304969235382e+20 0.000000000000000e+00
4.552268275507309e+20 0.000000000000000e+00
5.115178099293145e+20 0.000000000000000e+00
5.747694424835353e+20 0.000000000000000e+00
6.458424430196978e+20 0.000000000000000e+00
7.257039612324217e+20 0.000000000000000e+00
8.154407395185162e+20 0.000000000000000e+00
9.162739011886741e+20 0.000000000000000e+00
1.029575567312513e+21 0.000000000000000e+00
1.156887528316282e+21 0.000000000000000e+00
1.299942224413246e+21 0.000000000000000e+00
1.460686320364989e+21 0.000000000000000e+00
1.641307195375130e+21 0.000000000000000e+00
1.844262708585535e+21 0.000000000000000e+00
2.072314645219030e+21 0.000000000000000e+00
2.328566298498196e+21 0.000000000000000e+00
2.616504698748821e+21 0.000000000000000e+00
2.940048064334710e+21 0.000000000000000e+00
3.303599120128339e+21 0.000000000000000e+00
3.712105009066361e+21 0.000000000000000e+00
4.171124612056520e+21 0.000000000000000e+00
4.686904192314192e+21 0.000000000000000e+00
5.266462393484281e+21 0.000000000000000e+00
5.917685748188824e+21 0.000000000000000e+00
6.649435996665046e+21 0.000000000000000e+00
7.471670675868082e+21 0.000000000000000e+00
8.395578619995113e+21 0.000000000000000e+00
9.433732216299773e+21 0.000000000000000e+00
