1.060025848806882e+18 5.593093568324602e+08
1.191103133283007e+18 4.537556596685809e+08
1.338388753173757e+18 3.594554834263674e+08
1.503886946955410e+18 2.800512091490340e+08
1.689849786812457e+18 2.184639554815259e+08
1.898807824465263e+18 1.615711998815224e+08
2.133604526501411e+18 1.287592713170568e+08
2.397434967801077e+18 9.573698660833059e+07
2.693889309590172e+18 7.590689099548657e+07
3.027001653763462e+18 5.853064613540208e+07
3.401304938279252e+18 4.683609552922349e+07
3.821892620633119e+18 3.714410856299047e+07
4.294487988789275e+18 3.094418737043757e+07
4.825522042741278e+18 2.569802347411211e+07
5.422221006501588e+18 2.215527816027594e+07
6.092704661368677e+18 1.948142095851043e+07
6.846096838574658e+18 1.680941083919974e+07
7.692649574879142e+18 1.515001203551150e+07
8.643882620598268e+18 1.444348157255594e+07
9.712740198471170e+18 1.477068079428928e+07
1.091376714651273e+19 1.608096597590928e+07
1.226330684177563e+19 1.746682920419026e+07
1.377972359833557e+19 1.946678597053197e+07
1.548365256585498e+19 2.130290925913916e+07
1.739828052930364e+19 2.246638238497464e+07
1.954966143091260e+19 2.177642538997993e+07
2.196707090793234e+19 1.919272368870924e+07
2.468340467068649e+19 1.570633962123740e+07
2.773562614198413e+19 1.319316700847435e+07
3.116526944929430e+19 1.172515443183698e+07
3.501900461431709e+19 1.092360940973578e+07
3.934927263095847e+19 1.018306148874621e+07
4.421499907374487e+19 9.466931549734408e+06
4.968239594734385e+19 9.419589830457073e+06
5.582586268862695e+19 9.393743368145380e+06
6.272899858196243e+19 1.021885226562802e+07
7.048574036451899e+19 8.709882395712936e+06
7.920164050192548e+19 5.224517224427039e+06
8.899530352885229e+19 2.316358413220366e+06
9.999999999999995e+19 4.014836086712691e+05
1.123654800138752e+20 1.237570337484907e+04
1.262600109874856e+20 8.094504823717008e-59
1.418726674116596e+20 1.188026959886934e-67
1.594159037456000e+20 3.740590503069127e-37
1.791284454622004e+20 1.188714604757745e-88
2.012785375849940e+20 1.310657462128134e-48
2.261675949222864e+20 4.286647328872414e-55
2.541343036702636e+20 4.488924216901849e-63
2.855592301990109e+20 5.297527933265774e-148
3.208699997370450e+20 2.513479870993603e-81
3.605471154250506e+20 0.000000000000000e+00
4.051304969235382e+20 0.000000000000000e+00
4.552268275507309e+20 0.000000000000000e+00
5.115178099293145e+20 0.000000000000000e+00
5.747694424835353e+20 0.000000000000000e+00
6.458424430196978e+20 0.000000000000000e+00
7.257039612324217e+20 0.000000000000000e+00
8.154407395185162e+20 0.000000000000000e+00
9.162739011886741e+20 0.000000000000000e+00
1.029575567312513e+21 0.000000000000000e+00
1.156887528316282e+21 0.000000000000000e+00
1.299942224413246e+21 0.000000000000000e+00
1.460686320364989e+21 0.000000000000000e+00
1.641307195375130e+21 0.000000000000000e+00
1.844262708585535e+21 0.000000000000000e+00
2.072314645219030e+21 0.000000000000000e+00
2.328566298498196e+21 0.000000000000000e+00
2.616504698748821e+21 0.000000000000000e+00
2.940048064334710e+21 0.000000000000000e+00
3.303599120128339e+21 0.000000000000000e+00
3.712105009066361e+21 0.000000000000000e+00
4.171124612056520e+21 0.000000000000000e+00
4.686904192314192e+21 0.000000000000000e+00
5.266462393484281e+21 0.000000000000000e+00
5.917685748188824e+21 0.000000000000000e+00
6.649435996665046e+21 0.000000000000000e+00
7.471670675868082e+21 0.000000000000000e+00
8.395578619995113e+21 0.000000000000000e+00
9.433732216299773e+21 0.000000000000000e+00
