1.060025848806882e+18 2.682216267157571e-19
1.191103133283007e+18 2.120822181248344e-19
1.338388753173757e+18 1.643101911386057e-19
1.503886946955410e+18 1.354247575989921e-19
1.689849786812457e+18 1.058296427021679e-19
1.898807824465263e+18 8.412256078446525e-20
2.133604526501411e+18 6.333983556435225e-20
2.397434967801077e+18 4.986612217393385e-20
2.693889309590172e+18 3.951216475178330e-20
3.027001653763462e+18 2.903293706948988e-20
3.401304938279252e+18 2.114014699656593e-20
3.821892620633119e+18 1.583232311351451e-20
4.294487988789275e+18 1.117528415924297e-20
4.825522042741278e+18 8.578704448978172e-21
5.422221006501588e+18 6.679966001959557e-21
6.092704661368677e+18 4.450183844721706e-21
6.846096838574658e+18 2.860287275642754e-21
7.692649574879142e+18 1.804535810078613e-21
8.643882620598268e+18 1.393570706143322e-21
9.712740198471170e+18 1.058122457804538e-21
1.091376714651273e+19 8.407980812343371e-22
1.226330684177563e+19 5.436518851239571e-22
1.377972359833557e+19 3.480305053092182e-22
1.548365256585498e+19 2.352316974589345e-22
1.739828052930364e+19 2.536314615584840e-22
1.954966143091260e+19 2.608423931668129e-22
2.196707090793234e+19 1.797949121678585e-22
2.468340467068649e+19 1.553296059373540e-22
2.773562614198413e+19 1.374036642022992e-22
3.116526944929430e+19 1.159845358314294e-22
3.501900461431709e+19 8.525979794488374e-23
3.934927263095847e+19 5.852575171115471e-23
4.421499907374487e+19 3.462513730734136e-23
4.968239594734385e+19 2.806156615564068e-23
5.582586268862695e+19 1.602022918901840e-23
6.272899858196243e+19 8.572685626383768e-24
7.048574036451899e+19 3.442069831709611e-24
7.920164050192548e+19 7.666613957000537e-25
8.899530352885229e+19 1.308579251635900e-25
9.999999999999995e+19 1.845291200647249e-26
1.123654800138752e+20 3.874737389256698e-31
1.262600109874856e+20 1.985173077663385e-31
1.418726674116596e+20 1.728699470504528e-32
1.594159037456000e+20 5.800406232431494e-34
1.791284454622004e+20 7.298045869392558e-35
2.012785375849940e+20 5.446905815054363e-36
2.261675949222864e+20 5.522457375613296e-37
2.541343036702636e+20 0.000000000000000e+00
2.855592301990109e+20 0.000000000000000e+00
3.208699997370450e+20 0.000000000000000e+00
3.605471154250506e+20 0.000000000000000e+00
4.051304969235382e+20 0.000000000000000e+00
4.552268275507309e+20 0.000000000000000e+00
5.115178099293145e+20 0.000000000000000e+00
5.747694424835353e+20 0.000000000000000e+00
6.458424430196978e+20 0.000000000000000e+00
7.257039612324217e+20 0.000000000000000e+00
8.154407395185162e+20 0.000000000000000e+00
9.162739011886741e+20 0.000000000000000e+00
1.029575567312513e+21 0.000000000000000e+00
1.156887528316282e+21 0.000000000000000e+00
1.299942224413246e+21 0.000000000000000e+00
1.460686320364989e+21 0.000000000000000e+00
1.641307195375130e+21 0.000000000000000e+00
1.844262708585535e+21 0.000000000000000e+00
2.072314645219030e+21 0.000000000000000e+00
2.328566298498196e+21 0.000000000000000e+00
2.616504698748821e+21 0.000000000000000e+00
2.940048064334710e+21 0.000000000000000e+00
3.303599120128339e+21 0.000000000000000e+00
3.712105009066361e+21 0.000000000000000e+00
4.171124612056520e+21 0.000000000000000e+00
4.686904192314192e+21 0.000000000000000e+00
5.266462393484281e+21 0.000000000000000e+00
5.917685748188824e+21 0.000000000000000e+00
6.649435996665046e+21 0.000000000000000e+00
7.471670675868082e+21 0.000000000000000e+00
8.395578619995113e+21 0.000000000000000e+00
9.433732216299773e+21 0.000000000000000e+00
