1.060025848806882e+18 2.247679119474125e-19
1.191103133283007e+18 1.797208440692365e-19
1.338388753173757e+18 1.533742668864520e-19
1.503886946955410e+18 1.240539008828850e-19
1.689849786812457e+18 9.456997773363911e-20
1.898807824465263e+18 6.891545100090158e-20
2.133604526501411e+18 5.736370635049863e-20
2.397434967801077e+18 4.717526703181491e-20
2.693889309590172e+18 3.519043753634014e-20
3.027001653763462e+18 2.801176210616285e-20
3.401304938279252e+18 2.011682674383140e-20
3.821892620633119e+18 1.536313500950381e-20
4.294487988789275e+18 1.101517749045368e-20
4.825522042741278e+18 9.001392421253400e-21
5.422221006501588e+18 5.742017277930599e-21
6.092704661368677e+18 4.316089292045689e-21
6.846096838574658e+18 2.896156581015220e-21
7.692649574879142e+18 2.157178743312203e-21
8.643882620598268e+18 1.411010009946495e-21
9.712740198471170e+18 9.300965141753940e-22
1.091376714651273e+19 5.258352602074066e-22
1.226330684177563e+19 3.169798196595920e-22
1.377972359833557e+19 2.560652872656413e-22
1.548365256585498e+19 1.555965454513634e-22
1.739828052930364e+19 1.558193370800576e-22
1.954966143091260e+19 1.736015035403245e-22
2.196707090793234e+19 1.696729722568409e-22
2.468340467068649e+19 1.976857202075954e-22
2.773562614198413e+19 1.526861744949049e-22
3.116526944929430e+19 1.582866583613065e-22
3.501900461431709e+19 1.205253444970266e-22
3.934927263095847e+19 6.263980817151941e-23
4.421499907374487e+19 5.532453242296369e-23
4.968239594734385e+19 3.028187006564589e-23
5.582586268862695e+19 1.681607414933680e-23
6.272899858196243e+19 7.277375768136702e-24
7.048574036451899e+19 2.433475615079411e-24
7.920164050192548e+19 5.595816195249977e-25
8.899530352885229e+19 6.577148441198363e-30
9.999999999999995e+19 2.343706329066554e-26
1.123654800138752e+20 6.886930075355817e-32
1.262600109874856e+20 5.074822760800861e-32
1.418726674116596e+20 1.982489866669417e-33
1.594159037456000e+20 2.717825042421000e-34
1.791284454622004e+20 1.218665196661836e-34
2.012785375849940e+20 8.273780984892703e-36
2.261675949222864e+20 1.840819125204432e-37
2.541343036702636e+20 0.000000000000000e+00
2.855592301990109e+20 4.373876837505312e-37
3.208699997370450e+20 0.000000000000000e+00
3.605471154250506e+20 0.000000000000000e+00
4.051304969235382e+20 0.000000000000000e+00
4.552268275507309e+20 0.000000000000000e+00
5.115178099293145e+20 0.000000000000000e+00
5.747694424835353e+20 0.000000000000000e+00
6.458424430196978e+20 0.000000000000000e+00
7.257039612324217e+20 0.000000000000000e+00
8.154407395185162e+20 0.000000000000000e+00
9.162739011886741e+20 0.000000000000000e+00
1.029575567312513e+21 0.000000000000000e+00
1.156887528316282e+21 0.000000000000000e+00
1.299942224413246e+21 0.000000000000000e+00
1.460686320364989e+21 0.000000000000000e+00
1.641307195375130e+21 0.000000000000000e+00
1.844262708585535e+21 0.000000000000000e+00
2.072314645219030e+21 0.000000000000000e+00
2.328566298498196e+21 0.000000000000000e+00
2.616504698748821e+21 0.000000000000000e+00
2.940048064334710e+21 0.000000000000000e+00
3.303599120128339e+21 0.000000000000000e+00
3.712105009066361e+21 0.000000000000000e+00
4.171124612056520e+21 0.000000000000000e+00
4.686904192314192e+21 0.000000000000000e+00
5.266462393484281e+21 0.000000000000000e+00
5.917685748188824e+21 0.000000000000000e+00
6.649435996665046e+21 0.000000000000000e+00
7.471670675868082e+21 0.000000000000000e+00
8.395578619995113e+21 0.000000000000000e+00
9.433732216299773e+21 0.000000000000000e+00
