1.060025848806882e+18 1.153080979542259e-19
1.191103133283007e+18 1.042011064982956e-19
1.338388753173757e+18 8.743095632955284e-20
1.503886946955410e+18 8.121693337581251e-20
1.689849786812457e+18 6.603382505859809e-20
1.898807824465263e+18 5.504395930554989e-20
2.133604526501411e+18 4.771267650419232e-20
2.397434967801077e+18 3.884411582407240e-20
2.693889309590172e+18 3.122770797984098e-20
3.027001653763462e+18 2.762673356305612e-20
3.401304938279252e+18 2.171887593726744e-20
3.821892620633119e+18 1.971046240212621e-20
4.294487988789275e+18 1.540036380548113e-20
4.825522042741278e+18 1.191684736933850e-20
5.422221006501588e+18 9.885577618018117e-21
6.092704661368677e+18 7.558755976023301e-21
6.846096838574658e+18 6.307384145473577e-21
7.692649574879142e+18 4.876555891376003e-21
8.643882620598268e+18 3.374757015263502e-21
9.712740198471170e+18 2.553654374348329e-21
1.091376714651273e+19 1.865267289001825e-21
1.226330684177563e+19 1.447414352019223e-21
1.377972359833557e+19 1.186343597068745e-21
1.548365256585498e+19 8.825590942062632e-22
1.739828052930364e+19 6.400423350790557e-22
1.954966143091260e+19 4.648430724100170e-22
2.196707090793234e+19 2.589548523503828e-22
2.468340467068649e+19 2.118317506357606e-22
2.773562614198413e+19 1.494448571496352e-22
3.116526944929430e+19 9.673145592846077e-23
3.501900461431709e+19 7.043730825775747e-23
3.934927263095847e+19 3.764556559956137e-23
4.421499907374487e+19 3.331112662791630e-23
4.968239594734385e+19 2.143925547343245e-23
5.582586268862695e+19 9.430834738585543e-24
6.272899858196243e+19 9.303411218530326e-24
7.048574036451899e+19 5.809200004249093e-24
7.920164050192548e+19 9.968304213656188e-24
8.899530352885229e+19 4.729926955859341e-24
9.999999999999995e+19 2.627583273851765e-24
1.123654800138752e+20 1.202383191470642e-24
1.262600109874856e+20 1.486249701423682e-24
1.418726674116596e+20 1.433575925167325e-24
1.594159037456000e+20 1.387492122448478e-24
1.791284454622004e+20 4.096683647824493e-25
2.012785375849940e+20 2.578496242815290e-26
2.261675949222864e+20 0.000000000000000e+00
2.541343036702636e+20 0.000000000000000e+00
2.855592301990109e+20 0.000000000000000e+00
3.208699997370450e+20 0.000000000000000e+00
3.605471154250506e+20 0.000000000000000e+00
4.051304969235382e+20 0.000000000000000e+00
4.552268275507309e+20 0.000000000000000e+00
5.115178099293145e+20 0.000000000000000e+00
5.747694424835353e+20 0.000000000000000e+00
6.458424430196978e+20 0.000000000000000e+00
7.257039612324217e+20 0.000000000000000e+00
8.154407395185162e+20 0.000000000000000e+00
9.162739011886741e+20 0.000000000000000e+00
1.029575567312513e+21 0.000000000000000e+00
1.156887528316282e+21 0.000000000000000e+00
1.299942224413246e+21 0.000000000000000e+00
1.460686320364989e+21 0.000000000000000e+00
1.641307195375130e+21 0.000000000000000e+00
1.844262708585535e+21 0.000000000000000e+00
2.072314645219030e+21 0.000000000000000e+00
2.328566298498196e+21 0.000000000000000e+00
2.616504698748821e+21 0.000000000000000e+00
2.940048064334710e+21 0.000000000000000e+00
3.303599120128339e+21 0.000000000000000e+00
3.712105009066361e+21 0.000000000000000e+00
4.171124612056520e+21 0.000000000000000e+00
4.686904192314192e+21 0.000000000000000e+00
5.266462393484281e+21 0.000000000000000e+00
5.917685748188824e+21 0.000000000000000e+00
6.649435996665046e+21 0.000000000000000e+00
7.471670675868082e+21 0.000000000000000e+00
8.395578619995113e+21 0.000000000000000e+00
9.433732216299773e+21 0.000000000000000e+00
