1.060025848806882e+18 1.214446343800969e+06
1.191103133283007e+18 9.445974394324415e+05
1.338388753173757e+18 9.252325388849103e+05
1.503886946955410e+18 9.952067849246903e+05
1.689849786812457e+18 8.812261399271168e+05
1.898807824465263e+18 9.070397033610155e+05
2.133604526501411e+18 8.282929798218345e+05
2.397434967801077e+18 8.922201913173810e+05
2.693889309590172e+18 1.041337517374111e+06
3.027001653763462e+18 1.347915822894146e+06
3.401304938279252e+18 1.591011511541865e+06
3.821892620633119e+18 1.854862691697807e+06
4.294487988789275e+18 2.021502742261001e+06
4.825522042741278e+18 1.933706281748314e+06
5.422221006501588e+18 1.461964398483975e+06
6.092704661368677e+18 1.004919240954273e+06
6.846096838574658e+18 5.884131869402493e+05
7.692649574879142e+18 3.042550188038773e+05
8.643882620598268e+18 1.716931391817567e+05
9.712740198471170e+18 1.097381353417145e+05
1.091376714651273e+19 9.318373251913923e+04
1.226330684177563e+19 1.027145521362887e+05
1.377972359833557e+19 1.076849483324201e+05
1.548365256585498e+19 1.048722949297111e+05
1.739828052930364e+19 8.668089667840229e+04
1.954966143091260e+19 8.306502797768766e+04
2.196707090793234e+19 9.073964173994557e+04
2.468340467068649e+19 1.277461809524782e+05
2.773562614198413e+19 1.277070709930777e+05
3.116526944929430e+19 8.855507210952496e+04
3.501900461431709e+19 4.496221115133813e+04
3.934927263095847e+19 5.388362109393302e+04
4.421499907374487e+19 5.411780042162668e+04
4.968239594734385e+19 6.966623483313540e+04
5.582586268862695e+19 7.865574948498396e+04
6.272899858196243e+19 9.204944387916612e+04
7.048574036451899e+19 1.043464076584751e+05
7.920164050192548e+19 9.031963024054597e+04
8.899530352885229e+19 8.416573384339009e+04
9.999999999999995e+19 8.362785843603044e+04
1.123654800138752e+20 7.767016170360424e+04
1.262600109874856e+20 6.306593153538840e+04
1.418726674116596e+20 5.321056718515213e+04
1.594159037456000e+20 4.394878303423037e+04
1.791284454622004e+20 3.296481372887679e+04
2.012785375849940e+20 2.432643424260553e+04
2.261675949222864e+20 1.543261189319198e+04
2.541343036702636e+20 7.153342483043532e+03
2.855592301990109e+20 1.190766466566217e+03
3.208699997370450e+20 4.956438664929600e+01
3.605471154250506e+20 7.476197588744644e-08
4.051304969235382e+20 0.000000000000000e+00
4.552268275507309e+20 0.000000000000000e+00
5.115178099293145e+20 0.000000000000000e+00
5.747694424835353e+20 0.000000000000000e+00
6.458424430196978e+20 0.000000000000000e+00
7.257039612324217e+20 0.000000000000000e+00
8.154407395185162e+20 0.000000000000000e+00
9.162739011886741e+20 0.000000000000000e+00
1.029575567312513e+21 0.000000000000000e+00
1.156887528316282e+21 0.000000000000000e+00
1.299942224413246e+21 0.000000000000000e+00
1.460686320364989e+21 0.000000000000000e+00
1.641307195375130e+21 0.000000000000000e+00
1.844262708585535e+21 0.000000000000000e+00
2.072314645219030e+21 0.000000000000000e+00
2.328566298498196e+21 0.000000000000000e+00
2.616504698748821e+21 0.000000000000000e+00
2.940048064334710e+21 0.000000000000000e+00
3.303599120128339e+21 0.000000000000000e+00
3.712105009066361e+21 0.000000000000000e+00
4.171124612056520e+21 0.000000000000000e+00
4.686904192314192e+21 0.000000000000000e+00
5.266462393484281e+21 0.000000000000000e+00
5.917685748188824e+21 0.000000000000000e+00
6.649435996665046e+21 0.000000000000000e+00
7.471670675868082e+21 0.000000000000000e+00
8.395578619995113e+21 0.000000000000000e+00
9.433732216299773e+21 0.000000000000000e+00
