1.060025848806882e+18 2.972450296176684e-19
1.191103133283007e+18 2.389111280884822e-19
1.338388753173757e+18 1.927516925322956e-19
1.503886946955410e+18 1.448384162245876e-19
1.689849786812457e+18 1.175090623304567e-19
1.898807824465263e+18 9.858453782978747e-20
2.133604526501411e+18 7.334360417452498e-20
2.397434967801077e+18 5.572899320870933e-20
2.693889309590172e+18 3.981852153420649e-20
3.027001653763462e+18 3.283442684138428e-20
3.401304938279252e+18 2.369630782144159e-20
3.821892620633119e+18 1.720661366081804e-20
4.294487988789275e+18 1.225115545394908e-20
4.825522042741278e+18 8.699727595787624e-21
5.422221006501588e+18 5.950447149640246e-21
6.092704661368677e+18 4.316071727896144e-21
6.846096838574658e+18 2.836773564421907e-21
7.692649574879142e+18 2.407213711353469e-21
8.643882620598268e+18 2.255195276264374e-21
9.712740198471170e+18 1.659000506383082e-21
1.091376714651273e+19 1.315829562865922e-21
1.226330684177563e+19 1.676282785128384e-21
1.377972359833557e+19 2.024228444109530e-21
1.548365256585498e+19 1.255300718385770e-21
1.739828052930364e+19 5.798777765888507e-22
1.954966143091260e+19 3.341299464885391e-22
2.196707090793234e+19 1.619255032751889e-22
2.468340467068649e+19 1.271473248591816e-22
2.773562614198413e+19 1.159930965146658e-22
3.116526944929430e+19 1.023399452142311e-22
3.501900461431709e+19 5.802048585050249e-23
3.934927263095847e+19 5.528292618125046e-23
4.421499907374487e+19 5.336318747876140e-23
4.968239594734385e+19 3.595834467074267e-23
5.582586268862695e+19 2.801524657885378e-23
6.272899858196243e+19 1.507224950605374e-23
7.048574036451899e+19 5.554571827805447e-24
7.920164050192548e+19 2.147218015198242e-24
8.899530352885229e+19 3.963026254260578e-25
9.999999999999995e+19 7.246193506338376e-30
1.123654800138752e+20 4.765986578231662e-27
1.262600109874856e+20 5.733360336457705e-31
1.418726674116596e+20 5.830136171525004e-32
1.594159037456000e+20 5.151767078329032e-33
1.791284454622004e+20 2.882030852881138e-34
2.012785375849940e+20 4.143785309933762e-35
2.261675949222864e+20 9.817702001090304e-37
2.541343036702636e+20 0.000000000000000e+00
2.855592301990109e+20 4.859863152783680e-38
3.208699997370450e+20 0.000000000000000e+00
3.605471154250506e+20 4.811364178941590e-36
4.051304969235382e+20 0.000000000000000e+00
4.552268275507309e+20 0.000000000000000e+00
5.115178099293145e+20 0.000000000000000e+00
5.747694424835353e+20 0.000000000000000e+00
6.458424430196978e+20 0.000000000000000e+00
7.257039612324217e+20 0.000000000000000e+00
8.154407395185162e+20 0.000000000000000e+00
9.162739011886741e+20 0.000000000000000e+00
1.029575567312513e+21 0.000000000000000e+00
1.156887528316282e+21 0.000000000000000e+00
1.299942224413246e+21 0.000000000000000e+00
1.460686320364989e+21 0.000000000000000e+00
1.641307195375130e+21 0.000000000000000e+00
1.844262708585535e+21 0.000000000000000e+00
2.072314645219030e+21 0.000000000000000e+00
2.328566298498196e+21 0.000000000000000e+00
2.616504698748821e+21 0.000000000000000e+00
2.940048064334710e+21 0.000000000000000e+00
3.303599120128339e+21 0.000000000000000e+00
3.712105009066361e+21 0.000000000000000e+00
4.171124612056520e+21 0.000000000000000e+00
4.686904192314192e+21 0.000000000000000e+00
5.266462393484281e+21 0.000000000000000e+00
5.917685748188824e+21 0.000000000000000e+00
6.649435996665046e+21 0.000000000000000e+00
7.471670675868082e+21 0.000000000000000e+00
8.395578619995113e+21 0.000000000000000e+00
9.433732216299773e+21 0.000000000000000e+00
