1.060025848806882e+18 7.130820082640234e-19
1.191103133283007e+18 5.705542776341778e-19
1.338388753173757e+18 4.712078219224634e-19
1.503886946955410e+18 3.748818745204926e-19
1.689849786812457e+18 3.380347725039001e-19
1.898807824465263e+18 2.901217409601821e-19
2.133604526501411e+18 2.128937463859332e-19
2.397434967801077e+18 1.426325451256581e-19
2.693889309590172e+18 9.312702771426864e-20
3.027001653763462e+18 6.149769855443962e-20
3.401304938279252e+18 4.590970909738756e-20
3.821892620633119e+18 3.302125071795943e-20
4.294487988789275e+18 2.326927908955732e-20
4.825522042741278e+18 1.500790790041660e-20
5.422221006501588e+18 1.264022429439859e-20
6.092704661368677e+18 1.020324251926812e-20
6.846096838574658e+18 9.361960852511150e-21
7.692649574879142e+18 8.306542293329601e-21
8.643882620598268e+18 7.781027102748296e-21
9.712740198471170e+18 7.176000288017169e-21
1.091376714651273e+19 6.285114649394216e-21
1.226330684177563e+19 4.827504871493736e-21
1.377972359833557e+19 3.441837762432866e-21
1.548365256585498e+19 2.830489935839994e-21
1.739828052930364e+19 2.219021222180830e-21
1.954966143091260e+19 1.788907564180806e-21
2.196707090793234e+19 1.428554183124327e-21
2.468340467068649e+19 1.141221862791296e-21
2.773562614198413e+19 8.935068163197825e-22
3.116526944929430e+19 6.949174201518254e-22
3.501900461431709e+19 5.313786995489389e-22
3.934927263095847e+19 4.206505643204729e-22
4.421499907374487e+19 3.092281850045457e-22
4.968239594734385e+19 2.124078785872533e-22
5.582586268862695e+19 1.618228491855852e-22
6.272899858196243e+19 1.088394744749469e-22
7.048574036451899e+19 6.794334315923643e-23
7.920164050192548e+19 3.522373766415786e-23
8.899530352885229e+19 1.540142007749717e-23
9.999999999999995e+19 5.608906394323351e-24
1.123654800138752e+20 1.679398470036599e-24
1.262600109874856e+20 3.805664359584677e-25
1.418726674116596e+20 9.253943361026851e-26
1.594159037456000e+20 2.168267078348813e-26
1.791284454622004e+20 3.696672046620228e-27
2.012785375849940e+20 6.789547067892963e-28
2.261675949222864e+20 1.632996050613803e-28
2.541343036702636e+20 4.941185889074105e-29
2.855592301990109e+20 4.074149880413688e-30
3.208699997370450e+20 1.265643349983981e-30
3.605471154250506e+20 3.603144029054136e-31
4.051304969235382e+20 1.017689032170567e-31
4.552268275507309e+20 3.728673540411296e-34
5.115178099293145e+20 3.479771436455461e-34
5.747694424835353e+20 1.347289021368302e-35
6.458424430196978e+20 3.438061516781719e-37
7.257039612324217e+20 1.147392480888207e-37
8.154407395185162e+20 0.000000000000000e+00
9.162739011886741e+20 0.000000000000000e+00
1.029575567312513e+21 0.000000000000000e+00
1.156887528316282e+21 0.000000000000000e+00
1.299942224413246e+21 0.000000000000000e+00
1.460686320364989e+21 0.000000000000000e+00
1.641307195375130e+21 0.000000000000000e+00
1.844262708585535e+21 0.000000000000000e+00
2.072314645219030e+21 0.000000000000000e+00
2.328566298498196e+21 0.000000000000000e+00
2.616504698748821e+21 0.000000000000000e+00
2.940048064334710e+21 0.000000000000000e+00
3.303599120128339e+21 0.000000000000000e+00
3.712105009066361e+21 0.000000000000000e+00
4.171124612056520e+21 0.000000000000000e+00
4.686904192314192e+21 0.000000000000000e+00
5.266462393484281e+21 0.000000000000000e+00
5.917685748188824e+21 0.000000000000000e+00
6.649435996665046e+21 0.000000000000000e+00
7.471670675868082e+21 0.000000000000000e+00
8.395578619995113e+21 0.000000000000000e+00
9.433732216299773e+21 0.000000000000000e+00
