1.060025848806882e+18 2.077624312764916e-19
1.191103133283007e+18 1.475255829916208e-19
1.338388753173757e+18 7.823291351316365e-20
1.503886946955410e+18 5.852192094580377e-20
1.689849786812457e+18 4.837282044485398e-20
1.898807824465263e+18 4.574658406866524e-20
2.133604526501411e+18 3.116357421473765e-20
2.397434967801077e+18 1.734318893744698e-20
2.693889309590172e+18 5.771712520003544e-21
3.027001653763462e+18 5.681406742598940e-21
3.401304938279252e+18 4.196116990693281e-21
3.821892620633119e+18 4.057128891982383e-21
4.294487988789275e+18 4.138324207090853e-21
4.825522042741278e+18 3.526047292746134e-21
5.422221006501588e+18 3.086126116021601e-21
6.092704661368677e+18 2.524007352495055e-21
6.846096838574658e+18 2.467434917243527e-21
7.692649574879142e+18 1.931833726574686e-21
8.643882620598268e+18 1.496201167531923e-21
9.712740198471170e+18 1.402645487779242e-21
1.091376714651273e+19 1.051734030416270e-21
1.226330684177563e+19 7.507547673768068e-22
1.377972359833557e+19 6.006259232007591e-22
1.548365256585498e+19 4.251099456858788e-22
1.739828052930364e+19 3.038522341169306e-22
1.954966143091260e+19 2.181750738540815e-22
2.196707090793234e+19 1.274108815526185e-22
2.468340467068649e+19 9.777971753303625e-23
2.773562614198413e+19 6.021799484531950e-23
3.116526944929430e+19 3.456625012469921e-23
3.501900461431709e+19 1.621791939248677e-23
3.934927263095847e+19 8.193593083477251e-24
4.421499907374487e+19 3.191981255987025e-24
4.968239594734385e+19 9.974515156329140e-25
5.582586268862695e+19 2.723445912542553e-25
6.272899858196243e+19 1.012433648581287e-25
7.048574036451899e+19 2.296546246389646e-26
7.920164050192548e+19 5.334524872265997e-27
8.899530352885229e+19 1.730822314638617e-27
9.999999999999995e+19 1.740608795985922e-28
1.123654800138752e+20 6.083880788528742e-29
1.262600109874856e+20 9.604955697183626e-30
1.418726674116596e+20 2.073401680284711e-30
1.594159037456000e+20 3.549484293370351e-32
1.791284454622004e+20 2.561634437068048e-32
2.012785375849940e+20 4.817115948710561e-33
2.261675949222864e+20 4.964228975895052e-34
2.541343036702636e+20 3.004809909943466e-35
2.855592301990109e+20 1.457958945835104e-36
3.208699997370450e+20 1.135325615525506e-37
3.605471154250506e+20 0.000000000000000e+00
4.051304969235382e+20 0.000000000000000e+00
4.552268275507309e+20 0.000000000000000e+00
5.115178099293145e+20 0.000000000000000e+00
5.747694424835353e+20 0.000000000000000e+00
6.458424430196978e+20 0.000000000000000e+00
7.257039612324217e+20 0.000000000000000e+00
8.154407395185162e+20 0.000000000000000e+00
9.162739011886741e+20 0.000000000000000e+00
1.029575567312513e+21 0.000000000000000e+00
1.156887528316282e+21 0.000000000000000e+00
1.299942224413246e+21 0.000000000000000e+00
1.460686320364989e+21 0.000000000000000e+00
1.641307195375130e+21 0.000000000000000e+00
1.844262708585535e+21 0.000000000000000e+00
2.072314645219030e+21 0.000000000000000e+00
2.328566298498196e+21 0.000000000000000e+00
2.616504698748821e+21 0.000000000000000e+00
2.940048064334710e+21 0.000000000000000e+00
3.303599120128339e+21 0.000000000000000e+00
3.712105009066361e+21 0.000000000000000e+00
4.171124612056520e+21 0.000000000000000e+00
4.686904192314192e+21 0.000000000000000e+00
5.266462393484281e+21 0.000000000000000e+00
5.917685748188824e+21 0.000000000000000e+00
6.649435996665046e+21 0.000000000000000e+00
7.471670675868082e+21 0.000000000000000e+00
8.395578619995113e+21 0.000000000000000e+00
9.433732216299773e+21 0.000000000000000e+00
