-1.000000000000000e+00 2.029500168481480e-05
-9.805000000000000e-01 2.039964870168872e-05
-9.610000000000000e-01 2.050581002797050e-05
-9.415000000000000e-01 2.061346180386374e-05
-9.219999999999999e-01 2.072281986972016e-05
-9.025000000000000e-01 2.083350848635877e-05
-8.830000000000000e-01 2.094600413417280e-05
-8.634999999999999e-01 2.106009718684887e-05
-8.440000000000000e-01 2.117607898832392e-05
-8.245000000000000e-01 2.129388518814851e-05
-8.050000000000000e-01 2.141323489051510e-05
-7.855000000000000e-01 2.153455702997166e-05
-7.660000000000000e-01 2.165807460907930e-05
-7.464999999999997e-01 2.178316488226459e-05
-7.270000000000000e-01 2.191049181004124e-05
-7.075000000000001e-01 2.203976760987461e-05
-6.879999999999998e-01 2.217148536402916e-05
-6.685000000000001e-01 2.230503520024741e-05
-6.490000000000000e-01 2.244105153205012e-05
-6.295000000000002e-01 2.257949657688770e-05
-6.100000000000001e-01 2.272008680013726e-05
-5.904999999999999e-01 2.286330241951540e-05
-5.709999999999998e-01 2.300888999963301e-05
-5.515000000000001e-01 2.315740887560381e-05
-5.320000000000001e-01 2.330851605478020e-05
-5.125000000000001e-01 2.346250595119525e-05
-4.930000000000001e-01 2.361911138672268e-05
-4.735000000000001e-01 2.377883444882393e-05
-4.540000000000000e-01 2.394152275648144e-05
-4.345000000000002e-01 2.410768659622255e-05
-4.150000000000000e-01 2.427684725045502e-05
-3.955000000000000e-01 2.444949422192301e-05
-3.759999999999999e-01 2.462542171757918e-05
-3.564999999999999e-01 2.480533608969329e-05
-3.370000000000000e-01 2.498868562145537e-05
-3.174999999999999e-01 2.517631543443340e-05
-2.979999999999999e-01 2.536789614693493e-05
-2.785000000000000e-01 2.556352255229871e-05
-2.589999999999999e-01 2.576353920970115e-05
-2.394999999999999e-01 2.596882431875239e-05
-2.199999999999999e-01 2.617728603315058e-05
-2.004999999999999e-01 2.639138835598825e-05
-1.809999999999999e-01 2.661055630128008e-05
-1.615000000000001e-01 2.683508753823236e-05
-1.420000000000001e-01 2.706493166355936e-05
-1.225000000000000e-01 2.730060131888349e-05
-1.029999999999999e-01 2.754246775344828e-05
-8.349999999999999e-02 2.779014978062261e-05
-6.400000000000007e-02 2.804457139305846e-05
-4.449999999999989e-02 2.830596091228648e-05
-2.500000000000004e-02 2.857437187074950e-05
-5.499999999999857e-03 2.885010509546462e-05
1.400000000000017e-02 2.913355286276982e-05
3.349999999999984e-02 2.942567912541036e-05
5.299999999999994e-02 2.972622452707122e-05
7.250000000000016e-02 3.003585156869014e-05
9.200000000000018e-02 3.035502378013761e-05
1.114999999999999e-01 3.068426070746632e-05
1.310000000000002e-01 3.102411035103938e-05
1.505000000000001e-01 3.137515280457583e-05
1.700000000000000e-01 3.173815509666624e-05
1.895000000000001e-01 3.211353223198866e-05
2.090000000000000e-01 3.250231446506690e-05
2.285000000000000e-01 3.290546983920949e-05
2.480000000000000e-01 3.332327603771492e-05
2.675000000000001e-01 3.375704305245771e-05
2.869999999999999e-01 3.420801646468715e-05
3.065000000000000e-01 3.467719507250312e-05
3.260000000000000e-01 3.516599973276383e-05
3.454999999999999e-01 3.567566328443984e-05
3.650000000000002e-01 3.620793034676751e-05
3.844999999999998e-01 3.676423995746360e-05
4.040000000000002e-01 3.734698652382198e-05
4.234999999999999e-01 3.795883398878998e-05
4.429999999999998e-01 3.860082808239697e-05
4.625000000000000e-01 3.927635578237915e-05
4.819999999999999e-01 3.998828823021391e-05
5.014999999999999e-01 4.074076673635795e-05
5.209999999999999e-01 4.153701273256865e-05
5.404999999999998e-01 4.238325269510925e-05
5.600000000000001e-01 4.328139714212652e-05
5.794999999999999e-01 4.424110483390891e-05
5.990000000000000e-01 4.526700751856341e-05
6.185000000000000e-01 4.636954824396402e-05
6.379999999999999e-01 4.755709510439671e-05
6.575000000000000e-01 4.884187365152779e-05
6.769999999999998e-01 5.023780323363628e-05
6.965000000000001e-01 5.176515104498612e-05
7.160000000000000e-01 5.344232681563632e-05
7.354999999999998e-01 5.529714243593983e-05
7.549999999999999e-01 5.736461932636226e-05
7.745000000000000e-01 5.969003789185164e-05
7.940000000000000e-01 6.233105665825567e-05
8.134999999999999e-01 6.536689402949552e-05
8.329999999999997e-01 6.891232368548466e-05
8.525000000000000e-01 7.312783114271184e-05
8.719999999999999e-01 7.825834595686030e-05
8.915000000000000e-01 8.469690302958597e-05
9.110000000000000e-01 9.312266298485805e-05
9.304999999999999e-01 1.048425877370848e-04
9.500000000000000e-01 1.228133329081337e-04
9.504999999999999e-01 1.234085562789675e-04
9.510000000000000e-01 1.240128778511268e-04
9.514999999999999e-01 1.246265000090433e-04
9.520000000000000e-01 1.252495927322181e-04
9.524999999999999e-01 1.258820633655174e-04
9.530000000000000e-01 1.265251871421182e-04
9.534999999999999e-01 1.271783307483864e-04
9.540000000000000e-01 1.278420140315954e-04
9.544999999999999e-01 1.285165323915299e-04
9.550000000000000e-01 1.292020939280023e-04
9.554999999999999e-01 1.298993071139402e-04
9.560000000000000e-01 1.306082130187427e-04
9.564999999999999e-01 1.313297792412388e-04
9.570000000000000e-01 1.320626977364135e-04
9.574999999999999e-01 1.328090044935762e-04
9.580000000000000e-01 1.335685250610436e-04
9.584999999999999e-01 1.343416502728694e-04
9.590000000000000e-01 1.351288083418188e-04
9.594999999999999e-01 1.359303861019961e-04
9.600000000000000e-01 1.367468849062388e-04
9.604999999999999e-01 1.375787530864790e-04
9.610000000000000e-01 1.384264769439234e-04
9.614999999999999e-01 1.392905736523865e-04
9.620000000000000e-01 1.434767978297509e-04
9.624999999999999e-01 1.442251658289077e-04
9.630000000000000e-01 1.448178321629751e-04
9.634999999999999e-01 1.455510362700448e-04
9.640000000000000e-01 1.462981024278459e-04
9.644999999999999e-01 1.471117433636951e-04
9.650000000000000e-01 1.478389723408197e-04
9.654999999999999e-01 1.488529878535148e-04
9.660000000000000e-01 1.497886159957396e-04
9.664999999999999e-01 1.507426659537765e-04
9.670000000000000e-01 1.517280663881124e-04
9.674999999999999e-01 1.527340089120034e-04
9.680000000000000e-01 1.538003381696905e-04
9.684999999999999e-01 1.548628080368371e-04
9.690000000000000e-01 1.559913148657647e-04
9.694999999999999e-01 1.571285647852823e-04
9.700000000000000e-01 1.583023994091901e-04
9.704999999999999e-01 1.595101099151066e-04
9.710000000000000e-01 1.607522791868368e-04
9.714999999999999e-01 1.620414742576366e-04
9.720000000000000e-01 1.633658178684689e-04
9.724999999999999e-01 1.647193749221979e-04
9.730000000000000e-01 1.661234876624840e-04
9.734999999999999e-01 1.674841385614063e-04
9.740000000000000e-01 1.690512574440852e-04
9.744999999999999e-01 1.705741105847320e-04
9.750000000000000e-01 1.721586642906770e-04
9.754999999999999e-01 1.737946662594293e-04
9.760000000000000e-01 1.754749158000480e-04
9.764999999999999e-01 1.772151234990512e-04
9.770000000000000e-01 1.789312573416228e-04
9.774999999999999e-01 1.808740514529491e-04
9.780000000000000e-01 1.828003749929815e-04
9.784999999999999e-01 1.847955603214635e-04
9.790000000000000e-01 1.868685005118279e-04
9.794999999999999e-01 1.890092596466984e-04
9.800000000000000e-01 1.912355301607590e-04
9.804999999999999e-01 1.935626120666384e-04
9.810000000000000e-01 1.959678888575783e-04
9.814999999999999e-01 1.982497082901707e-04
9.820000000000000e-01 2.010779664502543e-04
9.824999999999999e-01 2.037950119614710e-04
9.830000000000000e-01 2.066477881253489e-04
9.834999999999999e-01 2.096188203831838e-04
9.840000000000000e-01 2.127352591189678e-04
9.844999999999999e-01 2.160079507042623e-04
9.850000000000000e-01 2.194415369108357e-04
9.854999999999999e-01 2.230655757528458e-04
9.860000000000000e-01 2.268397576737795e-04
9.864999999999999e-01 2.308678582845365e-04
9.870000000000000e-01 2.351180338683118e-04
9.874999999999999e-01 2.396150847851432e-04
9.880000000000000e-01 2.443938822131070e-04
9.884999999999999e-01 2.494829452111016e-04
9.890000000000000e-01 2.549307604801097e-04
9.894999999999999e-01 2.607459059165592e-04
9.900000000000000e-01 2.670107076317958e-04
9.904999999999999e-01 2.737293483149280e-04
9.910000000000000e-01 2.809892536426635e-04
9.914999999999999e-01 2.890029713643198e-04
9.920000000000000e-01 2.976897070143550e-04
9.924999999999999e-01 3.072367072737080e-04
9.930000000000000e-01 3.177789759896287e-04
9.934999999999999e-01 3.295196920021094e-04
9.940000000000000e-01 3.426992703964733e-04
9.944999999999999e-01 3.576648188517768e-04
9.950000000000000e-01 3.748191548487997e-04
9.954999999999999e-01 3.947626298779185e-04
9.960000000000000e-01 4.183448980727456e-04
9.964999999999999e-01 4.468107820808554e-04
9.970000000000000e-01 4.821304593282066e-04
9.974999999999999e-01 5.276119527668605e-04
9.980000000000000e-01 5.892215616325067e-04
9.984999999999999e-01 6.795371733341759e-04
9.990000000000000e-01 8.308415825109221e-04
9.994999999999999e-01 1.173194495312469e-03
