-1.000000000000000e+00 8.106241413093663e-07
-9.805000000000000e-01 8.157966165614423e-07
-9.610000000000000e-01 8.224019481467285e-07
-9.415000000000000e-01 8.277563166887166e-07
-9.219999999999999e-01 8.344488250940780e-07
-9.025000000000000e-01 8.385172383239761e-07
-8.830000000000000e-01 8.443609542152502e-07
-8.634999999999999e-01 8.501296391656609e-07
-8.440000000000000e-01 8.533851907189626e-07
-8.245000000000000e-01 8.651319604006091e-07
-8.050000000000000e-01 8.688426013030255e-07
-7.855000000000000e-01 8.709808027423751e-07
-7.660000000000000e-01 8.810088359287218e-07
-7.464999999999997e-01 8.874092174533612e-07
-7.270000000000000e-01 8.939999820247128e-07
-7.075000000000001e-01 9.004786054249453e-07
-6.879999999999998e-01 9.072203598208915e-07
-6.685000000000001e-01 9.141685872988098e-07
-6.490000000000000e-01 9.210696946142861e-07
-6.295000000000002e-01 9.265272427761762e-07
-6.100000000000001e-01 9.338123777101616e-07
-5.904999999999999e-01 9.412225396242080e-07
-5.709999999999998e-01 9.482558663466183e-07
-5.515000000000001e-01 9.581044252682562e-07
-5.320000000000001e-01 9.640512075430916e-07
-5.125000000000001e-01 9.759104645994568e-07
-4.930000000000001e-01 9.828786505771238e-07
-4.735000000000001e-01 9.914767282897141e-07
-4.540000000000000e-01 1.008318110716879e-06
-4.345000000000002e-01 1.010159530834865e-06
-4.150000000000000e-01 1.018084022224041e-06
-3.955000000000000e-01 1.026293922977510e-06
-3.759999999999999e-01 1.035517379695700e-06
-3.564999999999999e-01 1.044978263997107e-06
-3.370000000000000e-01 1.054666808792207e-06
-3.174999999999999e-01 1.063802626677495e-06
-2.979999999999999e-01 1.084623112692980e-06
-2.785000000000000e-01 1.085250826050937e-06
-2.589999999999999e-01 1.095888951964783e-06
-2.394999999999999e-01 1.106912210838156e-06
-2.199999999999999e-01 1.120190167207303e-06
-2.004999999999999e-01 1.130904109635334e-06
-1.809999999999999e-01 1.142639495439972e-06
-1.615000000000001e-01 1.154622523170289e-06
-1.420000000000001e-01 1.167584525506842e-06
-1.225000000000000e-01 1.179536895313276e-06
-1.029999999999999e-01 1.192788341436637e-06
-8.349999999999999e-02 1.206200411569522e-06
-6.400000000000007e-02 1.218535238678104e-06
-4.449999999999989e-02 1.234409434398093e-06
-2.500000000000004e-02 1.250089506531943e-06
-5.499999999999857e-03 1.278733618608592e-06
1.400000000000017e-02 1.292493050766147e-06
3.349999999999984e-02 1.295773373770843e-06
5.299999999999994e-02 1.314540410087368e-06
7.250000000000016e-02 1.330664061405750e-06
9.200000000000018e-02 1.348286715133116e-06
1.114999999999999e-01 1.366724944610810e-06
1.310000000000002e-01 1.385846367137535e-06
1.505000000000001e-01 1.405641681972596e-06
1.700000000000000e-01 1.437856682826882e-06
1.895000000000001e-01 1.456821990699511e-06
2.090000000000000e-01 1.471714176717503e-06
2.285000000000000e-01 1.493960523808483e-06
2.480000000000000e-01 1.516730935187625e-06
2.675000000000001e-01 1.541817332697723e-06
2.869999999999999e-01 1.567050233413137e-06
3.065000000000000e-01 1.594574086697848e-06
3.260000000000000e-01 1.625664747849628e-06
3.454999999999999e-01 1.653657201340821e-06
3.650000000000002e-01 1.684386552845315e-06
3.844999999999998e-01 1.718131086484898e-06
4.040000000000002e-01 1.750097774647706e-06
4.234999999999999e-01 1.786308345908357e-06
4.429999999999998e-01 1.835880376717820e-06
4.625000000000000e-01 1.865246788236928e-06
4.819999999999999e-01 1.907518535855962e-06
5.014999999999999e-01 1.952154892610261e-06
5.209999999999999e-01 1.999707498409191e-06
5.404999999999998e-01 2.050464523332141e-06
5.600000000000001e-01 2.104670110745847e-06
5.794999999999999e-01 2.163058721807260e-06
5.990000000000000e-01 2.225103631881800e-06
6.185000000000000e-01 2.292371749263438e-06
6.379999999999999e-01 2.365132736709969e-06
6.575000000000000e-01 2.444272227954852e-06
6.769999999999998e-01 2.528678725762933e-06
6.965000000000001e-01 2.623417289341807e-06
7.160000000000000e-01 2.727985429204301e-06
7.354999999999998e-01 2.846173904019448e-06
7.549999999999999e-01 2.976314075000198e-06
7.745000000000000e-01 3.123326751573878e-06
7.940000000000000e-01 3.291148757546553e-06
8.134999999999999e-01 3.485141944918106e-06
8.329999999999997e-01 3.712926525808264e-06
8.525000000000000e-01 3.986028416135050e-06
8.719999999999999e-01 4.318323024382627e-06
8.915000000000000e-01 4.738997888106115e-06
9.110000000000000e-01 5.292948874837449e-06
9.304999999999999e-01 6.065816215009877e-06
9.500000000000000e-01 7.264647383048972e-06
9.504999999999999e-01 7.304762844057016e-06
9.510000000000000e-01 7.344950321875477e-06
9.514999999999999e-01 7.386037771290360e-06
9.520000000000000e-01 7.427775373270047e-06
9.524999999999999e-01 7.470173660859610e-06
9.530000000000000e-01 7.513251715573352e-06
9.534999999999999e-01 7.557022424950326e-06
9.540000000000000e-01 7.601522270604218e-06
9.544999999999999e-01 7.646787045301677e-06
9.550000000000000e-01 7.692681419205426e-06
9.554999999999999e-01 7.739418316909297e-06
9.560000000000000e-01 7.787127257500958e-06
9.564999999999999e-01 7.835312688345564e-06
9.570000000000000e-01 7.884532189733855e-06
9.574999999999999e-01 7.934547713419255e-06
9.580000000000000e-01 7.985760512563197e-06
9.584999999999999e-01 8.037407305738493e-06
9.590000000000000e-01 8.090232637678453e-06
9.594999999999999e-01 8.144036542943637e-06
9.600000000000000e-01 8.198815686127124e-06
9.604999999999999e-01 8.254698582220667e-06
9.610000000000000e-01 8.311580404312435e-06
9.614999999999999e-01 8.369659002814609e-06
9.620000000000000e-01 8.430895122935915e-06
9.624999999999999e-01 8.491218154846766e-06
9.630000000000000e-01 8.552758388950567e-06
9.634999999999999e-01 8.615622528230081e-06
9.640000000000000e-01 8.679747144716607e-06
9.644999999999999e-01 8.745288449948604e-06
9.650000000000000e-01 8.812181320650370e-06
9.654999999999999e-01 8.880471127034508e-06
9.660000000000000e-01 8.950327219069819e-06
9.664999999999999e-01 9.021738097964134e-06
9.670000000000000e-01 9.094802513370069e-06
9.674999999999999e-01 9.168201894050295e-06
9.680000000000000e-01 9.244762631203453e-06
9.684999999999999e-01 9.323288144568495e-06
9.690000000000000e-01 9.403307427525707e-06
9.694999999999999e-01 9.485568718354057e-06
9.700000000000000e-01 9.569861949547232e-06
9.704999999999999e-01 9.657079328302022e-06
9.710000000000000e-01 9.745711558756496e-06
9.714999999999999e-01 9.836677741649972e-06
9.720000000000000e-01 9.930062817696572e-06
9.724999999999999e-01 1.002576076178417e-05
9.730000000000000e-01 1.012461729653281e-05
9.734999999999999e-01 1.022641426398331e-05
9.740000000000000e-01 1.033060836894378e-05
9.744999999999999e-01 1.043797069642691e-05
9.750000000000000e-01 1.054855076718204e-05
9.754999999999999e-01 1.066251358897178e-05
9.760000000000000e-01 1.078002897750524e-05
9.764999999999999e-01 1.090127621583913e-05
9.770000000000000e-01 1.102649789038181e-05
9.774999999999999e-01 1.115587178153079e-05
9.780000000000000e-01 1.128964524122423e-05
9.784999999999999e-01 1.142811212206285e-05
9.790000000000000e-01 1.157147209924254e-05
9.794999999999999e-01 1.172012317583883e-05
9.800000000000000e-01 1.187418637120977e-05
9.804999999999999e-01 1.203421750374143e-05
9.810000000000000e-01 1.220056490244913e-05
9.814999999999999e-01 1.237362145730546e-05
9.820000000000000e-01 1.255385772503941e-05
9.824999999999999e-01 1.274253110604152e-05
9.830000000000000e-01 1.293872875802603e-05
9.834999999999999e-01 1.314374531633417e-05
9.840000000000000e-01 1.335834610895868e-05
9.844999999999999e-01 1.358328027432776e-05
9.850000000000000e-01 1.381942962810241e-05
9.854999999999999e-01 1.406764122320056e-05
9.860000000000000e-01 1.432910113113167e-05
9.864999999999999e-01 1.460496568353968e-05
9.870000000000000e-01 1.489663933907046e-05
9.874999999999999e-01 1.520572216044145e-05
9.880000000000000e-01 1.553240286063546e-05
9.884999999999999e-01 1.588334446915915e-05
9.890000000000000e-01 1.625484451009245e-05
9.894999999999999e-01 1.665425718928180e-05
9.900000000000000e-01 1.708330118539128e-05
9.904999999999999e-01 1.754587905988275e-05
9.910000000000000e-01 1.804643462004508e-05
9.914999999999999e-01 1.859040518516715e-05
9.920000000000000e-01 1.918570143597792e-05
9.924999999999999e-01 1.983862169217089e-05
9.930000000000000e-01 2.056057438329004e-05
9.934999999999999e-01 2.136443098869658e-05
9.940000000000000e-01 2.226687856767437e-05
9.944999999999999e-01 2.328988499779668e-05
9.950000000000000e-01 2.446288285361602e-05
9.954999999999999e-01 2.582646354829921e-05
9.960000000000000e-01 2.743850203300821e-05
9.964999999999999e-01 2.938490699310238e-05
9.970000000000000e-01 3.179984930527486e-05
9.974999999999999e-01 3.490743325609276e-05
9.980000000000000e-01 3.911792239660758e-05
9.984999999999999e-01 4.528840131958082e-05
9.990000000000000e-01 5.564057299694280e-05
9.994999999999999e-01 7.901092229081909e-05
