-1.000000000000000e+00 5.218709949078905e-08
-9.994965423831851e-01 5.219665118484365e-08
-9.979866764718843e-01 5.223504160474234e-08
-9.954719225730846e-01 5.246746206388921e-08
-9.919548128307953e-01 5.218577490492750e-08
-9.874388886763943e-01 5.227251431173834e-08
-9.819286972627066e-01 6.146528314956959e-08
-9.754297868854070e-01 6.179737993230743e-08
-9.679487013963562e-01 6.198769676025769e-08
-9.594929736144974e-01 5.132445089325099e-08
-9.500711177409453e-01 5.418926808373929e-08
-9.396926207859083e-01 5.187318673694821e-08
-9.283679330160726e-01 5.574693520537547e-08
-9.161084574320695e-01 5.335991007861597e-08
-9.029265382866211e-01 5.489503534860259e-08
-8.888354486549234e-01 5.269718438254048e-08
-8.738493770697849e-01 5.874964732197644e-08
-8.579834132349771e-01 5.476116186079895e-08
-8.412535328311810e-01 5.510491536481144e-08
-8.236765814298327e-01 5.502351594107453e-08
-8.052702575310586e-01 5.314967071893157e-08
-7.860530947427873e-01 5.635133672131752e-08
-7.660444431189779e-01 5.587398406499989e-08
-7.452644496757547e-01 5.705070854741162e-08
-7.237340381050702e-01 5.690951665460649e-08
-7.014748877063210e-01 5.736062486407753e-08
-6.785094115571321e-01 5.764080855302234e-08
-6.548607339452851e-01 5.868396371462330e-08
-6.305526670845222e-01 6.250210817897745e-08
-6.056096871376665e-01 6.637881735097357e-08
-5.800569095711980e-01 6.369955526109511e-08
-5.539200638661103e-01 6.434559634338707e-08
-5.272254676105025e-01 6.912797639711729e-08
-4.999999999999998e-01 6.572106693745133e-08
-4.722710747726826e-01 6.509371416351141e-08
-4.440666126057737e-01 6.790611033047303e-08
-4.154150130018863e-01 6.470527972182709e-08
-3.863451256931285e-01 6.822817596274319e-08
-3.568862215918718e-01 6.717610727340532e-08
-3.270679633174214e-01 6.800197717365049e-08
-2.969203753282748e-01 6.951971704335633e-08
-2.664738136900348e-01 6.826115579976976e-08
-2.357589355094272e-01 7.458192110767443e-08
-2.048066680651905e-01 7.300651558643896e-08
-1.736481776669303e-01 7.463818359310012e-08
-1.423148382732850e-01 7.504852518623689e-08
-1.108381999010110e-01 7.671583831326384e-08
-7.924995685678832e-02 7.886051859611509e-08
-4.758191582374206e-02 8.301373144934375e-08
-1.586596383480781e-02 8.593427879392714e-08
1.586596383480815e-02 8.292948187851744e-08
4.758191582374240e-02 7.722694256841895e-08
7.924995685678866e-02 8.596174995919745e-08
1.108381999010111e-01 8.732285442079793e-08
1.423148382732853e-01 8.963201128731206e-08
1.736481776669304e-01 9.180148870574409e-08
2.048066680651908e-01 8.737224821573771e-08
2.357589355094273e-01 1.032989522017152e-07
2.664738136900351e-01 9.825554730217309e-08
2.969203753282749e-01 1.131099769290536e-07
3.270679633174218e-01 1.109499980525554e-07
3.568862215918719e-01 1.090296656215274e-07
3.863451256931288e-01 1.179027217958158e-07
4.154150130018864e-01 1.220380423637393e-07
4.440666126057742e-01 1.251188556408479e-07
4.722710747726827e-01 1.308562888260309e-07
5.000000000000003e-01 1.192068472128654e-07
5.272254676105026e-01 1.386905227644896e-07
5.539200638661104e-01 1.434710431240978e-07
5.800569095711982e-01 1.474421413090038e-07
6.056096871376669e-01 1.516965218351985e-07
6.305526670845226e-01 1.606477788470296e-07
6.548607339452851e-01 1.666278887442780e-07
6.785094115571322e-01 1.711248276676651e-07
7.014748877063215e-01 1.840808013086759e-07
7.237340381050703e-01 1.947332959474056e-07
7.452644496757548e-01 1.896935262847542e-07
7.660444431189780e-01 2.104016415386857e-07
7.860530947427876e-01 2.206048979413889e-07
8.052702575310586e-01 2.290684101037315e-07
8.236765814298328e-01 2.472704300973458e-07
8.412535328311813e-01 2.640469836253795e-07
8.579834132349772e-01 2.836906768602675e-07
8.738493770697850e-01 2.954234451966830e-07
8.888354486549235e-01 3.180175668873808e-07
9.029265382866214e-01 3.427001699279975e-07
9.161084574320697e-01 3.721230457191635e-07
9.283679330160727e-01 4.038775265068739e-07
9.396926207859083e-01 4.443908215107199e-07
9.500711177409454e-01 4.885010633418452e-07
9.594929736144975e-01 5.493486425074480e-07
9.679487013963562e-01 6.247888491537547e-07
9.754297868854070e-01 7.177133135165647e-07
9.819286972627067e-01 8.405140988213784e-07
9.874388886763944e-01 1.020042669689296e-06
9.919548128307953e-01 1.290384432556190e-06
9.954719225730846e-01 1.735694423745414e-06
9.979866764718844e-01 2.627241588782880e-06
9.994965423831851e-01 5.303572018709073e-06
1.000000000000000e+00 3.920919032075533e-07
