-1.000000000000000e+00 1.034218314285924e-05
-9.805000000000000e-01 1.039284161754311e-05
-9.610000000000000e-01 1.044406355919278e-05
-9.415000000000000e-01 1.049583184192038e-05
-9.219999999999999e-01 1.054816970424902e-05
-9.025000000000000e-01 1.060110064957920e-05
-8.830000000000000e-01 1.065462135872566e-05
-8.634999999999999e-01 1.070873118096621e-05
-8.440000000000000e-01 1.076347904311575e-05
-8.245000000000000e-01 1.081884934948858e-05
-8.050000000000000e-01 1.087484949604282e-05
-7.855000000000000e-01 1.093150695035433e-05
-7.660000000000000e-01 1.098884185036303e-05
-7.464999999999997e-01 1.104684961996402e-05
-7.270000000000000e-01 1.110553933526579e-05
-7.075000000000001e-01 1.116494977325175e-05
-6.879999999999998e-01 1.122508223993805e-05
-6.685000000000001e-01 1.128591832849583e-05
-6.490000000000000e-01 1.134740773777108e-05
-6.295000000000002e-01 1.140991215492396e-05
-6.100000000000001e-01 1.147306390625497e-05
-5.904999999999999e-01 1.153691033432519e-05
-5.709999999999998e-01 1.160166166859531e-05
-5.515000000000001e-01 1.166727594780927e-05
-5.320000000000001e-01 1.173372960896061e-05
-5.125000000000001e-01 1.180104877716432e-05
-4.930000000000001e-01 1.186928776459374e-05
-4.735000000000001e-01 1.193840749008076e-05
-4.540000000000000e-01 1.200850083243863e-05
-4.345000000000002e-01 1.207950631651857e-05
-4.150000000000000e-01 1.215152545797775e-05
-3.955000000000000e-01 1.222451411835710e-05
-3.759999999999999e-01 1.229852569845517e-05
-3.564999999999999e-01 1.237372028737054e-05
-3.370000000000000e-01 1.244988154492946e-05
-3.174999999999999e-01 1.252712437227814e-05
-2.979999999999999e-01 1.260552476602759e-05
-2.785000000000000e-01 1.268506081359699e-05
-2.589999999999999e-01 1.276579751640429e-05
-2.394999999999999e-01 1.284773986222788e-05
-2.199999999999999e-01 1.293095524929235e-05
-2.004999999999999e-01 1.301546759077141e-05
-1.809999999999999e-01 1.310130365330081e-05
-1.615000000000001e-01 1.318847024980710e-05
-1.420000000000001e-01 1.327706951284852e-05
-1.225000000000000e-01 1.336707366479126e-05
-1.029999999999999e-01 1.345858486112768e-05
-8.349999999999999e-02 1.355162517106755e-05
-6.400000000000007e-02 1.364618222406784e-05
-4.449999999999989e-02 1.374242984796416e-05
-2.500000000000004e-02 1.383973090774209e-05
-5.499999999999857e-03 1.393905721289530e-05
1.400000000000017e-02 1.404157237332878e-05
3.349999999999984e-02 1.414483022411875e-05
5.299999999999994e-02 1.424991399761025e-05
7.250000000000016e-02 1.435703879246712e-05
9.200000000000018e-02 1.446615995633216e-05
1.114999999999999e-01 1.457733412058452e-05
1.310000000000002e-01 1.469072551405940e-05
1.505000000000001e-01 1.480636240745476e-05
1.700000000000000e-01 1.492431010266330e-05
1.895000000000001e-01 1.504469288082351e-05
2.090000000000000e-01 1.516760363654731e-05
2.285000000000000e-01 1.529329056159503e-05
2.480000000000000e-01 1.542164576879571e-05
2.675000000000001e-01 1.555278514709366e-05
2.869999999999999e-01 1.568687501489654e-05
3.065000000000000e-01 1.582406127968524e-05
3.260000000000000e-01 1.596444803806581e-05
3.454999999999999e-01 1.610827946932804e-05
3.650000000000002e-01 1.625570992428978e-05
3.844999999999998e-01 1.640676942502753e-05
4.040000000000002e-01 1.656169594050998e-05
4.234999999999999e-01 1.672075283531223e-05
4.429999999999998e-01 1.688414600831133e-05
4.625000000000000e-01 1.705218386146002e-05
4.819999999999999e-01 1.722492554006980e-05
5.014999999999999e-01 1.740276425302885e-05
5.209999999999999e-01 1.758600118050130e-05
5.404999999999998e-01 1.777499359638507e-05
5.600000000000001e-01 1.797015697341094e-05
5.794999999999999e-01 1.817188143667552e-05
5.990000000000000e-01 1.838054971611598e-05
6.185000000000000e-01 1.859670476592968e-05
6.379999999999999e-01 1.882097619649612e-05
6.575000000000000e-01 1.905426995803667e-05
6.769999999999998e-01 1.929705372749132e-05
6.965000000000001e-01 1.955036413084989e-05
7.160000000000000e-01 1.981533048442640e-05
7.354999999999998e-01 2.009266689716956e-05
7.549999999999999e-01 2.038438691874454e-05
7.745000000000000e-01 2.069212581106182e-05
7.940000000000000e-01 2.101796505237064e-05
8.134999999999999e-01 2.136415100516841e-05
8.329999999999997e-01 2.173362501018191e-05
8.525000000000000e-01 2.213039929828373e-05
8.719999999999999e-01 2.255885488960635e-05
8.915000000000000e-01 2.302668605458674e-05
9.110000000000000e-01 2.354589980204351e-05
9.304999999999999e-01 2.413942826480530e-05
9.500000000000000e-01 2.485500700855975e-05
9.504999999999999e-01 2.487567075728713e-05
9.510000000000000e-01 2.489638008427768e-05
9.514999999999999e-01 2.491734462898756e-05
9.520000000000000e-01 2.493846534599326e-05
9.524999999999999e-01 2.495973519521860e-05
9.530000000000000e-01 2.498120796657536e-05
9.534999999999999e-01 2.500283402289911e-05
9.540000000000000e-01 2.502458622576654e-05
9.544999999999999e-01 2.504650637277675e-05
9.550000000000000e-01 2.506863332382150e-05
9.554999999999999e-01 2.509090019502681e-05
9.560000000000000e-01 2.511348580928211e-05
9.564999999999999e-01 2.513613784790766e-05
9.570000000000000e-01 2.515898602870637e-05
9.574999999999999e-01 2.518199194039849e-05
9.580000000000000e-01 2.520519642401478e-05
9.584999999999999e-01 2.522860666409530e-05
9.590000000000000e-01 2.525231919368026e-05
9.594999999999999e-01 2.527615384722361e-05
9.600000000000000e-01 2.530031907201400e-05
9.604999999999999e-01 2.532456067830443e-05
9.610000000000000e-01 2.534903123018751e-05
9.614999999999999e-01 2.537378701575537e-05
9.620000000000000e-01 2.539864815817039e-05
9.624999999999999e-01 2.542399088969183e-05
9.630000000000000e-01 2.544940106306309e-05
9.634999999999999e-01 2.547509741173185e-05
9.640000000000000e-01 2.550101658070236e-05
9.644999999999999e-01 2.552719974001575e-05
9.650000000000000e-01 2.555361670748287e-05
9.654999999999999e-01 2.558034855858033e-05
9.660000000000000e-01 2.564083333929256e-05
9.664999999999999e-01 2.563468529936477e-05
9.670000000000000e-01 2.566233741356608e-05
9.674999999999999e-01 2.569025919433194e-05
9.680000000000000e-01 2.571849971407454e-05
9.684999999999999e-01 2.574707414120552e-05
9.690000000000000e-01 2.577601549008899e-05
9.694999999999999e-01 2.580535727197706e-05
9.700000000000000e-01 2.583495203048181e-05
9.704999999999999e-01 2.586491375503697e-05
9.710000000000000e-01 2.589527171597553e-05
9.714999999999999e-01 2.592592257815383e-05
9.720000000000000e-01 2.595708343312098e-05
9.724999999999999e-01 2.598871206416917e-05
9.730000000000000e-01 2.602072623033337e-05
9.734999999999999e-01 2.605317064815866e-05
9.740000000000000e-01 2.608623865451878e-05
9.744999999999999e-01 2.611974265373920e-05
9.750000000000000e-01 2.615365108361533e-05
9.754999999999999e-01 2.618807723722398e-05
9.760000000000000e-01 2.622304094437141e-05
9.764999999999999e-01 2.625866315751361e-05
9.770000000000000e-01 2.629478484526682e-05
9.774999999999999e-01 2.633151086275775e-05
9.780000000000000e-01 2.636878541755771e-05
9.784999999999999e-01 2.640678899746953e-05
9.790000000000000e-01 2.644569773708968e-05
9.794999999999999e-01 2.648510171742584e-05
9.800000000000000e-01 2.652530141803042e-05
9.804999999999999e-01 2.656631921039363e-05
9.810000000000000e-01 2.660808898309153e-05
9.814999999999999e-01 2.665072779832963e-05
9.820000000000000e-01 2.669432300227567e-05
9.824999999999999e-01 2.673883842231599e-05
9.830000000000000e-01 2.678436102215917e-05
9.834999999999999e-01 2.683103823344405e-05
9.840000000000000e-01 2.687877805011455e-05
9.844999999999999e-01 2.692774636664321e-05
9.850000000000000e-01 2.697798603650313e-05
9.854999999999999e-01 2.702959594104806e-05
9.860000000000000e-01 2.708267334089373e-05
9.864999999999999e-01 2.713741686712524e-05
9.870000000000000e-01 2.719375605305560e-05
9.874999999999999e-01 2.725189841412374e-05
9.880000000000000e-01 2.731197577329936e-05
9.884999999999999e-01 2.737420749609991e-05
9.890000000000000e-01 2.743878194681758e-05
9.894999999999999e-01 2.750587025621067e-05
9.900000000000000e-01 2.757574733224768e-05
9.904999999999999e-01 2.764875465924090e-05
9.910000000000000e-01 2.772510749935290e-05
9.914999999999999e-01 2.780530902037528e-05
9.920000000000000e-01 2.788972649851490e-05
9.924999999999999e-01 2.797898922427045e-05
9.930000000000000e-01 2.807379207996573e-05
9.934999999999999e-01 2.817495410740759e-05
9.940000000000000e-01 2.828365187844843e-05
9.944999999999999e-01 2.840116078091975e-05
9.950000000000000e-01 2.852932258608522e-05
9.954999999999999e-01 2.867050813568199e-05
9.960000000000000e-01 2.882805555759169e-05
9.964999999999999e-01 2.900673585492425e-05
9.970000000000000e-01 2.921382522118587e-05
9.974999999999999e-01 2.946089577968390e-05
9.980000000000000e-01 2.976808335622910e-05
9.984999999999999e-01 3.017604240630333e-05
9.990000000000000e-01 3.078422982767776e-05
9.994999999999999e-01 3.196210007199175e-05
