-1.000000000000000e+00 3.682484360773691e-07
-9.994965423831851e-01 3.677290686163634e-07
-9.979866764718843e-01 3.677587760603382e-07
-9.954719225730846e-01 3.685241935217275e-07
-9.919548128307953e-01 3.683533452985696e-07
-9.874388886763943e-01 3.696319636379639e-07
-9.819286972627066e-01 3.704230747920028e-07
-9.754297868854070e-01 3.711881154506775e-07
-9.679487013963562e-01 3.720637498167321e-07
-9.594929736144974e-01 3.731943775821355e-07
-9.500711177409453e-01 3.743850629847042e-07
-9.396926207859083e-01 3.757107577879538e-07
-9.283679330160726e-01 3.771838463739881e-07
-9.161084574320695e-01 3.788070783171293e-07
-9.029265382866211e-01 3.805464569032307e-07
-8.888354486549234e-01 3.824587115528146e-07
-8.738493770697849e-01 3.844848952356767e-07
-8.579834132349771e-01 3.866458237588878e-07
-8.412535328311810e-01 3.889905631586036e-07
-8.236765814298327e-01 3.914384802540367e-07
-8.052702575310586e-01 3.940778288491325e-07
-7.860530947427873e-01 3.968473527346907e-07
-7.660444431189779e-01 3.998076958660370e-07
-7.452644496757547e-01 4.030521907437042e-07
-7.237340381050702e-01 4.062287312272358e-07
-7.014748877063210e-01 4.108619268511490e-07
-6.785094115571321e-01 4.133785656273895e-07
-6.548607339452851e-01 4.171594798096833e-07
-6.305526670845222e-01 4.211946347084477e-07
-6.056096871376665e-01 4.253599063739970e-07
-5.800569095711980e-01 4.298157501028402e-07
-5.539200638661103e-01 4.344597825644635e-07
-5.272254676105025e-01 4.392532267664402e-07
-4.999999999999998e-01 4.443274335829902e-07
-4.722710747726826e-01 4.496586726707295e-07
-4.440666126057737e-01 4.552818140643993e-07
-4.154150130018863e-01 4.610498014190325e-07
-3.863451256931285e-01 4.670447821058831e-07
-3.568862215918718e-01 4.733563452305596e-07
-3.270679633174214e-01 4.792878546295984e-07
-2.969203753282748e-01 4.871602388432215e-07
-2.664738136900348e-01 4.941011787444882e-07
-2.357589355094272e-01 5.016586298786792e-07
-2.048066680651905e-01 5.104059568750563e-07
-1.736481776669303e-01 5.175237557877446e-07
-1.423148382732850e-01 5.260527914801479e-07
-1.108381999010110e-01 5.350130990322006e-07
-7.924995685678832e-02 5.443389194401904e-07
-4.758191582374206e-02 5.540900857825387e-07
-1.586596383480781e-02 5.643838503733541e-07
1.586596383480815e-02 5.751157088944370e-07
4.758191582374240e-02 5.860064037660854e-07
7.924995685678866e-02 5.977339115580229e-07
1.108381999010111e-01 6.099260781038239e-07
1.423148382732853e-01 6.231629374510531e-07
1.736481776669304e-01 6.364235818647200e-07
2.048066680651908e-01 6.505397872267433e-07
2.357589355094273e-01 6.654579326277877e-07
2.664738136900351e-01 6.811035473478416e-07
2.969203753282749e-01 6.969714776287593e-07
3.270679633174218e-01 7.142369132478239e-07
3.568862215918719e-01 7.322513063910493e-07
3.863451256931288e-01 7.514123247999092e-07
4.154150130018864e-01 7.713925690192490e-07
4.440666126057742e-01 7.932964499847474e-07
4.722710747726827e-01 8.159127854938689e-07
5.000000000000003e-01 8.397033196576035e-07
5.272254676105026e-01 8.650693713829649e-07
5.539200638661104e-01 8.914622949807269e-07
5.800569095711982e-01 9.206124146140233e-07
6.056096871376669e-01 9.511823089261017e-07
6.305526670845226e-01 9.839138335150527e-07
6.548607339452851e-01 1.018579851506356e-06
6.785094115571322e-01 1.056429680832829e-06
7.014748877063215e-01 1.097012704031732e-06
7.237340381050703e-01 1.140741149420091e-06
7.452644496757548e-01 1.187541261088811e-06
7.660444431189780e-01 1.238091886813934e-06
7.860530947427876e-01 1.294786919814920e-06
8.052702575310586e-01 1.355833165262063e-06
8.236765814298328e-01 1.423089559046269e-06
8.412535328311813e-01 1.497291776399553e-06
8.579834132349772e-01 1.579697152647123e-06
8.738493770697850e-01 1.672032806195288e-06
8.888354486549235e-01 1.775909764062972e-06
9.029265382866214e-01 1.893967265553027e-06
9.161084574320697e-01 2.029315003847676e-06
9.283679330160727e-01 2.186175069001220e-06
9.396926207859083e-01 2.370306422251339e-06
9.500711177409454e-01 2.590151285393695e-06
9.594929736144975e-01 2.857019907939851e-06
9.679487013963562e-01 3.188103516815681e-06
9.754297868854070e-01 3.611519122424734e-06
9.819286972627067e-01 4.172777352560634e-06
9.874388886763944e-01 4.954382518357742e-06
9.919548128307953e-01 6.119728780741952e-06
9.954719225730846e-01 8.035658729720854e-06
9.979866764718844e-01 1.186024982617228e-05
9.994965423831851e-01 2.338416102381510e-05
1.000000000000000e+00 2.200020293980773e-06
