-1.000000000000000e+00 3.678999607381097e-04
-9.805000000000000e-01 3.699349089865206e-04
-9.610000000000000e-01 3.720011248763611e-04
-9.415000000000000e-01 3.740994027091693e-04
-9.219999999999999e-01 3.762304988703392e-04
-9.025000000000000e-01 3.783956260246279e-04
-8.830000000000000e-01 3.805950531025485e-04
-8.634999999999999e-01 3.828301230072613e-04
-8.440000000000000e-01 3.851017183649030e-04
-8.245000000000000e-01 3.874108592753198e-04
-8.050000000000000e-01 3.897584593059066e-04
-7.855000000000000e-01 3.921457108734358e-04
-7.660000000000000e-01 3.945734768676104e-04
-7.464999999999997e-01 3.970433812212662e-04
-7.270000000000000e-01 3.995561331689163e-04
-7.075000000000001e-01 4.021132355559772e-04
-6.879999999999998e-01 4.047159203148654e-04
-6.685000000000001e-01 4.073656951957437e-04
-6.490000000000000e-01 4.100635948171910e-04
-6.295000000000002e-01 4.128114351803532e-04
-6.100000000000001e-01 4.156105238476391e-04
-5.904999999999999e-01 4.184627630323548e-04
-5.709999999999998e-01 4.213692391961357e-04
-5.515000000000001e-01 4.243325540871838e-04
-5.320000000000001e-01 4.273538070033189e-04
-5.125000000000001e-01 4.304351316243012e-04
-4.930000000000001e-01 4.335784982489997e-04
-4.735000000000001e-01 4.367860140833370e-04
-4.540000000000000e-01 4.400598239119512e-04
-4.345000000000002e-01 4.434022552121521e-04
-4.150000000000000e-01 4.468156616636126e-04
-3.955000000000000e-01 4.503025709909434e-04
-3.759999999999999e-01 4.538655982300019e-04
-3.564999999999999e-01 4.575075740957352e-04
-3.370000000000000e-01 4.612313449498379e-04
-3.174999999999999e-01 4.650399945223990e-04
-2.979999999999999e-01 4.689368773826775e-04
-2.785000000000000e-01 4.729250018991667e-04
-2.589999999999999e-01 4.770083961650229e-04
-2.394999999999999e-01 4.811905491899110e-04
-2.199999999999999e-01 4.854757385363484e-04
-2.004999999999999e-01 4.898679384513314e-04
-1.809999999999999e-01 4.943717055478990e-04
-1.615000000000001e-01 4.989917686744289e-04
-1.420000000000001e-01 5.037331464865416e-04
-1.225000000000000e-01 5.086011541194648e-04
-1.029999999999999e-01 5.136014435177211e-04
-8.349999999999999e-02 5.187400605381834e-04
-6.400000000000007e-02 5.240233146738390e-04
-4.449999999999989e-02 5.294581917326376e-04
-2.500000000000004e-02 5.350518091372286e-04
-5.499999999999857e-03 5.408118469759837e-04
1.400000000000017e-02 5.467470521797803e-04
3.349999999999984e-02 5.528657877148226e-04
5.299999999999994e-02 5.591780191369911e-04
7.250000000000016e-02 5.656937548814868e-04
9.200000000000018e-02 5.724239685596750e-04
1.114999999999999e-01 5.793807038294824e-04
1.310000000000002e-01 5.865766586001711e-04
1.505000000000001e-01 5.940261066737224e-04
1.700000000000000e-01 6.017426773560883e-04
1.895000000000001e-01 6.097442662377496e-04
2.090000000000000e-01 6.180472677112766e-04
2.285000000000000e-01 6.266715720309119e-04
2.480000000000000e-01 6.575121541913024e-04
2.675000000000001e-01 6.684136611542017e-04
2.869999999999999e-01 6.762523485975075e-04
3.065000000000000e-01 6.844925665696874e-04
3.260000000000000e-01 6.935775138595570e-04
3.454999999999999e-01 7.034912025513581e-04
3.650000000000002e-01 7.137153060255046e-04
3.844999999999998e-01 7.247068049834188e-04
4.040000000000002e-01 7.362940369039983e-04
4.234999999999999e-01 7.485152656242911e-04
4.429999999999998e-01 7.618518540218413e-04
4.625000000000000e-01 7.758338322012096e-04
4.819999999999999e-01 7.907668720024667e-04
5.014999999999999e-01 8.065911553312262e-04
5.209999999999999e-01 8.233987553880580e-04
5.404999999999998e-01 8.415003456852302e-04
5.600000000000001e-01 8.608701593924316e-04
5.794999999999999e-01 8.815484464482527e-04
5.990000000000000e-01 9.038775071144725e-04
6.185000000000000e-01 9.279952666520227e-04
6.379999999999999e-01 9.541874687180644e-04
6.575000000000000e-01 9.825913799612672e-04
6.769999999999998e-01 1.013704975796759e-03
6.965000000000001e-01 1.047890163924699e-03
7.160000000000000e-01 1.085715349844771e-03
7.354999999999998e-01 1.127754198803831e-03
7.549999999999999e-01 1.174872033521489e-03
7.745000000000000e-01 1.228127481393003e-03
7.940000000000000e-01 1.288992124361097e-03
8.134999999999999e-01 1.359491861987716e-03
8.329999999999997e-01 1.442206845923132e-03
8.525000000000000e-01 1.541248008102873e-03
8.719999999999999e-01 1.662544434537581e-03
8.915000000000000e-01 1.815700134631456e-03
9.110000000000000e-01 2.017599362771863e-03
9.304999999999999e-01 2.300370665771715e-03
9.500000000000000e-01 2.735382047990554e-03
9.504999999999999e-01 2.751815048895027e-03
9.510000000000000e-01 2.766596274361303e-03
9.514999999999999e-01 2.781572836920026e-03
9.520000000000000e-01 2.796756039810571e-03
9.524999999999999e-01 2.812178776302002e-03
9.530000000000000e-01 2.827881624696968e-03
9.534999999999999e-01 2.843866078062567e-03
9.540000000000000e-01 2.860053320193728e-03
9.544999999999999e-01 2.875669081038100e-03
9.550000000000000e-01 2.893330343088010e-03
9.554999999999999e-01 2.910342676475157e-03
9.560000000000000e-01 2.927715887071448e-03
9.564999999999999e-01 2.945317082863495e-03
9.570000000000000e-01 2.963289885340017e-03
9.574999999999999e-01 2.981520725791654e-03
9.580000000000000e-01 3.000109432361595e-03
9.584999999999999e-01 3.019067432117785e-03
9.590000000000000e-01 3.038314530957968e-03
9.594999999999999e-01 3.057942426163494e-03
9.600000000000000e-01 3.077942174495564e-03
9.604999999999999e-01 3.098348386707864e-03
9.610000000000000e-01 3.119095908147590e-03
9.614999999999999e-01 3.140306440477617e-03
9.620000000000000e-01 3.161907504362194e-03
9.624999999999999e-01 3.183939976193046e-03
9.630000000000000e-01 3.206388983513722e-03
9.634999999999999e-01 3.229321444670919e-03
9.640000000000000e-01 3.252789485183220e-03
9.644999999999999e-01 3.276683064800563e-03
9.650000000000000e-01 3.301126254280517e-03
9.654999999999999e-01 3.326065642782145e-03
9.660000000000000e-01 3.351600969775394e-03
9.664999999999999e-01 3.377658579909364e-03
9.670000000000000e-01 3.404366239406684e-03
9.674999999999999e-01 3.431657776343325e-03
9.680000000000000e-01 3.459565892346298e-03
9.684999999999999e-01 3.488203517929855e-03
9.690000000000000e-01 3.517461842608870e-03
9.694999999999999e-01 3.547502233807095e-03
9.700000000000000e-01 3.578239729009487e-03
9.704999999999999e-01 3.609812566927943e-03
9.710000000000000e-01 3.642175240000818e-03
9.714999999999999e-01 3.675389993214907e-03
9.720000000000000e-01 3.709497677894386e-03
9.724999999999999e-01 3.744533625150906e-03
9.730000000000000e-01 3.780500183362095e-03
9.734999999999999e-01 3.817530532131852e-03
9.740000000000000e-01 3.855620805971847e-03
9.744999999999999e-01 3.894835982284662e-03
9.750000000000000e-01 3.935249916066091e-03
9.754999999999999e-01 3.976847076658810e-03
9.760000000000000e-01 4.020111465920214e-03
9.764999999999999e-01 4.064108811561253e-03
9.770000000000000e-01 4.109806798701507e-03
9.774999999999999e-01 4.157029924031816e-03
9.780000000000000e-01 4.205889045140909e-03
9.784999999999999e-01 4.256475958150388e-03
9.790000000000000e-01 4.308809511487793e-03
9.794999999999999e-01 4.363096097280160e-03
9.800000000000000e-01 4.419373055884392e-03
9.804999999999999e-01 4.477889542522000e-03
9.810000000000000e-01 4.538619382421997e-03
9.814999999999999e-01 4.601829113316069e-03
9.820000000000000e-01 4.667660552932538e-03
9.824999999999999e-01 4.736305452688040e-03
9.830000000000000e-01 4.807931767970155e-03
9.834999999999999e-01 4.882835146573162e-03
9.840000000000000e-01 4.961257519542934e-03
9.844999999999999e-01 5.043394388422193e-03
9.850000000000000e-01 5.129677385651965e-03
9.854999999999999e-01 5.220364432578201e-03
9.860000000000000e-01 5.315903427587431e-03
9.864999999999999e-01 5.416659831518129e-03
9.870000000000000e-01 5.523242085286461e-03
9.874999999999999e-01 5.636086595852606e-03
9.880000000000000e-01 5.755642919073480e-03
9.884999999999999e-01 5.883626905172712e-03
9.890000000000000e-01 6.019931830597481e-03
9.894999999999999e-01 6.165852750857153e-03
9.900000000000000e-01 6.322596452333664e-03
9.904999999999999e-01 6.491610272686322e-03
9.910000000000000e-01 6.674479896986016e-03
9.914999999999999e-01 6.873339788227216e-03
9.920000000000000e-01 7.090530621477460e-03
9.924999999999999e-01 7.329150325075480e-03
9.930000000000000e-01 7.592932357466845e-03
9.934999999999999e-01 7.886641237085018e-03
9.940000000000000e-01 8.216338521897270e-03
9.944999999999999e-01 8.590119448238228e-03
9.950000000000000e-01 9.018697710387330e-03
9.954999999999999e-01 9.516949311210603e-03
9.960000000000000e-01 1.010596129728062e-02
9.964999999999999e-01 1.081714629261607e-02
9.970000000000000e-01 1.169953980229602e-02
9.974999999999999e-01 1.283506785902339e-02
9.980000000000000e-01 1.437348958513335e-02
9.984999999999999e-01 1.662815910080844e-02
9.990000000000000e-01 2.041096946225572e-02
9.994999999999999e-01 2.895082562168321e-02
