-1.000000000000000e+00 2.148980583655852e-03
-9.805000000000000e-01 2.159001689546819e-03
-9.610000000000000e-01 2.169163888474142e-03
-9.415000000000000e-01 2.179470683528088e-03
-9.219999999999999e-01 2.189925558418186e-03
-9.025000000000000e-01 2.200532191854491e-03
-8.830000000000000e-01 2.211294372983456e-03
-8.634999999999999e-01 2.222216074944745e-03
-8.440000000000000e-01 2.233301332025736e-03
-8.245000000000000e-01 2.244554338337721e-03
-8.050000000000000e-01 2.255979538220725e-03
-7.855000000000000e-01 2.267581456861211e-03
-7.660000000000000e-01 2.279364855370272e-03
-7.464999999999997e-01 2.291334690466839e-03
-7.270000000000000e-01 2.303495586711671e-03
-7.075000000000001e-01 2.315853362329710e-03
-6.879999999999998e-01 2.328413756251206e-03
-6.685000000000001e-01 2.341181722948170e-03
-6.490000000000000e-01 2.354163447536875e-03
-6.295000000000002e-01 2.367365169406659e-03
-6.100000000000001e-01 2.380793237709426e-03
-5.904999999999999e-01 2.394454927565179e-03
-5.709999999999998e-01 2.408356513665851e-03
-5.515000000000001e-01 2.422505695820848e-03
-5.320000000000001e-01 2.436910395316853e-03
-5.125000000000001e-01 2.451577575693593e-03
-4.930000000000001e-01 2.466516395786001e-03
-4.735000000000001e-01 2.481735282705127e-03
-4.540000000000000e-01 2.497243415124489e-03
-4.345000000000002e-01 2.513050166808620e-03
-4.150000000000000e-01 2.529165493652812e-03
-3.955000000000000e-01 2.545600237990461e-03
-3.759999999999999e-01 2.562364782530253e-03
-3.564999999999999e-01 2.579470837055123e-03
-3.370000000000000e-01 2.596930765959586e-03
-3.174999999999999e-01 2.614756676603400e-03
-2.979999999999999e-01 2.632962267059320e-03
-2.785000000000000e-01 2.651561466252410e-03
-2.589999999999999e-01 2.670568954764469e-03
-2.394999999999999e-01 2.690000375102968e-03
-2.199999999999999e-01 2.709872457742747e-03
-2.004999999999999e-01 2.730202044400749e-03
-1.809999999999999e-01 2.751007649267180e-03
-1.615000000000001e-01 2.772308660166701e-03
-1.420000000000001e-01 2.794125513159865e-03
-1.225000000000000e-01 2.816479958722111e-03
-1.029999999999999e-01 2.839388819502814e-03
-8.349999999999999e-02 2.862888906978346e-03
-6.400000000000007e-02 2.887000183339944e-03
-4.449999999999989e-02 2.911750427045891e-03
-2.500000000000004e-02 2.937175127909983e-03
-5.499999999999857e-03 2.963293187413436e-03
1.400000000000017e-02 2.990144437020143e-03
3.349999999999984e-02 3.017764974638018e-03
5.299999999999994e-02 3.046192952971978e-03
7.250000000000016e-02 3.075469694082825e-03
9.200000000000018e-02 3.105640640603065e-03
1.114999999999999e-01 3.136749846722163e-03
1.310000000000002e-01 3.168851448136973e-03
1.505000000000001e-01 3.202001231940914e-03
1.700000000000000e-01 3.236257267523929e-03
1.895000000000001e-01 3.271684782593989e-03
2.090000000000000e-01 3.308122952181806e-03
2.285000000000000e-01 3.346238256609237e-03
2.480000000000000e-01 3.385728840135912e-03
2.675000000000001e-01 3.426608108245232e-03
2.869999999999999e-01 3.469053707934581e-03
3.065000000000000e-01 3.513246680158847e-03
3.260000000000000e-01 3.559234153488260e-03
3.454999999999999e-01 3.607172071799568e-03
3.650000000000002e-01 3.657205832910865e-03
3.844999999999998e-01 3.709481897859220e-03
4.040000000000002e-01 3.764224769915712e-03
4.234999999999999e-01 3.821589879644722e-03
4.429999999999998e-01 3.881816596863737e-03
4.625000000000000e-01 3.945157421261757e-03
4.819999999999999e-01 4.011897284320857e-03
5.014999999999999e-01 4.082359489738546e-03
5.209999999999999e-01 4.156912479121986e-03
5.404999999999998e-01 4.235978404492400e-03
5.600000000000001e-01 4.320043374109412e-03
5.794999999999999e-01 4.409671071257630e-03
5.990000000000000e-01 4.505519055583816e-03
6.185000000000000e-01 4.608359944820277e-03
6.379999999999999e-01 4.719109118131636e-03
6.575000000000000e-01 4.838860371796487e-03
6.769999999999998e-01 4.968933487328854e-03
6.965000000000001e-01 5.110938669286356e-03
7.160000000000000e-01 5.266863446423539e-03
7.354999999999998e-01 5.439196265239607e-03
7.549999999999999e-01 5.631101562323769e-03
7.745000000000000e-01 5.846675572426656e-03
7.940000000000000e-01 6.091335352344085e-03
8.134999999999999e-01 6.372420963683140e-03
8.329999999999997e-01 6.700177853223953e-03
8.525000000000000e-01 7.089429018946209e-03
8.719999999999999e-01 7.562599974354664e-03
8.915000000000000e-01 8.155617435922934e-03
9.110000000000000e-01 8.930584166259341e-03
9.304999999999999e-01 1.000691625761432e-02
9.500000000000000e-01 1.165441911477519e-02
9.504999999999999e-01 1.170894898001258e-02
9.510000000000000e-01 1.176430385655655e-02
9.514999999999999e-01 1.182050373268263e-02
9.520000000000000e-01 1.187757099882166e-02
9.524999999999999e-01 1.193552870623896e-02
9.530000000000000e-01 1.199440012901963e-02
9.534999999999999e-01 1.205420965098065e-02
9.540000000000000e-01 1.211498273702153e-02
9.544999999999999e-01 1.217674567096410e-02
9.550000000000000e-01 1.223952582595641e-02
9.554999999999999e-01 1.230335157056153e-02
9.560000000000000e-01 1.236825184384109e-02
9.564999999999999e-01 1.243425939575748e-02
9.570000000000000e-01 1.250140412626008e-02
9.574999999999999e-01 1.256972001631604e-02
9.580000000000000e-01 1.263924172119214e-02
9.584999999999999e-01 1.271000538501225e-02
9.590000000000000e-01 1.278204839892490e-02
9.594999999999999e-01 1.285541079747323e-02
9.600000000000000e-01 1.293013282626970e-02
9.604999999999999e-01 1.300625751116199e-02
9.610000000000000e-01 1.308382853097042e-02
9.614999999999999e-01 1.316289572768546e-02
9.620000000000000e-01 1.324350491060469e-02
9.624999999999999e-01 1.332570785538752e-02
9.630000000000000e-01 1.340955918797669e-02
9.634999999999999e-01 1.349511397495853e-02
9.640000000000000e-01 1.358243139641354e-02
9.644999999999999e-01 1.367157316162263e-02
9.650000000000000e-01 1.376248050746512e-02
9.654999999999999e-01 1.385559212876940e-02
9.660000000000000e-01 1.395060891908802e-02
9.664999999999999e-01 1.404772973775455e-02
9.670000000000000e-01 1.414703377281586e-02
9.674999999999999e-01 1.424860452927534e-02
9.680000000000000e-01 1.435253002210674e-02
9.684999999999999e-01 1.445890316599102e-02
9.690000000000000e-01 1.456780711709128e-02
9.694999999999999e-01 1.467939041298058e-02
9.700000000000000e-01 1.479371798556316e-02
9.704999999999999e-01 1.491092102962106e-02
9.710000000000000e-01 1.535754777557054e-02
9.714999999999999e-01 1.547550076938977e-02
9.720000000000000e-01 1.556853867820832e-02
9.724999999999999e-01 1.567045513873833e-02
9.730000000000000e-01 1.578386066655829e-02
9.734999999999999e-01 1.589785136999420e-02
9.740000000000000e-01 1.602364502699669e-02
9.744999999999999e-01 1.615388903871743e-02
9.750000000000000e-01 1.628992832378880e-02
9.754999999999999e-01 1.643036689419843e-02
9.760000000000000e-01 1.657984708428663e-02
9.764999999999999e-01 1.673184707980000e-02
9.770000000000000e-01 1.688979960396312e-02
9.774999999999999e-01 1.705485866246083e-02
9.780000000000000e-01 1.722684275937444e-02
9.784999999999999e-01 1.740397991351861e-02
9.790000000000000e-01 1.758965595266158e-02
9.794999999999999e-01 1.778276163180758e-02
9.800000000000000e-01 1.798192823795069e-02
9.804999999999999e-01 1.819041395450340e-02
9.810000000000000e-01 1.840563490632940e-02
9.814999999999999e-01 1.863267812930853e-02
9.820000000000000e-01 1.886677242741719e-02
9.824999999999999e-01 1.911399214004950e-02
9.830000000000000e-01 1.937034129597985e-02
9.834999999999999e-01 1.963963276692213e-02
9.840000000000000e-01 1.992185246439788e-02
9.844999999999999e-01 2.021648688476678e-02
9.850000000000000e-01 2.052690657733355e-02
9.854999999999999e-01 2.085539464658780e-02
9.860000000000000e-01 2.119956586751065e-02
9.864999999999999e-01 2.156361358677203e-02
9.870000000000000e-01 2.194878780847152e-02
9.874999999999999e-01 2.235721302096232e-02
9.880000000000000e-01 2.279126449529374e-02
9.884999999999999e-01 2.325366095776074e-02
9.890000000000000e-01 2.374759966234896e-02
9.894999999999999e-01 2.427591905136399e-02
9.900000000000000e-01 2.484593129055277e-02
9.904999999999999e-01 2.545877160377399e-02
9.910000000000000e-01 2.612348322847109e-02
9.914999999999999e-01 2.684531668903346e-02
9.920000000000000e-01 2.763478502931165e-02
9.924999999999999e-01 2.850239598393281e-02
9.930000000000000e-01 2.946124529063047e-02
9.934999999999999e-01 3.053021028097902e-02
9.940000000000000e-01 3.173091702997934e-02
9.944999999999999e-01 3.309073201476079e-02
9.950000000000000e-01 3.465182851253911e-02
9.954999999999999e-01 3.646700953627530e-02
9.960000000000000e-01 3.861228883714306e-02
9.964999999999999e-01 4.120358173188104e-02
9.970000000000000e-01 4.441733850151317e-02
9.974999999999999e-01 4.855971967527672e-02
9.980000000000000e-01 5.416867567922844e-02
9.984999999999999e-01 6.238786201074992e-02
9.990000000000000e-01 7.618758507743748e-02
9.994999999999999e-01 1.073385802885316e-01
