-1.000000000000000e+00 2.580344956715527e-02
-9.805000000000000e-01 2.590398695421909e-02
-9.610000000000000e-01 2.600583658555596e-02
-9.415000000000000e-01 2.610902086709675e-02
-9.219999999999999e-01 2.621357210773767e-02
-9.025000000000000e-01 2.631951902268875e-02
-8.830000000000000e-01 2.642689592327846e-02
-8.634999999999999e-01 2.653574231982236e-02
-8.440000000000000e-01 2.664608423377698e-02
-8.245000000000000e-01 2.675796232502713e-02
-8.050000000000000e-01 2.687141782558421e-02
-7.855000000000000e-01 2.698648146376316e-02
-7.660000000000000e-01 2.710319801490935e-02
-7.464999999999997e-01 2.722160163046064e-02
-7.270000000000000e-01 2.734174772900785e-02
-7.075000000000001e-01 2.746367839341595e-02
-6.879999999999998e-01 2.758743180472093e-02
-6.685000000000001e-01 2.771306073399963e-02
-6.490000000000000e-01 2.784061275134242e-02
-6.295000000000002e-01 2.797014007933049e-02
-6.100000000000001e-01 2.810169987151309e-02
-5.904999999999999e-01 2.823534044380490e-02
-5.709999999999998e-01 2.837112791929000e-02
-5.515000000000001e-01 2.850911824994122e-02
-5.320000000000001e-01 2.864937142828871e-02
-5.125000000000001e-01 2.879195668638306e-02
-4.930000000000001e-01 2.893694133516433e-02
-4.735000000000001e-01 2.908438753475314e-02
-4.540000000000000e-01 2.923438885494814e-02
-4.345000000000002e-01 2.938700211286415e-02
-4.150000000000000e-01 2.954231679858614e-02
-3.955000000000000e-01 2.970041276238016e-02
-3.759999999999999e-01 2.986138168593160e-02
-3.564999999999999e-01 3.002531022893243e-02
-3.370000000000000e-01 3.019229668992076e-02
-3.174999999999999e-01 3.036244345154899e-02
-2.979999999999999e-01 3.053584927954578e-02
-2.785000000000000e-01 3.071262939266248e-02
-2.589999999999999e-01 3.089289485249383e-02
-2.394999999999999e-01 3.107677205855804e-02
-2.199999999999999e-01 3.126438104724702e-02
-2.004999999999999e-01 3.145586264581338e-02
-1.809999999999999e-01 3.165135352079727e-02
-1.615000000000001e-01 3.185099592672259e-02
-1.420000000000001e-01 3.205495501740026e-02
-1.225000000000000e-01 3.226339453913867e-02
-1.029999999999999e-01 3.247648321128797e-02
-8.349999999999999e-02 3.269440489245441e-02
-6.400000000000007e-02 3.291735862638320e-02
-4.449999999999989e-02 3.314554416942989e-02
-2.500000000000004e-02 3.337917935352117e-02
-5.499999999999857e-03 3.361849983089193e-02
1.400000000000017e-02 3.386374862905717e-02
3.349999999999984e-02 3.411518589225015e-02
5.299999999999994e-02 3.437308832123127e-02
7.250000000000016e-02 3.463775429255211e-02
9.200000000000018e-02 3.490950136282912e-02
1.114999999999999e-01 3.518865985620030e-02
1.310000000000002e-01 3.547560429924605e-02
1.505000000000001e-01 3.577071590338961e-02
1.700000000000000e-01 3.607440931276686e-02
1.895000000000001e-01 3.638713511507841e-02
2.090000000000000e-01 3.670937807938674e-02
2.285000000000000e-01 3.704165721720914e-02
2.480000000000000e-01 3.738453918605652e-02
2.675000000000001e-01 3.773863037257318e-02
2.869999999999999e-01 3.810460162401384e-02
3.065000000000000e-01 3.848317454420504e-02
3.260000000000000e-01 3.887513435322838e-02
3.454999999999999e-01 3.928134474181779e-02
3.650000000000002e-01 3.970275382874681e-02
3.844999999999998e-01 4.014039693042862e-02
4.040000000000002e-01 4.059542974429278e-02
4.234999999999999e-01 4.106912133818391e-02
4.429999999999998e-01 4.156287274238884e-02
4.625000000000000e-01 4.207826361695774e-02
4.819999999999999e-01 4.261704971437482e-02
5.014999999999999e-01 4.318120164597212e-02
5.209999999999999e-01 4.377294919770164e-02
5.404999999999998e-01 4.439481604725094e-02
5.600000000000001e-01 4.504968104856939e-02
5.794999999999999e-01 4.574083786506122e-02
5.990000000000000e-01 4.647208975542978e-02
6.185000000000000e-01 4.724785242287777e-02
6.379999999999999e-01 4.807328897915098e-02
6.575000000000000e-01 4.895448535832556e-02
6.769999999999998e-01 4.989867795733068e-02
6.965000000000001e-01 5.091458745033171e-02
7.160000000000000e-01 5.201279377055208e-02
7.354999999999998e-01 5.320633987486487e-02
7.549999999999999e-01 5.451152186356868e-02
7.745000000000000e-01 5.594906610034776e-02
7.940000000000000e-01 5.754584257601526e-02
8.134999999999999e-01 5.933751890755590e-02
8.329999999999997e-01 6.137276794324981e-02
8.525000000000000e-01 6.372034182573010e-02
8.719999999999999e-01 6.648153239699761e-02
8.915000000000000e-01 6.981397084490498e-02
9.110000000000000e-01 7.398146510590321e-02
9.304999999999999e-01 7.947304237941485e-02
9.500000000000000e-01 8.734757421307561e-02
9.504999999999999e-01 8.759899921537698e-02
9.510000000000000e-01 8.785368345907722e-02
9.514999999999999e-01 8.811170487734395e-02
9.520000000000000e-01 8.837314399200043e-02
9.524999999999999e-01 8.863808372578522e-02
9.530000000000000e-01 8.890661181016168e-02
9.534999999999999e-01 8.917881650073456e-02
9.540000000000000e-01 8.945479091425067e-02
9.544999999999999e-01 8.973463153341324e-02
9.550000000000000e-01 9.001843782861875e-02
9.554999999999999e-01 9.030631043187598e-02
9.560000000000000e-01 9.059836263793705e-02
9.564999999999999e-01 9.089470322925199e-02
9.570000000000000e-01 9.119544791018606e-02
9.574999999999999e-01 9.150071774302861e-02
9.580000000000000e-01 9.181063735622082e-02
9.584999999999999e-01 9.212533806176976e-02
9.590000000000000e-01 9.244495458012181e-02
9.594999999999999e-01 9.276962929085672e-02
9.600000000000000e-01 9.309951197691914e-02
9.604999999999999e-01 9.343475033593310e-02
9.610000000000000e-01 9.377550740213240e-02
9.614999999999999e-01 9.412194811783585e-02
9.620000000000000e-01 9.447425215389058e-02
9.624999999999999e-01 9.483259927885732e-02
9.630000000000000e-01 9.519718170347910e-02
9.634999999999999e-01 9.556819378093624e-02
9.640000000000000e-01 9.594565314586004e-02
9.644999999999999e-01 9.633036787860082e-02
9.650000000000000e-01 9.672197515018191e-02
9.654999999999999e-01 9.712091289481967e-02
9.660000000000000e-01 9.752743322834448e-02
9.664999999999999e-01 9.794180192379891e-02
9.670000000000000e-01 9.836429673337811e-02
9.674999999999999e-01 9.879521090784396e-02
9.680000000000000e-01 9.923485285469022e-02
9.684999999999999e-01 9.968354747355000e-02
9.690000000000000e-01 1.001416374366681e-01
9.694999999999999e-01 1.006094841992626e-01
9.700000000000000e-01 1.010874696308345e-01
9.704999999999999e-01 1.015759974816454e-01
9.710000000000000e-01 1.020754948500612e-01
9.714999999999999e-01 1.025864137819465e-01
9.720000000000000e-01 1.031092357562501e-01
9.724999999999999e-01 1.036444682374245e-01
9.730000000000000e-01 1.041926523899378e-01
9.734999999999999e-01 1.047543661356874e-01
9.740000000000000e-01 1.053302199774329e-01
9.744999999999999e-01 1.059208685133914e-01
9.750000000000000e-01 1.065270096250547e-01
9.754999999999999e-01 1.071493894611762e-01
9.760000000000000e-01 1.077888067268793e-01
9.764999999999999e-01 1.084461176273082e-01
9.770000000000000e-01 1.091222414237553e-01
9.774999999999999e-01 1.098181665176233e-01
9.780000000000000e-01 1.105349572220094e-01
9.784999999999999e-01 1.112737622198623e-01
9.790000000000000e-01 1.120358225236813e-01
9.794999999999999e-01 1.128224817807153e-01
9.800000000000000e-01 1.136351971959244e-01
9.804999999999999e-01 1.144755534634583e-01
9.810000000000000e-01 1.153452758848165e-01
9.814999999999999e-01 1.162462494907274e-01
9.820000000000000e-01 1.171805327861423e-01
9.824999999999999e-01 1.181503901917929e-01
9.830000000000000e-01 1.191583079422519e-01
9.834999999999999e-01 1.202070292765035e-01
9.840000000000000e-01 1.212995884636682e-01
9.844999999999999e-01 1.224393523635322e-01
9.850000000000000e-01 1.236300691404263e-01
9.854999999999999e-01 1.248759265444144e-01
9.860000000000000e-01 1.261816204126159e-01
9.864999999999999e-01 1.275524357450664e-01
9.870000000000000e-01 1.289943536693439e-01
9.874999999999999e-01 1.305141630676689e-01
9.880000000000000e-01 1.321196195286024e-01
9.884999999999999e-01 1.338173210119220e-01
9.890000000000000e-01 1.356244471839571e-01
9.894999999999999e-01 1.375460317793209e-01
9.900000000000000e-01 1.395983511595943e-01
9.904999999999999e-01 1.417978746286672e-01
9.910000000000000e-01 1.441641829734789e-01
9.914999999999999e-01 1.467207737910653e-01
9.920000000000000e-01 1.494961376278549e-01
9.924999999999999e-01 1.525252149163996e-01
9.930000000000000e-01 1.558514198570678e-01
9.934999999999999e-01 1.595295007553300e-01
9.940000000000000e-01 1.636296743095988e-01
9.944999999999999e-01 1.682437774573929e-01
9.950000000000000e-01 1.734947108587181e-01
9.954999999999999e-01 1.795514824695653e-01
9.960000000000000e-01 1.866542728470336e-01
9.964999999999999e-01 1.951585026893719e-01
9.970000000000000e-01 2.056177248672317e-01
9.974999999999999e-01 2.189536435183710e-01
9.980000000000000e-01 2.368475128332466e-01
9.984999999999999e-01 2.628020463803234e-01
9.990000000000000e-01 3.058643365512526e-01
9.994999999999999e-01 4.036376686512988e-01
