-1.000000000000000e+00 1.937302151452708e-01
-9.994965423831851e-01 1.937675636256461e-01
-9.979866764718843e-01 1.938796655085155e-01
-9.954719225730846e-01 1.940666902919288e-01
-9.919548128307953e-01 1.943289210495361e-01
-9.874388886763943e-01 1.946667552988543e-01
-9.819286972627066e-01 1.950807062226909e-01
-9.754297868854070e-01 1.955714042496224e-01
-9.679487013963562e-01 1.961395990011679e-01
-9.594929736144974e-01 1.967861616150995e-01
-9.500711177409453e-01 1.975120874561818e-01
-9.396926207859083e-01 1.983184992275613e-01
-9.283679330160726e-01 1.992066504980345e-01
-9.161084574320695e-01 2.001779296625288e-01
-9.029265382866211e-01 2.012338643553418e-01
-8.888354486549234e-01 2.023761263380193e-01
-8.738493770697849e-01 2.036065368862270e-01
-8.579834132349771e-01 2.049270727025855e-01
-8.412535328311810e-01 2.063398723852352e-01
-8.236765814298327e-01 2.078472434848629e-01
-8.052702575310586e-01 2.094516701860938e-01
-7.860530947427873e-01 2.111558216525419e-01
-7.660444431189779e-01 2.129625610784304e-01
-7.452644496757547e-01 2.148749554935699e-01
-7.237340381050702e-01 2.168962863726282e-01
-7.014748877063210e-01 2.190300611040581e-01
-6.785094115571321e-01 2.212800253787912e-01
-6.548607339452851e-01 2.236501765638721e-01
-6.305526670845222e-01 2.261447781316073e-01
-6.056096871376665e-01 2.287683752205551e-01
-5.800569095711980e-01 2.315258114107976e-01
-5.539200638661103e-01 2.344222468023996e-01
-5.272254676105025e-01 2.374631774927988e-01
-4.999999999999998e-01 2.406544565560309e-01
-4.722710747726826e-01 2.440023166341901e-01
-4.440666126057737e-01 2.475133942592807e-01
-4.154150130018863e-01 2.511947560315823e-01
-3.863451256931285e-01 2.550539267887350e-01
-3.568862215918718e-01 2.590989199078146e-01
-3.270679633174214e-01 2.633382698905469e-01
-2.969203753282748e-01 2.677810673892662e-01
-2.664738136900348e-01 2.724369968379509e-01
-2.357589355094272e-01 2.773163768582708e-01
-2.048066680651905e-01 2.824302036145447e-01
-1.736481776669303e-01 2.877901972931547e-01
-1.423148382732850e-01 2.934088518804731e-01
-1.108381999010110e-01 2.992994884076124e-01
-7.924995685678832e-02 3.054763118189796e-01
-4.758191582374206e-02 3.119544716029171e-01
-1.586596383480781e-02 3.187501262945073e-01
1.586596383480815e-02 3.258805119201047e-01
4.758191582374240e-02 3.333640143969063e-01
7.924995685678866e-02 3.412202458245436e-01
1.108381999010111e-01 3.494701245038559e-01
1.423148382732853e-01 3.581359583839547e-01
1.736481776669304e-01 3.672415314640247e-01
2.048066680651908e-01 3.768121924506550e-01
2.357589355094273e-01 3.868749446820179e-01
2.664738136900351e-01 3.974585359611696e-01
2.969203753282749e-01 4.085935464727913e-01
3.270679633174218e-01 4.203124723673519e-01
3.568862215918719e-01 4.326498018554899e-01
3.863451256931288e-01 4.456420797292981e-01
4.154150130018864e-01 4.593279550756439e-01
4.440666126057742e-01 4.737482055222337e-01
4.722710747726827e-01 4.889457296051616e-01
5.000000000000003e-01 5.049654967056431e-01
5.272254676105026e-01 5.218544414063282e-01
5.539200638661104e-01 5.396612859942591e-01
5.800569095711982e-01 5.584362711207570e-01
6.056096871376669e-01 5.782307702625178e-01
6.305526670845226e-01 5.990967585823107e-01
6.548607339452851e-01 6.210861010779264e-01
6.785094115571322e-01 6.442496186276360e-01
7.014748877063215e-01 6.686358839034792e-01
7.237340381050703e-01 6.942896925239669e-01
7.452644496757548e-01 7.212501489062810e-01
7.660444431189780e-01 7.495483020586958e-01
7.860530947427876e-01 7.792042654955427e-01
8.052702575310586e-01 8.102237596100009e-01
8.236765814298328e-01 8.425940269361837e-01
8.412535328311813e-01 8.762790942268865e-01
8.579834132349772e-01 8.244788896957798e-01
8.738493770697850e-01 8.641472806990652e-01
8.888354486549235e-01 9.066776489081979e-01
9.029265382866214e-01 9.521654354530247e-01
9.161084574320697e-01 1.443401256212886e+00
9.283679330160727e-01 1.582151763715465e+00
9.396926207859083e-01 1.759656547734863e+00
9.500711177409454e-01 1.841865858100223e+00
9.594929736144975e-01 1.992042683119179e+00
9.679487013963562e-01 2.261497010092331e+00
9.754297868854070e-01 2.615752376110188e+00
9.819286972627067e-01 3.077485206689311e+00
9.874388886763944e-01 3.725096880855051e+00
9.919548128307953e-01 4.683486006029082e+00
9.954719225730846e-01 6.307138001955327e+00
9.979866764718844e-01 9.557442012173134e+00
9.994965423831851e-01 1.931455761012278e+01
1.000000000000000e+00 1.505610527695270e+02
