-1.000000000000000e+00 4.669648279953879e-01
-9.994965423831851e-01 4.669794502521363e-01
-9.979866764718843e-01 4.670233097457659e-01
-9.954719225730846e-01 4.670963846363792e-01
-9.919548128307953e-01 4.671986384906647e-01
-9.874388886763943e-01 4.673300202317279e-01
-9.819286972627066e-01 4.674904640688575e-01
-9.754297868854070e-01 4.676798894080039e-01
-9.679487013963562e-01 4.678982007414544e-01
-9.594929736144974e-01 4.681452879502891e-01
-9.500711177409453e-01 4.684210244474896e-01
-9.396926207859083e-01 4.687252695500197e-01
-9.283679330160726e-01 4.690578666135946e-01
-9.161084574320695e-01 4.694186432447572e-01
-9.029265382866211e-01 4.698074105464446e-01
-8.888354486549234e-01 4.702239649772105e-01
-8.738493770697849e-01 4.706680849818292e-01
-8.579834132349771e-01 4.711395327684548e-01
-8.412535328311810e-01 4.716380535114165e-01
-8.236765814298327e-01 4.721633750458003e-01
-8.052702575310586e-01 4.727152075469478e-01
-7.860530947427873e-01 4.732932435832120e-01
-7.660444431189779e-01 4.738971562611640e-01
-7.452644496757547e-01 4.745266006089641e-01
-7.237340381050702e-01 4.751812135831041e-01
-7.014748877063210e-01 4.758606113793337e-01
-6.785094115571321e-01 4.765643907766206e-01
-6.548607339452851e-01 4.772921286549868e-01
-6.305526670845222e-01 4.780433798961856e-01
-6.056096871376665e-01 4.788176803663204e-01
-5.800569095711980e-01 4.796145433536310e-01
-5.539200638661103e-01 4.804334596462005e-01
-5.272254676105025e-01 4.812738993335623e-01
-4.999999999999998e-01 4.821353083368993e-01
-4.722710747726826e-01 4.830171104565116e-01
-4.440666126057737e-01 4.839187051200012e-01
-4.154150130018863e-01 4.848394688168662e-01
-3.863451256931285e-01 4.857787532749889e-01
-3.568862215918718e-01 4.867358851630956e-01
-3.270679633174214e-01 4.877101665479514e-01
-2.969203753282748e-01 4.887008745603246e-01
-2.664738136900348e-01 4.897072600113382e-01
-2.357589355094272e-01 4.907285484925312e-01
-2.048066680651905e-01 4.917639383521383e-01
-1.736481776669303e-01 4.928126023670539e-01
-1.423148382732850e-01 4.938736868038383e-01
-1.108381999010110e-01 4.949463108143016e-01
-7.924995685678832e-02 4.960295668258433e-01
-4.758191582374206e-02 4.971225204712642e-01
-1.586596383480781e-02 4.982242104714715e-01
1.586596383480815e-02 4.993336487623432e-01
4.758191582374240e-02 5.004498206110127e-01
7.924995685678866e-02 5.015716848131062e-01
1.108381999010111e-01 5.026981739638062e-01
1.423148382732853e-01 5.038281948072526e-01
1.736481776669304e-01 5.049606286717006e-01
2.048066680651908e-01 5.060943319926891e-01
2.357589355094273e-01 5.072281369323812e-01
2.664738136900351e-01 5.083608520993900e-01
2.969203753282749e-01 5.094912633746260e-01
3.270679633174218e-01 5.106181348486830e-01
3.568862215918719e-01 5.117402098760151e-01
3.863451256931288e-01 5.128562122510412e-01
4.154150130018864e-01 5.139648475111503e-01
4.440666126057742e-01 5.150648043710926e-01
4.722710747726827e-01 5.161547562929868e-01
5.000000000000003e-01 5.172333631974064e-01
5.272254676105026e-01 5.182992733138111e-01
5.539200638661104e-01 5.193511251785746e-01
5.800569095711982e-01 5.203875497961115e-01
6.056096871376669e-01 5.214071729057974e-01
6.305526670845226e-01 5.224086174485874e-01
6.548607339452851e-01 5.233905061813700e-01
6.785094115571322e-01 5.243514643592558e-01
7.014748877063215e-01 5.252901226836465e-01
7.237340381050703e-01 5.262051203001719e-01
7.452644496757548e-01 5.270951079659179e-01
7.660444431189780e-01 5.279587513487231e-01
7.860530947427876e-01 5.287947343996791e-01
8.052702575310586e-01 5.296017629275447e-01
8.236765814298328e-01 5.303785681752216e-01
8.412535328311813e-01 5.311239104788225e-01
8.579834132349772e-01 5.318365831064604e-01
8.738493770697850e-01 5.325154160054401e-01
8.888354486549235e-01 5.331592796140978e-01
9.029265382866214e-01 5.337670887441481e-01
9.161084574320697e-01 5.343378063392367e-01
9.283679330160727e-01 5.348704473495244e-01
9.396926207859083e-01 5.353640821965159e-01
9.500711177409454e-01 5.358178405954677e-01
9.594929736144975e-01 5.362309148815908e-01
9.679487013963562e-01 5.366025633244311e-01
9.754297868854070e-01 5.369321131918232e-01
9.819286972627067e-01 5.372189637380778e-01
9.874388886763944e-01 5.374625886378904e-01
9.919548128307953e-01 5.376625384425600e-01
9.954719225730846e-01 5.378184425672858e-01
9.979866764718844e-01 5.379300109849343e-01
9.994965423831851e-01 5.379970355629138e-01
1.000000000000000e+00 5.380193910303179e-01
