-1.000000000000000e+00 3.768909697987996e-01
-9.994965423831851e-01 3.769234924737579e-01
-9.979866764718843e-01 3.770212418131854e-01
-9.954719225730846e-01 3.771844108963311e-01
-9.919548128307953e-01 3.774129572049083e-01
-9.874388886763943e-01 3.777068267048090e-01
-9.819286972627066e-01 3.780662097149791e-01
-9.754297868854070e-01 3.784913752289225e-01
-9.679487013963562e-01 3.789827278794615e-01
-9.594929736144974e-01 3.795406467703445e-01
-9.500711177409453e-01 3.801651012545700e-01
-9.396926207859083e-01 3.808564492961497e-01
-9.283679330160726e-01 3.816152884138111e-01
-9.161084574320695e-01 3.824418709064260e-01
-9.029265382866211e-01 3.833365897184573e-01
-8.888354486549234e-01 3.843003494797224e-01
-8.738493770697849e-01 3.853330066817969e-01
-8.579834132349771e-01 3.864360796199117e-01
-8.412535328311810e-01 3.876095452305988e-01
-8.236765814298327e-01 3.888541872019226e-01
-8.052702575310586e-01 3.901710512890202e-01
-7.860530947427873e-01 3.915597258532705e-01
-7.660444431189779e-01 3.930227586788839e-01
-7.452644496757547e-01 3.945597529690220e-01
-7.237340381050702e-01 3.961723605478429e-01
-7.014748877063210e-01 3.978605790321764e-01
-6.785094115571321e-01 3.996267449622308e-01
-6.548607339452851e-01 4.014704093342183e-01
-6.305526670845222e-01 4.033939488836637e-01
-6.056096871376665e-01 4.053978915420224e-01
-5.800569095711980e-01 4.074836861605269e-01
-5.539200638661103e-01 4.096523480328879e-01
-5.272254676105025e-01 4.119052810056104e-01
-4.999999999999998e-01 4.142440480023888e-01
-4.722710747726826e-01 4.166702973737446e-01
-4.440666126057737e-01 4.191847030448972e-01
-4.154150130018863e-01 4.217902191087224e-01
-3.863451256931285e-01 4.244875450552770e-01
-3.568862215918718e-01 4.272782574520135e-01
-3.270679633174214e-01 4.301653584656303e-01
-2.969203753282748e-01 4.331496599044879e-01
-2.664738136900348e-01 4.362334610574715e-01
-2.357589355094272e-01 4.394192144329368e-01
-2.048066680651905e-01 4.427088130299522e-01
-1.736481776669303e-01 4.461044217061763e-01
-1.423148382732850e-01 4.496079666406609e-01
-1.108381999010110e-01 4.532234101863720e-01
-7.924995685678832e-02 4.569506278806073e-01
-4.758191582374206e-02 4.607946436987012e-01
-1.586596383480781e-02 4.647559284740185e-01
1.586596383480815e-02 4.688389763477805e-01
4.758191582374240e-02 4.730445624142448e-01
7.924995685678866e-02 4.773760281362421e-01
1.108381999010111e-01 4.818361549919293e-01
1.423148382732853e-01 4.864276313827280e-01
1.736481776669304e-01 4.911547809441338e-01
2.048066680651908e-01 4.960186955768199e-01
2.357589355094273e-01 5.010240434702898e-01
2.664738136900351e-01 5.061740026870987e-01
2.969203753282749e-01 5.114720453505541e-01
3.270679633174218e-01 5.169213013041407e-01
3.568862215918719e-01 5.225261536156974e-01
3.863451256931288e-01 5.282888972750815e-01
4.154150130018864e-01 5.342134611179614e-01
4.440666126057742e-01 5.403035456941713e-01
4.722710747726827e-01 5.465602332573515e-01
5.000000000000003e-01 5.529890258818422e-01
5.272254676105026e-01 5.595920584220142e-01
5.539200638661104e-01 5.663743039748262e-01
5.800569095711982e-01 5.733409160031375e-01
6.056096871376669e-01 5.804997341019359e-01
6.305526670845226e-01 5.878611169634190e-01
6.548607339452851e-01 5.954394663827277e-01
6.785094115571322e-01 6.032525192231919e-01
7.014748877063215e-01 6.113242304472745e-01
7.237340381050703e-01 6.196831542852768e-01
7.452644496757548e-01 6.283628341195422e-01
7.660444431189780e-01 6.374033944841830e-01
7.860530947427876e-01 6.468494111366954e-01
8.052702575310586e-01 6.567519269594868e-01
8.236765814298328e-01 6.671673457285436e-01
8.412535328311813e-01 6.781573189856165e-01
8.579834132349772e-01 6.897907427909961e-01
8.738493770697850e-01 7.021436699469639e-01
8.888354486549235e-01 7.153021532865512e-01
9.029265382866214e-01 7.293645859348525e-01
9.161084574320697e-01 7.444478253108083e-01
9.283679330160727e-01 7.606942968039805e-01
9.396926207859083e-01 7.782842075094623e-01
9.500711177409454e-01 7.974544731227488e-01
9.594929736144975e-01 8.185287177822944e-01
9.679487013963562e-01 8.419691111117482e-01
9.754297868854070e-01 8.684667144420444e-01
9.819286972627067e-01 8.991155247572316e-01
9.874388886763944e-01 9.357784025382166e-01
9.919548128307953e-01 9.819636453145095e-01
9.954719225730846e-01 1.045349009796514e+00
9.979866764718844e-01 1.147511700968400e+00
9.994965423831851e-01 1.389898195003163e+00
1.000000000000000e+00 1.069390087854076e+00
