-1.000000000000000e+00 2.017454208536676e-01
-9.994965423831851e-01 2.017791368193361e-01
-9.979866764718843e-01 2.008274198834284e-01
-9.954719225730846e-01 2.008909473271434e-01
-9.919548128307953e-01 2.011294399851325e-01
-9.874388886763943e-01 2.025966144266546e-01
-9.819286972627066e-01 2.029723801691807e-01
-9.754297868854070e-01 2.034228820049537e-01
-9.679487013963562e-01 2.039344689906756e-01
-9.594929736144974e-01 2.024131726940462e-01
-9.500711177409453e-01 1.989700207360644e-01
-9.396926207859083e-01 1.996956791537595e-01
-9.283679330160726e-01 2.004944439350914e-01
-9.161084574320695e-01 2.013703261634747e-01
-9.029265382866211e-01 2.023133938643696e-01
-8.888354486549234e-01 2.033412786401833e-01
-8.738493770697849e-01 2.044255368628562e-01
-8.579834132349771e-01 2.056283835196404e-01
-8.412535328311810e-01 2.088284087871025e-01
-8.236765814298327e-01 2.119751436760975e-01
-8.052702575310586e-01 2.135168580624499e-01
-7.860530947427873e-01 2.150780005722061e-01
-7.660444431189779e-01 2.166851347492139e-01
-7.452644496757547e-01 2.184088092637384e-01
-7.237340381050702e-01 2.201970869715583e-01
-7.014748877063210e-01 2.221041949066264e-01
-6.785094115571321e-01 2.241288574815756e-01
-6.548607339452851e-01 2.262224428144464e-01
-6.305526670845222e-01 2.284840236155238e-01
-6.056096871376665e-01 2.322481096657546e-01
-5.800569095711980e-01 2.381898753949363e-01
-5.539200638661103e-01 2.408129237634642e-01
-5.272254676105025e-01 2.401638672150525e-01
-4.999999999999998e-01 2.440797848531467e-01
-4.722710747726826e-01 2.470881308171986e-01
-4.440666126057737e-01 2.502385365581732e-01
-4.154150130018863e-01 2.553757405409670e-01
-3.863451256931285e-01 2.550539444088162e-01
-3.568862215918718e-01 2.565500055426266e-01
-3.270679633174214e-01 2.636943819515594e-01
-2.969203753282748e-01 2.684003398468481e-01
-2.664738136900348e-01 2.726020333217098e-01
-2.357589355094272e-01 2.769900649926962e-01
-2.048066680651905e-01 2.794452362444824e-01
-1.736481776669303e-01 2.843434728993302e-01
-1.423148382732850e-01 2.892877922142756e-01
-1.108381999010110e-01 2.967645238626694e-01
-7.924995685678832e-02 2.979103673122479e-01
-4.758191582374206e-02 3.032243483486456e-01
-1.586596383480781e-02 3.091933303442522e-01
1.586596383480815e-02 3.156198251402976e-01
4.758191582374240e-02 3.225391852889893e-01
7.924995685678866e-02 3.302854772255009e-01
1.108381999010111e-01 3.391158482611727e-01
1.423148382732853e-01 3.524508375783136e-01
1.736481776669304e-01 3.533521889604867e-01
2.048066680651908e-01 3.621283687437546e-01
2.357589355094273e-01 3.713896406449068e-01
2.664738136900351e-01 3.862586606954113e-01
2.969203753282749e-01 3.935308947136766e-01
3.270679633174218e-01 4.047606832432070e-01
3.568862215918719e-01 4.164037574301572e-01
3.863451256931288e-01 4.313081552345131e-01
4.154150130018864e-01 4.444730066320346e-01
4.440666126057742e-01 4.584603273562606e-01
4.722710747726827e-01 4.684317955287015e-01
5.000000000000003e-01 4.844018831140810e-01
5.272254676105026e-01 4.970602819677188e-01
5.539200638661104e-01 5.177827038212206e-01
5.800569095711982e-01 5.391031031702888e-01
6.056096871376669e-01 5.600992856479550e-01
6.305526670845226e-01 5.827348363816048e-01
6.548607339452851e-01 6.071675765704179e-01
6.785094115571322e-01 6.344561365627037e-01
7.014748877063215e-01 6.631568925977757e-01
7.237340381050703e-01 6.961203490611675e-01
7.452644496757548e-01 7.293359671471074e-01
7.660444431189780e-01 7.671277701415053e-01
7.860530947427876e-01 8.092232073919827e-01
8.052702575310586e-01 8.529869937110433e-01
8.236765814298328e-01 9.041724540071241e-01
8.412535328311813e-01 9.607665643083529e-01
8.579834132349772e-01 1.022866778892721e+00
8.738493770697850e-01 1.095396878145099e+00
8.888354486549235e-01 1.176846874006076e+00
9.029265382866214e-01 1.270101156334615e+00
9.161084574320697e-01 1.379164997916572e+00
9.283679330160727e-01 1.505552411127245e+00
9.396926207859083e-01 1.655297082879083e+00
9.500711177409454e-01 1.835649674197908e+00
9.594929736144975e-01 2.055319641369875e+00
9.679487013963562e-01 2.331126029341111e+00
9.754297868854070e-01 2.686003645699198e+00
9.819286972627067e-01 3.162280380010384e+00
9.874388886763944e-01 3.830515486515789e+00
9.919548128307953e-01 4.840172350657174e+00
9.954719225730846e-01 6.515401680788895e+00
9.979866764718844e-01 9.868991004524391e+00
9.994965423831851e-01 1.993619193809470e+01
1.000000000000000e+00 9.556914474034761e+01
