-1.000000000000000e+00 1.963522984056793e-01
-9.994965423831851e-01 1.963901351695036e-01
-9.979866764718843e-01 1.965037026435558e-01
-9.954719225730846e-01 1.966931725506725e-01
-9.919548128307953e-01 1.969588316800821e-01
-9.874388886763943e-01 1.973010827671104e-01
-9.819286972627066e-01 1.977204457306985e-01
-9.754297868854070e-01 1.982175592747041e-01
-9.679487013963562e-01 1.987931828607318e-01
-9.594929736144974e-01 1.994481990620568e-01
-9.500711177409453e-01 2.001836163100842e-01
-9.396926207859083e-01 2.010005720467396e-01
-9.283679330160726e-01 2.019003362982212e-01
-9.161084574320695e-01 2.028843156876777e-01
-9.029265382866211e-01 2.039540579066135e-01
-8.888354486549234e-01 2.051112566671957e-01
-8.738493770697849e-01 2.063577571601346e-01
-8.579834132349771e-01 2.076955620454695e-01
-8.412535328311810e-01 2.091268380064176e-01
-8.236765814298327e-01 2.106539228994503e-01
-8.052702575310586e-01 2.122793335369803e-01
-7.860530947427873e-01 2.140057741424678e-01
-7.660444431189779e-01 2.158361455214293e-01
-7.452644496757547e-01 2.177735549957557e-01
-7.237340381050702e-01 2.198213271529492e-01
-7.014748877063210e-01 2.219830154663765e-01
-6.785094115571321e-01 2.242624148474483e-01
-6.548607339452851e-01 2.266635751957590e-01
-6.305526670845222e-01 2.291908160186995e-01
-6.056096871376665e-01 2.318487421978828e-01
-5.800569095711980e-01 2.346422609859143e-01
-5.539200638661103e-01 2.375766003235977e-01
-5.272254676105025e-01 2.406573285745851e-01
-4.999999999999998e-01 2.438903757817490e-01
-4.722710747726826e-01 2.472820565571398e-01
-4.440666126057737e-01 2.508390947252548e-01
-4.154150130018863e-01 2.545686498474236e-01
-3.863451256931285e-01 2.584783457632951e-01
-3.568862215918718e-01 2.625763012935966e-01
-3.270679633174214e-01 2.668711632563092e-01
-2.969203753282748e-01 2.713721419559686e-01
-2.664738136900348e-01 2.760890493126150e-01
-2.357589355094272e-01 2.810323398025935e-01
-2.048066680651905e-01 2.862131543874303e-01
-1.736481776669303e-01 2.916433676086783e-01
-1.423148382732850e-01 2.973356380251174e-01
-1.108381999010110e-01 3.033034621628873e-01
-7.924995685678832e-02 3.095612321376401e-01
-4.758191582374206e-02 3.161242970888720e-01
-1.586596383480781e-02 3.230090285380133e-01
1.586596383480815e-02 3.302328897408118e-01
4.758191582374240e-02 3.378145090475558e-01
7.924995685678866e-02 3.457737572073519e-01
1.108381999010111e-01 3.541318284495062e-01
1.423148382732853e-01 3.629113250392398e-01
1.736481776669304e-01 3.721363448280097e-01
2.048066680651908e-01 3.818325710900635e-01
2.357589355094273e-01 3.920273636435700e-01
2.664738136900351e-01 4.027498498807399e-01
2.969203753282749e-01 4.140310138572124e-01
3.270679633174218e-01 4.259037809928504e-01
3.568862215918719e-01 4.384030951850856e-01
3.863451256931288e-01 4.515659841976105e-01
4.154150130018864e-01 4.654316080204111e-01
4.440666126057742e-01 4.800412834538848e-01
4.722710747726827e-01 4.954384763946146e-01
5.000000000000003e-01 5.116687511310190e-01
5.272254676105026e-01 5.287796633254036e-01
5.539200638661104e-01 5.468205801942766e-01
5.800569095711982e-01 5.658424076328270e-01
6.056096871376669e-01 5.858971996056535e-01
6.305526670845226e-01 6.070376200131695e-01
6.548607339452851e-01 6.293162214577841e-01
6.785094115571322e-01 6.527844989704341e-01
7.014748877063215e-01 6.774916700332322e-01
7.237340381050703e-01 7.034831255469032e-01
7.452644496757548e-01 7.307984904018719e-01
7.660444431189780e-01 7.594692280366008e-01
7.860530947427876e-01 7.895157222942460e-01
8.052702575310586e-01 8.209437740964475e-01
8.236765814298328e-01 8.537404627090776e-01
8.412535328311813e-01 8.878693451802139e-01
8.579834132349772e-01 9.232650070385361e-01
8.738493770697850e-01 9.598270370535049e-01
8.888354486549235e-01 9.974135829835045e-01
9.029265382866214e-01 1.035834756555603e+00
9.161084574320697e-01 1.074846294067618e+00
9.283679330160727e-01 1.114144038160646e+00
9.396926207859083e-01 1.153359972523283e+00
9.500711177409454e-01 1.192060690015940e+00
9.594929736144975e-01 1.236890887954855e+00
9.679487013963562e-01 2.291738817664017e+00
9.754297868854070e-01 2.644754532706106e+00
9.819286972627067e-01 3.103965914909931e+00
9.874388886763944e-01 3.760064925425523e+00
9.919548128307953e-01 4.745651325440116e+00
9.954719225730846e-01 6.390283773048453e+00
9.979866764718844e-01 9.682585246334366e+00
9.994965423831851e-01 1.957103640656821e+01
1.000000000000000e+00 2.011470813241590e+02
