-1.000000000000000e+00 3.303784866275861e-01
-9.994965423831851e-01 3.304242718199049e-01
-9.979866764718843e-01 3.305616779438287e-01
-9.954719225730846e-01 3.307907762765560e-01
-9.919548128307953e-01 3.311117553219811e-01
-9.874388886763943e-01 3.315248566530394e-01
-9.819286972627066e-01 3.320303909231236e-01
-9.754297868854070e-01 3.326288068678720e-01
-9.679487013963562e-01 3.333204457052981e-01
-9.594929736144974e-01 3.341058391132680e-01
-9.500711177409453e-01 3.349855872596830e-01
-9.396926207859083e-01 3.359603839788584e-01
-9.283679330160726e-01 3.370309822549103e-01
-9.161084574320695e-01 3.381981635881864e-01
-9.029265382866211e-01 3.394627705378170e-01
-8.888354486549234e-01 3.408257877832258e-01
-8.738493770697849e-01 3.422881597958066e-01
-8.579834132349771e-01 3.438509845251576e-01
-8.412535328311810e-01 3.455154545708252e-01
-8.236765814298327e-01 3.472828800505331e-01
-8.052702575310586e-01 3.491545286779228e-01
-7.860530947427873e-01 3.511316120180298e-01
-7.660444431189779e-01 3.532157387104762e-01
-7.452644496757547e-01 3.554086123844225e-01
-7.237340381050702e-01 3.577114816580830e-01
-7.014748877063210e-01 3.601262203362376e-01
-6.785094115571321e-01 3.626546043491929e-01
-6.548607339452851e-01 3.652983016095883e-01
-6.305526670845222e-01 3.680594103557058e-01
-6.056096871376665e-01 3.709397154423580e-01
-5.800569095711980e-01 3.739414939471707e-01
-5.539200638661103e-01 3.770666013898671e-01
-5.272254676105025e-01 3.803174781850351e-01
-4.999999999999998e-01 3.836961805126267e-01
-4.722710747726826e-01 3.872051908490343e-01
-4.440666126057737e-01 3.908469116590027e-01
-4.154150130018863e-01 3.946237143306051e-01
-3.863451256931285e-01 3.985382462075428e-01
-3.568862215918718e-01 4.025930319327286e-01
-3.270679633174214e-01 4.067907174316053e-01
-2.969203753282748e-01 4.111341052359555e-01
-2.664738136900348e-01 4.156258930605352e-01
-2.357589355094272e-01 4.202685192516034e-01
-2.048066680651905e-01 4.250633659854338e-01
-1.736481776669303e-01 4.300244774900959e-01
-1.423148382732850e-01 4.351375628941179e-01
-1.108381999010110e-01 4.404149414142787e-01
-7.924995685678832e-02 4.458586508594019e-01
-4.758191582374206e-02 4.514714753383115e-01
-1.586596383480781e-02 4.572524399082665e-01
1.586596383480815e-02 4.632173199994903e-01
4.758191582374240e-02 4.693557224011278e-01
7.924995685678866e-02 4.756753181968404e-01
1.108381999010111e-01 4.821787692269747e-01
1.423148382732853e-01 4.888689267078814e-01
1.736481776669304e-01 4.957488013022762e-01
2.048066680651908e-01 5.028210029744474e-01
2.357589355094273e-01 5.100879358749838e-01
2.664738136900351e-01 5.175510698901784e-01
2.969203753282749e-01 5.252124970985840e-01
3.270679633174218e-01 5.330814690779343e-01
3.568862215918719e-01 5.411517239021645e-01
3.863451256931288e-01 5.494333438898132e-01
4.154150130018864e-01 5.579225987765165e-01
4.440666126057742e-01 5.666178683161848e-01
4.722710747726827e-01 5.755222320005149e-01
5.000000000000003e-01 5.846374591851013e-01
5.272254676105026e-01 5.939645937230984e-01
5.539200638661104e-01 6.035029572120544e-01
5.800569095711982e-01 6.132531152116867e-01
6.056096871376669e-01 6.232123095539788e-01
6.305526670845226e-01 6.333792677991231e-01
6.548607339452851e-01 6.437507716088918e-01
6.785094115571322e-01 6.543308730979249e-01
7.014748877063215e-01 6.651068788198106e-01
7.237340381050703e-01 6.760788421664955e-01
7.452644496757548e-01 6.872437916327656e-01
7.660444431189780e-01 6.985932089585049e-01
7.860530947427876e-01 7.101228727905556e-01
8.052702575310586e-01 7.218195785875678e-01
8.236765814298328e-01 7.336856295925722e-01
8.412535328311813e-01 7.456978871576279e-01
8.579834132349772e-01 7.578624452323456e-01
8.738493770697850e-01 7.701510535319043e-01
8.888354486549235e-01 7.825273932940972e-01
9.029265382866214e-01 7.949798166615457e-01
9.161084574320697e-01 8.074700714711455e-01
9.283679330160727e-01 8.199766694688234e-01
9.396926207859083e-01 8.325177605512326e-01
9.500711177409454e-01 8.451410728912793e-01
9.594929736144975e-01 8.579143087505527e-01
9.679487013963562e-01 8.709509090716421e-01
9.754297868854070e-01 8.843794826395034e-01
9.819286972627067e-01 8.983606186621653e-01
9.874388886763944e-01 9.132114422050095e-01
9.919548128307953e-01 9.294718624593874e-01
9.954719225730846e-01 9.483131759227459e-01
9.979866764718844e-01 9.730970738643482e-01
9.994965423831851e-01 1.018748311971615e+00
1.000000000000000e+00 1.178165890306435e+00
