-1.000000000000000e+00 4.794751649934185e-01
-9.994965423831851e-01 4.794848522319945e-01
-9.979866764718843e-01 4.795139068780787e-01
-9.954719225730846e-01 4.795623077212309e-01
-9.919548128307953e-01 4.796300194057120e-01
-9.874388886763943e-01 4.797169924230474e-01
-9.819286972627066e-01 4.798231631017574e-01
-9.754297868854070e-01 4.799484535943996e-01
-9.679487013963562e-01 4.800927718621066e-01
-9.594929736144974e-01 4.802560116568415e-01
-9.500711177409453e-01 4.804380524594514e-01
-9.396926207859083e-01 4.806387596266071e-01
-9.283679330160726e-01 4.808579841533228e-01
-9.161084574320695e-01 4.810955626673961e-01
-9.029265382866211e-01 4.813513175868969e-01
-8.888354486549234e-01 4.816250569469400e-01
-8.738493770697849e-01 4.819165743735809e-01
-8.579834132349771e-01 4.822256492170167e-01
-8.412535328311810e-01 4.825520463267438e-01
-8.236765814298327e-01 4.828955160669057e-01
-8.052702575310586e-01 4.832557944412580e-01
-7.860530947427873e-01 4.836326029288073e-01
-7.660444431189779e-01 4.840256486315997e-01
-7.452644496757547e-01 4.844346241035801e-01
-7.237340381050702e-01 4.848592073923266e-01
-7.014748877063210e-01 4.852990621224875e-01
-6.785094115571321e-01 4.857538375169800e-01
-6.548607339452851e-01 4.862231683226469e-01
-6.305526670845222e-01 4.867066748660202e-01
-6.056096871376665e-01 4.872039632106322e-01
-5.800569095711980e-01 4.877146250857216e-01
-5.539200638661103e-01 4.882382379855907e-01
-5.272254676105025e-01 4.887743653139084e-01
-4.999999999999998e-01 4.893225563938801e-01
-4.722710747726826e-01 4.898823466324966e-01
-4.440666126057737e-01 4.904532576444061e-01
-4.154150130018863e-01 4.910347973722724e-01
-3.863451256931285e-01 4.916264602779797e-01
-3.568862215918718e-01 4.922277275143346e-01
-3.270679633174214e-01 4.928380671306825e-01
-2.969203753282748e-01 4.934569343037877e-01
-2.664738136900348e-01 4.940837715851007e-01
-2.357589355094272e-01 4.947180091760133e-01
-2.048066680651905e-01 4.953590652265199e-01
-1.736481776669303e-01 4.960063461604068e-01
-1.423148382732850e-01 4.966592470272275e-01
-1.108381999010110e-01 4.973171518819957e-01
-7.924995685678832e-02 4.979794341935892e-01
-4.758191582374206e-02 4.986454572825171e-01
-1.586596383480781e-02 4.993145747887982e-01
1.586596383480815e-02 4.999861311705818e-01
4.758191582374240e-02 5.006594622340562e-01
7.924995685678866e-02 5.013338956951147e-01
1.108381999010111e-01 5.020087517731385e-01
1.423148382732853e-01 5.026833438171606e-01
1.736481776669304e-01 5.033569789645526e-01
2.048066680651908e-01 5.040289588322658e-01
2.357589355094273e-01 5.046985802405221e-01
2.664738136900351e-01 5.053651359687150e-01
2.969203753282749e-01 5.060279155431434e-01
3.270679633174218e-01 5.066862060560482e-01
3.568862215918719e-01 5.073392930152636e-01
3.863451256931288e-01 5.079864612236406e-01
4.154150130018864e-01 5.086269956872271e-01
4.440666126057742e-01 5.092601825510238e-01
4.722710747726827e-01 5.098853100609569e-01
5.000000000000003e-01 5.105016695505362e-01
5.272254676105026e-01 5.111085564504847e-01
5.539200638661104e-01 5.117052713194516e-01
5.800569095711982e-01 5.122911208937391e-01
6.056096871376669e-01 5.128654191537972e-01
6.305526670845226e-01 5.134274884050719e-01
6.548607339452851e-01 5.139766603706195e-01
6.785094115571322e-01 5.145122772927370e-01
7.014748877063215e-01 5.150336930407093e-01
7.237340381050703e-01 5.155402742216212e-01
7.452644496757548e-01 5.160314012910510e-01
7.660444431189780e-01 5.165064696603358e-01
7.860530947427876e-01 5.169648907969975e-01
8.052702575310586e-01 5.174060933148092e-01
8.236765814298328e-01 5.178295240499118e-01
8.412535328311813e-01 5.182346491193440e-01
8.579834132349772e-01 5.186209549582659e-01
8.738493770697850e-01 5.189879493321882e-01
8.888354486549235e-01 5.193351623204853e-01
9.029265382866214e-01 5.196621472674798e-01
9.161084574320697e-01 5.199684816974879e-01
9.283679330160727e-01 5.202537681902147e-01
9.396926207859083e-01 5.205176352129977e-01
9.500711177409454e-01 5.207597379065967e-01
9.594929736144975e-01 5.209797588211899e-01
9.679487013963562e-01 5.211774085995740e-01
9.754297868854070e-01 5.213524266046430e-01
9.819286972627067e-01 5.215045814884646e-01
9.874388886763944e-01 5.216336717004889e-01
9.919548128307953e-01 5.217395259326648e-01
9.954719225730846e-01 5.218220034994322e-01
9.979866764718844e-01 5.218809946511175e-01
9.994965423831851e-01 5.219164208190191e-01
1.000000000000000e+00 5.219282347913360e-01
