-1.000000000000000e+00 3.524275559493132e-01
-9.994965423831851e-01 3.524610639211408e-01
-9.979866764718843e-01 3.525615717751679e-01
-9.954719225730846e-01 3.527292430623701e-01
-9.919548128307953e-01 3.529641204425492e-01
-9.874388886763943e-01 3.532665240351800e-01
-9.819286972627066e-01 3.536362723504966e-01
-9.754297868854070e-01 3.540738097049771e-01
-9.679487013963562e-01 3.545799951434233e-01
-9.594929736144974e-01 3.551542136670052e-01
-9.500711177409453e-01 3.557973644628699e-01
-9.396926207859083e-01 3.565096344159303e-01
-9.283679330160726e-01 3.572921486113658e-01
-9.161084574320695e-01 3.581442882518961e-01
-9.029265382866211e-01 3.590667160478317e-01
-8.888354486549234e-01 3.600623537513266e-01
-8.738493770697849e-01 3.611289745734731e-01
-8.579834132349771e-01 3.622684590967687e-01
-8.412535328311810e-01 3.634818788723169e-01
-8.236765814298327e-01 3.647693474179056e-01
-8.052702575310586e-01 3.661323954561733e-01
-7.860530947427873e-01 3.675738450717228e-01
-7.660444431189779e-01 3.690878603722088e-01
-7.452644496757547e-01 3.706823962716984e-01
-7.237340381050702e-01 3.723566266270011e-01
-7.014748877063210e-01 3.741120050117310e-01
-6.785094115571321e-01 3.759488495308060e-01
-6.548607339452851e-01 3.778688849589491e-01
-6.305526670845222e-01 3.798736790616104e-01
-6.056096871376665e-01 3.819645117216109e-01
-5.800569095711980e-01 3.841433522934776e-01
-5.539200638661103e-01 3.864110050265707e-01
-5.272254676105025e-01 3.887701515007972e-01
-4.999999999999998e-01 3.912222786856840e-01
-4.722710747726826e-01 3.937688680040456e-01
-4.440666126057737e-01 3.964129299297074e-01
-4.154150130018863e-01 3.991553870766129e-01
-3.863451256931285e-01 4.020002032013798e-01
-3.568862215918718e-01 4.049483054128067e-01
-3.270679633174214e-01 4.080031129081790e-01
-2.969203753282748e-01 4.111665140662088e-01
-2.664738136900348e-01 4.144423299354885e-01
-2.357589355094272e-01 4.178333183949541e-01
-2.048066680651905e-01 4.213425184342196e-01
-1.736481776669303e-01 4.249740697330429e-01
-1.423148382732850e-01 4.287312876788860e-01
-1.108381999010110e-01 4.326182745297576e-01
-7.924995685678832e-02 4.366399170375336e-01
-4.758191582374206e-02 4.408003034987082e-01
-1.586596383480781e-02 4.451047941351732e-01
1.586596383480815e-02 4.495593125417582e-01
4.758191582374240e-02 4.541691508527495e-01
7.924995685678866e-02 4.589415216957961e-01
1.108381999010111e-01 4.638833441399210e-01
1.423148382732853e-01 4.690028365471730e-01
1.736481776669304e-01 4.743078654835392e-01
2.048066680651908e-01 4.798084665391129e-01
2.357589355094273e-01 4.855142824095330e-01
2.664738136900351e-01 4.914368993924977e-01
2.969203753282749e-01 4.975890606298731e-01
3.270679633174218e-01 5.039828607714685e-01
3.568862215918719e-01 5.106338950385192e-01
3.863451256931288e-01 5.175583817697863e-01
4.154150130018864e-01 5.247730665779257e-01
4.440666126057742e-01 5.322974206934672e-01
4.722710747726827e-01 5.401520807237679e-01
5.000000000000003e-01 5.483598016615686e-01
5.272254676105026e-01 5.569444210516006e-01
5.539200638661104e-01 5.659329252627004e-01
5.800569095711982e-01 5.753544230738374e-01
6.056096871376669e-01 5.852395260760404e-01
6.305526670845226e-01 5.956225190802443e-01
6.548607339452851e-01 6.065407774894487e-01
6.785094115571322e-01 6.180349922539562e-01
7.014748877063215e-01 6.301491423794410e-01
7.237340381050703e-01 6.429326398658738e-01
7.452644496757548e-01 6.564400117252325e-01
7.660444431189780e-01 6.707322544770791e-01
7.860530947427876e-01 6.858779079085491e-01
8.052702575310586e-01 7.019554434551052e-01
8.236765814298328e-01 7.190551691606434e-01
8.412535328311813e-01 7.372821711216214e-01
8.579834132349772e-01 7.567607496132618e-01
8.738493770697850e-01 7.776397138980075e-01
8.888354486549235e-01 8.001001510087605e-01
9.029265382866214e-01 8.243654717395120e-01
9.161084574320697e-01 8.507171116294953e-01
9.283679330160727e-01 8.795153954801950e-01
9.396926207859083e-01 9.112345297666261e-01
9.500711177409454e-01 9.465100730779656e-01
9.594929736144975e-01 9.862249284497970e-01
9.679487013963562e-01 1.031648480159879e+00
9.754297868854070e-01 1.084691673340346e+00
9.819286972627067e-01 1.148402854428347e+00
9.874388886763944e-01 1.228031505896778e+00
9.919548128307953e-01 1.333633611391902e+00
9.954719225730846e-01 1.487723641545840e+00
9.979866764718844e-01 1.755390496739448e+00
9.994965423831851e-01 2.452507090101430e+00
1.000000000000000e+00 3.072042521005616e+00
