-1.000000000000000e+00 2.049185401022694e-01
-9.994965423831851e-01 2.045861327919723e-01
-9.979866764718843e-01 2.046644890036885e-01
-9.954719225730846e-01 2.050577168480234e-01
-9.919548128307953e-01 2.052899656422345e-01
-9.874388886763943e-01 2.053958243594507e-01
-9.819286972627066e-01 2.059721590852414e-01
-9.754297868854070e-01 2.060885949514526e-01
-9.679487013963562e-01 2.065345670081478e-01
-9.594929736144974e-01 2.069909749023397e-01
-9.500711177409453e-01 2.076458663196431e-01
-9.396926207859083e-01 2.088076672611618e-01
-9.283679330160726e-01 2.095720148656049e-01
-9.161084574320695e-01 2.104101850282289e-01
-9.029265382866211e-01 2.113290168752663e-01
-8.888354486549234e-01 2.127153742306705e-01
-8.738493770697849e-01 2.137890473611245e-01
-8.579834132349771e-01 2.146814030794465e-01
-8.412535328311810e-01 2.159050747242192e-01
-8.236765814298327e-01 2.172127229953073e-01
-8.052702575310586e-01 2.184172758261749e-01
-7.860530947427873e-01 2.206285667081323e-01
-7.660444431189779e-01 2.222099483282129e-01
-7.452644496757547e-01 2.237063863642463e-01
-7.237340381050702e-01 2.256650898198831e-01
-7.014748877063210e-01 2.270627589240362e-01
-6.785094115571321e-01 2.300339081551484e-01
-6.548607339452851e-01 2.323688123379225e-01
-6.305526670845222e-01 2.338375824470757e-01
-6.056096871376665e-01 2.366007732654351e-01
-5.800569095711980e-01 2.389993414598852e-01
-5.539200638661103e-01 2.415477073970578e-01
-5.272254676105025e-01 2.439554907574794e-01
-4.999999999999998e-01 2.468953504943252e-01
-4.722710747726826e-01 2.500176893883727e-01
-4.440666126057737e-01 2.531428222856927e-01
-4.154150130018863e-01 2.560428113217434e-01
-3.863451256931285e-01 2.589340219132938e-01
-3.568862215918718e-01 2.635529487061374e-01
-3.270679633174214e-01 2.673130249348435e-01
-2.969203753282748e-01 2.753249231628312e-01
-2.664738136900348e-01 2.754322588281692e-01
-2.357589355094272e-01 2.797434538424139e-01
-2.048066680651905e-01 2.842628382201807e-01
-1.736481776669303e-01 2.890694646755387e-01
-1.423148382732850e-01 2.940915785069464e-01
-1.108381999010110e-01 2.993492589260378e-01
-7.924995685678832e-02 3.049238295694129e-01
-4.758191582374206e-02 3.110511151484203e-01
-1.586596383480781e-02 3.178680870956431e-01
1.586596383480815e-02 3.237841615115769e-01
4.758191582374240e-02 3.302899618621209e-01
7.924995685678866e-02 3.372531392117519e-01
1.108381999010111e-01 3.437607645625106e-01
1.423148382732853e-01 3.523371020202327e-01
1.736481776669304e-01 3.598618501264579e-01
2.048066680651908e-01 3.696042158984810e-01
2.357589355094273e-01 3.788759341878052e-01
2.664738136900351e-01 3.885433640233968e-01
2.969203753282749e-01 3.987630377413241e-01
3.270679633174218e-01 4.096637785718051e-01
3.568862215918719e-01 4.212888255812065e-01
3.863451256931288e-01 4.363386026804272e-01
4.154150130018864e-01 4.466301413428067e-01
4.440666126057742e-01 4.604983084113496e-01
4.722710747726827e-01 4.755129710961451e-01
5.000000000000003e-01 4.912977713634281e-01
5.272254676105026e-01 5.082175752849645e-01
5.539200638661104e-01 5.286821859500802e-01
5.800569095711982e-01 5.460958710782198e-01
6.056096871376669e-01 5.666461385718332e-01
6.305526670845226e-01 5.891610562264673e-01
6.548607339452851e-01 6.135332638569850e-01
6.785094115571322e-01 6.407096900875068e-01
7.014748877063215e-01 6.692497101201776e-01
7.237340381050703e-01 7.001113974625860e-01
7.452644496757548e-01 7.342440808764232e-01
7.660444431189780e-01 7.711714911704436e-01
7.860530947427876e-01 8.126418404079783e-01
8.052702575310586e-01 8.575391355702207e-01
8.236765814298328e-01 9.078744953249905e-01
8.412535328311813e-01 9.638865764282163e-01
8.579834132349772e-01 1.026889371748344e+00
8.738493770697850e-01 1.098040167763032e+00
8.888354486549235e-01 1.178935798047005e+00
9.029265382866214e-01 1.271774544106464e+00
9.161084574320697e-01 1.379265993154436e+00
9.283679330160727e-01 1.505075795704072e+00
9.396926207859083e-01 1.654221825347502e+00
9.500711177409454e-01 1.833569123060835e+00
9.594929736144975e-01 2.053595328764249e+00
9.679487013963562e-01 2.329585873231161e+00
9.754297868854070e-01 2.684777329670658e+00
9.819286972627067e-01 3.159156327008043e+00
9.874388886763944e-01 3.824446743902108e+00
9.919548128307953e-01 4.824014919334230e+00
9.954719225730846e-01 6.492275726510388e+00
9.979866764718844e-01 9.831847497452843e+00
9.994965423831851e-01 1.985527753881853e+01
1.000000000000000e+00 5.380937035591075e+01
