-1.000000000000000e+00 2.429872249886831e-01
-9.994965423831851e-01 2.430242223961988e-01
-9.979866764718843e-01 2.431354467327984e-01
-9.954719225730846e-01 2.433217002288356e-01
-9.919548128307953e-01 2.435811730915214e-01
-9.874388886763943e-01 2.439161313952307e-01
-9.819286972627066e-01 2.443281418245035e-01
-9.754297868854070e-01 2.448137157556106e-01
-9.679487013963562e-01 2.453747681761046e-01
-9.594929736144974e-01 2.460132166784164e-01
-9.500711177409453e-01 2.467307238699611e-01
-9.396926207859083e-01 2.475289024484305e-01
-9.283679330160726e-01 2.483991963389717e-01
-9.161084574320695e-01 2.493482995033166e-01
-9.029265382866211e-01 2.503812020881307e-01
-8.888354486549234e-01 2.514958472151834e-01
-8.738493770697849e-01 2.526924442965664e-01
-8.579834132349771e-01 2.539734332159205e-01
-8.412535328311810e-01 2.553362502967962e-01
-8.236765814298327e-01 2.567878853423943e-01
-8.052702575310586e-01 2.583272471028473e-01
-7.860530947427873e-01 2.599535711139879e-01
-7.660444431189779e-01 2.616709460988682e-01
-7.452644496757547e-01 2.634892043704694e-01
-7.237340381050702e-01 2.653905587022801e-01
-7.014748877063210e-01 2.673879974431523e-01
-6.785094115571321e-01 2.694954000894572e-01
-6.548607339452851e-01 2.716905687390115e-01
-6.305526670845222e-01 2.739970628091029e-01
-6.056096871376665e-01 2.764048391928967e-01
-5.800569095711980e-01 2.789178212010565e-01
-5.539200638661103e-01 2.815426623225469e-01
-5.272254676105025e-01 2.842861426676521e-01
-4.999999999999998e-01 2.871355665252597e-01
-4.722710747726826e-01 2.901094305053896e-01
-4.440666126057737e-01 2.932044934315720e-01
-4.154150130018863e-01 2.964177832395137e-01
-3.863451256931285e-01 2.997652532347609e-01
-3.568862215918718e-01 3.032455625578747e-01
-3.270679633174214e-01 3.068602992301665e-01
-2.969203753282748e-01 3.106132421065699e-01
-2.664738136900348e-01 3.145054285418634e-01
-2.357589355094272e-01 3.185546383300613e-01
-2.048066680651905e-01 3.227470301526442e-01
-1.736481776669303e-01 3.271040290250909e-01
-1.423148382732850e-01 3.316162954549758e-01
-1.108381999010110e-01 3.362920062162434e-01
-7.924995685678832e-02 3.411491898036355e-01
-4.758191582374206e-02 3.461706918968429e-01
-1.586596383480781e-02 3.513762152904715e-01
1.586596383480815e-02 3.567648001060284e-01
4.758191582374240e-02 3.623457317859766e-01
7.924995685678866e-02 3.681356830414314e-01
1.108381999010111e-01 3.741184883168415e-01
1.423148382732853e-01 3.803131301628528e-01
1.736481776669304e-01 3.867177829001570e-01
2.048066680651908e-01 3.933546590546525e-01
2.357589355094273e-01 4.002130316940785e-01
2.664738136900351e-01 4.073022418575079e-01
2.969203753282749e-01 4.146404728856841e-01
3.270679633174218e-01 4.222292365051674e-01
3.568862215918719e-01 4.300652745107635e-01
3.863451256931288e-01 4.381737245260721e-01
4.154150130018864e-01 4.465439227753516e-01
4.440666126057742e-01 4.551963649767236e-01
4.722710747726827e-01 4.641306720372940e-01
5.000000000000003e-01 4.733549614838017e-01
5.272254676105026e-01 4.828777184333056e-01
5.539200638661104e-01 4.927095622841004e-01
5.800569095711982e-01 5.028641938712951e-01
6.056096871376669e-01 5.133561299017756e-01
6.305526670845226e-01 5.242134091417525e-01
6.548607339452851e-01 5.354572688468540e-01
6.785094115571322e-01 5.471261677662503e-01
7.014748877063215e-01 5.592625581210220e-01
7.237340381050703e-01 5.719184848703134e-01
7.452644496757548e-01 5.851513059455246e-01
7.660444431189780e-01 5.990305205055430e-01
7.860530947427876e-01 6.136329753723953e-01
8.052702575310586e-01 6.290435690044170e-01
8.236765814298328e-01 6.453563748581366e-01
8.412535328311813e-01 6.626694805873504e-01
8.579834132349772e-01 6.811158341653636e-01
8.738493770697850e-01 7.008015916376682e-01
8.888354486549235e-01 7.218777724028030e-01
9.029265382866214e-01 7.445100827845161e-01
9.161084574320697e-01 7.688953549206829e-01
9.283679330160727e-01 7.952731469805098e-01
9.396926207859083e-01 8.239499549998067e-01
9.500711177409454e-01 8.553278095892404e-01
9.594929736144975e-01 8.899572100720444e-01
9.679487013963562e-01 9.286239781497231e-01
9.754297868854070e-01 9.725028233948154e-01
9.819286972627067e-01 1.023458148006849e+00
9.874388886763944e-01 1.084642203792130e+00
9.919548128307953e-01 1.162033313405171e+00
9.954719225730846e-01 1.268689949104394e+00
9.979866764718844e-01 1.441367419109937e+00
9.994965423831851e-01 1.853121437356581e+00
1.000000000000000e+00 8.075201327951963e+02
