-1.000000000000000e+00 1.930995081264366e-01
-9.994965423831851e-01 1.931367448738893e-01
-9.979866764718843e-01 1.932485113874091e-01
-9.954719225730846e-01 1.934349766527740e-01
-9.919548128307953e-01 1.936964228880857e-01
-9.874388886763943e-01 1.940332464093868e-01
-9.819286972627066e-01 1.944459588483552e-01
-9.754297868854070e-01 1.949351887279573e-01
-9.679487013963562e-01 1.955016834036764e-01
-9.594929736144974e-01 1.961463113797287e-01
-9.500711177409453e-01 1.968700650115246e-01
-9.396926207859083e-01 1.976740636075548e-01
-9.283679330160726e-01 1.985595569458842e-01
-9.161084574320695e-01 1.995279292225326e-01
-9.029265382866211e-01 2.005807034512280e-01
-8.888354486549234e-01 2.017195463363473e-01
-8.738493770697849e-01 2.029462736433198e-01
-8.579834132349771e-01 2.042628560933843e-01
-8.412535328311810e-01 2.056714258123722e-01
-8.236765814298327e-01 2.071742833661457e-01
-8.052702575310586e-01 2.087739054184879e-01
-7.860530947427873e-01 2.104729530506125e-01
-7.660444431189779e-01 2.122742807850720e-01
-7.452644496757547e-01 2.141809463607114e-01
-7.237340381050702e-01 2.161962213094360e-01
-7.014748877063210e-01 2.183236023899964e-01
-6.785094115571321e-01 2.205668239387051e-01
-6.548607339452851e-01 2.229298712020612e-01
-6.305526670845222e-01 2.254169947216350e-01
-6.056096871376665e-01 2.280327258473060e-01
-5.800569095711980e-01 2.307818934610326e-01
-5.539200638661103e-01 2.336696419997880e-01
-5.272254676105025e-01 2.367014508731024e-01
-4.999999999999998e-01 2.398831553777993e-01
-4.722710747726826e-01 2.432209692199784e-01
-4.440666126057737e-01 2.467215087620315e-01
-4.154150130018863e-01 2.503918191204235e-01
-3.863451256931285e-01 2.542394022480176e-01
-3.568862215918718e-01 2.582722471427753e-01
-3.270679633174214e-01 2.624988623325049e-01
-2.969203753282748e-01 2.669283107927687e-01
-2.664738136900348e-01 2.715702474617642e-01
-2.357589355094272e-01 2.764349595215783e-01
-2.048066680651905e-01 2.815334096191590e-01
-1.736481776669303e-01 2.868772822019999e-01
-1.423148382732850e-01 2.924790331420294e-01
-1.108381999010110e-01 2.983519428154863e-01
-7.924995685678832e-02 3.045101727952453e-01
-4.758191582374206e-02 3.109688262934313e-01
-1.586596383480781e-02 3.177440124640252e-01
1.586596383480815e-02 3.248529146347823e-01
4.758191582374240e-02 3.323138624816965e-01
7.924995685678866e-02 3.401464080831483e-01
1.108381999010111e-01 3.483714056893643e-01
1.423148382732853e-01 3.570110949091704e-01
1.736481776669304e-01 3.660891868418963e-01
2.048066680651908e-01 3.756309524573244e-01
2.357589355094273e-01 3.856633122379965e-01
2.664738136900351e-01 3.962149257302708e-01
2.969203753282749e-01 4.073162791840165e-01
3.270679633174218e-01 4.189997688723148e-01
3.568862215918719e-01 4.312997769436241e-01
3.863451256931288e-01 4.442527357356220e-01
4.154150130018864e-01 4.578971753319314e-01
4.440666126057742e-01 4.722737477229093e-01
4.722710747726827e-01 4.874252191851237e-01
5.000000000000003e-01 5.033964203597036e-01
5.272254676105026e-01 5.202341409204758e-01
5.539200638661104e-01 5.379869526091057e-01
5.800569095711982e-01 5.567049407091772e-01
6.056096871376669e-01 5.764393196786124e-01
6.305526670845226e-01 5.972419036295449e-01
6.548607339452851e-01 6.191643966526583e-01
6.785094115571322e-01 6.422574617220180e-01
7.014748877063215e-01 6.665695202999892e-01
7.237340381050703e-01 6.921452281825197e-01
7.452644496757548e-01 7.190235672318390e-01
7.660444431189780e-01 7.472354884373489e-01
7.860530947427876e-01 7.768010406904152e-01
8.052702575310586e-01 7.188854059061535e-01
8.236765814298328e-01 7.507815054000400e-01
8.412535328311813e-01 7.850622519826678e-01
8.579834132349772e-01 8.218994947525873e-01
8.738493770697850e-01 1.051206368824486e+00
8.888354486549235e-01 1.133605966038338e+00
9.029265382866214e-01 1.334770466690166e+00
9.161084574320697e-01 1.438864206856489e+00
9.283679330160727e-01 1.577171896599283e+00
9.396926207859083e-01 1.754198296797548e+00
9.500711177409454e-01 1.833979579941840e+00
9.594929736144975e-01 1.987431989520162e+00
9.679487013963562e-01 2.250527723662939e+00
9.754297868854070e-01 2.595253793158294e+00
9.819286972627067e-01 3.055785440202825e+00
9.874388886763944e-01 3.701634535913195e+00
9.919548128307953e-01 4.670368458461269e+00
9.954719225730846e-01 6.290771850089524e+00
9.979866764718844e-01 9.531657714094447e+00
9.994965423831851e-01 1.925903538422429e+01
1.000000000000000e+00 1.307528454154454e+02
