-1.000000000000000e+00 1.156358888822179e-03
-9.994965423831851e-01 1.156505612790386e-03
-9.979866764718843e-01 1.156945699186530e-03
-9.954719225730846e-01 1.157679695234069e-03
-9.919548128307953e-01 1.158709163623446e-03
-9.874388886763943e-01 1.160034523965955e-03
-9.819286972627066e-01 1.161657617636452e-03
-9.754297868854070e-01 1.163580560101853e-03
-9.679487013963562e-01 1.165805782973910e-03
-9.594929736144974e-01 1.168335586027076e-03
-9.500711177409453e-01 1.171173551038428e-03
-9.396926207859083e-01 1.174322995112693e-03
-9.283679330160726e-01 1.177788071954457e-03
-9.161084574320695e-01 1.181573020125302e-03
-9.029265382866211e-01 1.185682484910440e-03
-8.888354486549234e-01 1.190121919150281e-03
-8.738493770697849e-01 1.194897089582956e-03
-8.579834132349771e-01 1.200014123589254e-03
-8.412535328311810e-01 1.205479745825102e-03
-8.236765814298327e-01 1.211301295734872e-03
-8.052702575310586e-01 1.217486547351555e-03
-7.860530947427873e-01 1.224043924213002e-03
-7.660444431189779e-01 1.230982467447507e-03
-7.452644496757547e-01 1.238311876494553e-03
-7.237340381050702e-01 1.246042518141633e-03
-7.014748877063210e-01 1.254185472720621e-03
-6.785094115571321e-01 1.262752597258787e-03
-6.548607339452851e-01 1.271756551473631e-03
-6.305526670845222e-01 1.281210912044573e-03
-6.056096871376665e-01 1.291130145100160e-03
-5.800569095711980e-01 1.301529679915933e-03
-5.539200638661103e-01 1.312426036792954e-03
-5.272254676105025e-01 1.323836795127893e-03
-4.999999999999998e-01 1.335780795396830e-03
-4.722710747726826e-01 1.348278110878503e-03
-4.440666126057737e-01 1.361350283343411e-03
-4.154150130018863e-01 1.375020283415075e-03
-3.863451256931285e-01 1.389312574425451e-03
-3.568862215918718e-01 1.404253579749464e-03
-3.270679633174214e-01 1.419871410476520e-03
-2.969203753282748e-01 1.436196302914927e-03
-2.664738136900348e-01 1.453260592286727e-03
-2.357589355094272e-01 1.471099064824213e-03
-2.048066680651905e-01 1.489749098064417e-03
-1.736481776669303e-01 1.509250923117956e-03
-1.423148382732850e-01 1.529647602936281e-03
-1.108381999010110e-01 1.550985879459175e-03
-7.924995685678832e-02 1.573316040424486e-03
-4.758191582374206e-02 1.596692406931402e-03
-1.586596383480781e-02 1.621173686036126e-03
1.586596383480815e-02 1.646823685236908e-03
4.758191582374240e-02 1.673711411100679e-03
7.924995685678866e-02 1.701912004953517e-03
1.108381999010111e-01 1.731506785860947e-03
1.423148382732853e-01 1.762585117356915e-03
1.736481776669304e-01 1.795244106360644e-03
2.048066680651908e-01 1.829589946748251e-03
2.357589355094273e-01 1.865705652002475e-03
2.664738136900351e-01 1.903693382998364e-03
2.969203753282749e-01 1.943973024253572e-03
3.270679633174218e-01 1.986353902383572e-03
3.568862215918719e-01 2.031134243550842e-03
3.863451256931288e-01 2.078504902514121e-03
4.154150130018864e-01 2.128677341488665e-03
4.440666126057742e-01 2.181887779496657e-03
4.722710747726827e-01 2.238400360591476e-03
5.000000000000003e-01 2.298511049807907e-03
5.272254676105026e-01 2.362553080702396e-03
5.539200638661104e-01 2.430902847851347e-03
5.800569095711982e-01 2.503986977762312e-03
6.056096871376669e-01 2.582291101733649e-03
6.305526670845226e-01 2.666370282168264e-03
6.548607339452851e-01 2.756862104528465e-03
6.785094115571322e-01 2.854502276962349e-03
7.014748877063215e-01 2.960144542121978e-03
7.237340381050703e-01 3.074784765033568e-03
7.452644496757548e-01 3.199592876467993e-03
7.660444431189780e-01 3.335864809485905e-03
7.860530947427876e-01 3.485505547434928e-03
8.052702575310586e-01 3.650231572466943e-03
8.236765814298328e-01 3.832521361337471e-03
8.412535328311813e-01 4.035298079182824e-03
8.579834132349772e-01 4.262173822797400e-03
8.738493770697850e-01 4.517663947522499e-03
8.888354486549235e-01 4.807488417985705e-03
9.029265382866214e-01 5.139002016300808e-03
9.161084574320697e-01 5.521823814605982e-03
9.283679330160727e-01 6.078506602715627e-03
9.396926207859083e-01 6.552537511119800e-03
9.500711177409454e-01 7.157651803071598e-03
9.594929736144975e-01 7.911930486593298e-03
9.679487013963562e-01 8.863303766261800e-03
9.754297868854070e-01 1.009557794644207e-02
9.819286972627067e-01 1.174557919398837e-02
9.874388886763944e-01 1.406311554078646e-02
9.919548128307953e-01 1.754957559648753e-02
9.954719225730846e-01 2.337092697013135e-02
9.979866764718844e-01 3.502959149698825e-02
9.994965423831851e-01 7.003711474824853e-02
1.000000000000000e+00 6.321022848780424e-05
