-1.000000000000000e+00 1.024386978481139e-02
-9.994965423831851e-01 1.024499783114748e-02
-9.979866764718843e-01 1.024838322130647e-02
-9.954719225730846e-01 1.025402929067840e-02
-9.919548128307953e-01 1.026194165917262e-02
-9.874388886763943e-01 1.027212864959445e-02
-9.819286972627066e-01 1.028460042476443e-02
-9.754297868854070e-01 1.029937086339439e-02
-9.679487013963562e-01 1.031645290783676e-02
-9.594929736144974e-01 1.033586505114052e-02
-9.500711177409453e-01 1.035762740971202e-02
-9.396926207859083e-01 1.038176242393509e-02
-9.283679330160726e-01 1.040829527510790e-02
-9.161084574320695e-01 1.043725211305234e-02
-9.029265382866211e-01 1.046866688483509e-02
-8.888354486549234e-01 1.050257079857840e-02
-8.738493770697849e-01 1.053900035648781e-02
-8.579834132349771e-01 1.057799438655878e-02
-8.412535328311810e-01 1.061959532515607e-02
-8.236765814298327e-01 1.066384847081650e-02
-8.052702575310586e-01 1.071080273933050e-02
-7.860530947427873e-01 1.076051138761440e-02
-7.660444431189779e-01 1.081302780644642e-02
-7.452644496757547e-01 1.086841291666617e-02
-7.237340381050702e-01 1.092673106848134e-02
-7.014748877063210e-01 1.098804868217263e-02
-6.785094115571321e-01 1.105243861301667e-02
-6.548607339452851e-01 1.111997758176375e-02
-6.305526670845222e-01 1.119074740495452e-02
-6.056096871376665e-01 1.126483526091067e-02
-5.800569095711980e-01 1.134233189314967e-02
-5.539200638661103e-01 1.142333599208610e-02
-5.272254676105025e-01 1.150795120819972e-02
-4.999999999999998e-01 1.159628826910519e-02
-4.722710747726826e-01 1.168846156113554e-02
-4.440666126057737e-01 1.178460159156676e-02
-4.154150130018863e-01 1.188483747230720e-02
-3.863451256931285e-01 1.198931332460096e-02
-3.568862215918718e-01 1.209817026549829e-02
-3.270679633174214e-01 1.221157229374606e-02
-2.969203753282748e-01 1.232969063905401e-02
-2.664738136900348e-01 1.245270437583904e-02
-2.357589355094272e-01 1.258080592355252e-02
-2.048066680651905e-01 1.271420027491530e-02
-1.736481776669303e-01 1.285310633829700e-02
-1.423148382732850e-01 1.299775763887841e-02
-1.108381999010110e-01 1.314840614082506e-02
-7.924995685678832e-02 1.330531753826258e-02
-4.758191582374206e-02 1.346877968546072e-02
-1.586596383480781e-02 1.363910147114022e-02
1.586596383480815e-02 1.381661356898699e-02
4.758191582374240e-02 1.400167310525603e-02
7.924995685678866e-02 1.419466088938898e-02
1.108381999010111e-01 1.439599013131957e-02
1.423148382732853e-01 1.460611369721099e-02
1.736481776669304e-01 1.482550966242410e-02
2.048066680651908e-01 1.505470426901373e-02
2.357589355094273e-01 1.529426640930141e-02
2.664738136900351e-01 1.554481868601824e-02
2.969203753282749e-01 1.580703465515026e-02
3.270679633174218e-01 1.608165388215045e-02
3.568862215918719e-01 1.636948687314050e-02
3.863451256931288e-01 1.667141976704492e-02
4.154150130018864e-01 1.698843268080412e-02
4.440666126057742e-01 1.732160635060721e-02
4.722710747726827e-01 1.767213541717181e-02
5.000000000000003e-01 1.804134910788829e-02
5.272254676105026e-01 1.843072801023471e-02
5.539200638661104e-01 1.884192717179059e-02
5.800569095711982e-01 1.927680497115521e-02
6.056096871376669e-01 1.973745541139051e-02
6.305526670845226e-01 2.022624905730519e-02
6.548607339452851e-01 2.074588174020997e-02
6.785094115571322e-01 2.129943608534159e-02
7.014748877063215e-01 2.189044163127683e-02
7.237340381050703e-01 2.252299680997751e-02
7.452644496757548e-01 2.320185924716571e-02
7.660444431189780e-01 2.393259253593504e-02
7.860530947427876e-01 2.472176730645006e-02
8.052702575310586e-01 2.557719416602459e-02
8.236765814298328e-01 2.650824854213674e-02
8.412535328311813e-01 2.752628664799827e-02
8.579834132349772e-01 2.864522124204945e-02
8.738493770697850e-01 2.988230294184319e-02
8.888354486549235e-01 3.125921280424088e-02
9.029265382866214e-01 3.280362001831255e-02
9.161084574320697e-01 3.455145183252167e-02
9.283679330160727e-01 3.655029387691024e-02
9.396926207859083e-01 3.886461383692674e-02
9.500711177409454e-01 4.158424345135829e-02
9.594929736144975e-01 4.483811378784604e-02
9.679487013963562e-01 4.881884031720923e-02
9.754297868854070e-01 5.382784104004464e-02
9.819286972627067e-01 6.035933438381583e-02
9.874388886763944e-01 6.933107478103938e-02
9.919548128307953e-01 8.251691693096316e-02
9.954719225730846e-01 1.041001724569582e-01
9.979866764718844e-01 1.472600372674081e-01
9.994965423831851e-01 2.714506040116991e-01
1.000000000000000e+00 2.125227840842678e-02
