-1.000000000000000e+00 9.197191887658439e-06
-9.994965423831851e-01 9.198732553245834e-06
-9.979866764718843e-01 9.203356344864972e-06
-9.954719225730846e-01 9.211070683959080e-06
-9.919548128307953e-01 9.221885553092592e-06
-9.874388886763943e-01 9.235817161869072e-06
-9.819286972627066e-01 9.252883623205693e-06
-9.754297868854070e-01 9.273111142251538e-06
-9.679487013963562e-01 9.296527472818155e-06
-9.594929736144974e-01 9.323041146398246e-06
-9.500711177409453e-01 9.352940891069327e-06
-9.396926207859083e-01 9.386144654426722e-06
-9.283679330160726e-01 9.422701250386149e-06
-9.161084574320695e-01 9.462703361016318e-06
-9.029265382866211e-01 9.506093044294600e-06
-8.888354486549234e-01 9.553078970339289e-06
-8.738493770697849e-01 9.603611583102103e-06
-8.579834132349771e-01 9.657848373081619e-06
-8.412535328311810e-01 9.715846242136239e-06
-8.236765814298327e-01 9.777693655829158e-06
-8.052702575310586e-01 9.843486948803253e-06
-7.860530947427873e-01 9.913333452042792e-06
-7.660444431189779e-01 9.987340609958933e-06
-7.452644496757547e-01 1.006563020859067e-05
-7.237340381050702e-01 1.014833049758670e-05
-7.014748877063210e-01 1.023557913342090e-05
-6.785094115571321e-01 1.032752313637820e-05
-6.548607339452851e-01 1.042432031248095e-05
-6.305526670845222e-01 1.052613844369084e-05
-6.056096871376665e-01 1.063315940026035e-05
-5.800569095711980e-01 1.074560412954264e-05
-5.539200638661103e-01 1.086358866164596e-05
-5.272254676105025e-01 1.098749669082920e-05
-4.999999999999998e-01 1.111738120321887e-05
-4.722710747726826e-01 1.125357211795879e-05
-4.440666126057737e-01 1.139634058327401e-05
-4.154150130018863e-01 1.154597443351593e-05
-3.863451256931285e-01 1.170278207120564e-05
-3.568862215918718e-01 1.186709572812014e-05
-3.270679633174214e-01 1.203926911579469e-05
-2.969203753282748e-01 1.221968436167125e-05
-2.664738136900348e-01 1.240874760879387e-05
-2.357589355094272e-01 1.260690112899050e-05
-2.048066680651905e-01 1.281461707945567e-05
-1.736481776669303e-01 1.303240506617215e-05
-1.423148382732850e-01 1.326081600352802e-05
-1.108381999010110e-01 1.350044415182544e-05
-7.924995685678832e-02 1.375195068837158e-05
-4.758191582374206e-02 1.400319256636751e-05
-1.586596383480781e-02 1.428049166961715e-05
1.586596383480815e-02 1.457195948586457e-05
4.758191582374240e-02 1.487823350423313e-05
7.924995685678866e-02 1.520054894198074e-05
1.108381999010111e-01 1.555272294320997e-05
1.423148382732853e-01 1.589724639514790e-05
1.736481776669304e-01 1.627404422057528e-05
2.048066680651908e-01 1.668441096878557e-05
2.357589355094273e-01 1.710422586745938e-05
2.664738136900351e-01 1.754779990115953e-05
2.969203753282749e-01 1.801712863880511e-05
3.270679633174218e-01 1.851414103970308e-05
3.568862215918719e-01 1.904104928254890e-05
3.863451256931288e-01 1.960030828119368e-05
4.154150130018864e-01 2.019464843396990e-05
4.440666126057742e-01 2.082711541127763e-05
4.722710747726827e-01 2.150112119685450e-05
5.000000000000003e-01 2.222047591226929e-05
5.272254676105026e-01 2.298949885834800e-05
5.539200638661104e-01 2.381305051700950e-05
5.800569095711982e-01 2.469664832351372e-05
6.056096871376669e-01 2.563285277989166e-05
6.305526670845226e-01 2.665195473275775e-05
6.548607339452851e-01 2.775475587747361e-05
6.785094115571322e-01 2.895358228729647e-05
7.014748877063215e-01 3.025587922210984e-05
7.237340381050703e-01 3.167275625317871e-05
7.452644496757548e-01 3.321718665465482e-05
7.660444431189780e-01 3.491010332142807e-05
7.860530947427876e-01 3.677288047684969e-05
8.052702575310586e-01 3.884266452236101e-05
8.236765814298328e-01 4.112701333839659e-05
8.412535328311813e-01 4.367566530668955e-05
8.579834132349772e-01 4.653549341790841e-05
8.738493770697850e-01 4.976510150124927e-05
8.888354486549235e-01 5.343873771500105e-05
9.029265382866214e-01 5.763990549537655e-05
9.161084574320697e-01 6.251927769643033e-05
9.283679330160727e-01 6.822729262653078e-05
9.396926207859083e-01 7.499062375746503e-05
9.500711177409454e-01 8.313306434146909e-05
9.594929736144975e-01 9.311064355266946e-05
9.679487013963562e-01 1.056121989785658e-04
9.754297868854070e-01 1.217204347717083e-04
9.819286972627067e-01 1.432397913682034e-04
9.874388886763944e-01 1.734183734702912e-04
9.919548128307953e-01 2.187524333552995e-04
9.954719225730846e-01 2.943998468780153e-04
9.979866764718844e-01 4.458358190942240e-04
9.994965423831851e-01 9.004299406784843e-04
1.000000000000000e+00 -9.224654930131547e-06
