-1.000000000000000e+00 1.855145675367433e-05
-9.994965423831851e-01 1.855452971630542e-05
-9.979866764718843e-01 1.855834615607530e-05
-9.954719225730846e-01 1.857382592688250e-05
-9.919548128307953e-01 1.859554731635874e-05
-9.874388886763943e-01 1.862348768302954e-05
-9.819286972627066e-01 1.865773910733524e-05
-9.754297868854070e-01 1.870244693336648e-05
-9.679487013963562e-01 1.874918325595103e-05
-9.594929736144974e-01 1.880237173716562e-05
-9.500711177409453e-01 1.886212659755653e-05
-9.396926207859083e-01 1.893055591398533e-05
-9.283679330160726e-01 1.900350616912366e-05
-9.161084574320695e-01 1.908334452176814e-05
-9.029265382866211e-01 1.917010293397085e-05
-8.888354486549234e-01 1.927060602607292e-05
-8.738493770697849e-01 1.936882279217237e-05
-8.579834132349771e-01 1.947295874554437e-05
-8.412535328311810e-01 1.959314567586632e-05
-8.236765814298327e-01 1.971678190299479e-05
-8.052702575310586e-01 1.984842249695160e-05
-7.860530947427873e-01 1.998926238099180e-05
-7.660444431189779e-01 2.013647595669503e-05
-7.452644496757547e-01 2.029282287377947e-05
-7.237340381050702e-01 2.045929528179968e-05
-7.014748877063210e-01 2.063417999353437e-05
-6.785094115571321e-01 2.082059645964472e-05
-6.548607339452851e-01 2.101533151558448e-05
-6.305526670845222e-01 2.122356424181898e-05
-6.056096871376665e-01 2.143196100317779e-05
-5.800569095711980e-01 2.165759041528950e-05
-5.539200638661103e-01 2.189450430523256e-05
-5.272254676105025e-01 2.214312204775705e-05
-4.999999999999998e-01 2.240222206527177e-05
-4.722710747726826e-01 2.267579277523715e-05
-4.440666126057737e-01 2.296498830316955e-05
-4.154150130018863e-01 2.326731544186796e-05
-3.863451256931285e-01 2.358175697409903e-05
-3.568862215918718e-01 2.390905230253167e-05
-3.270679633174214e-01 2.425481326236748e-05
-2.969203753282748e-01 2.461750482079940e-05
-2.664738136900348e-01 2.499727376625281e-05
-2.357589355094272e-01 2.539653189863643e-05
-2.048066680651905e-01 2.581382079168190e-05
-1.736481776669303e-01 2.625129198125847e-05
-1.423148382732850e-01 2.670769493922819e-05
-1.108381999010110e-01 2.719154007318796e-05
-7.924995685678832e-02 2.769665078072425e-05
-4.758191582374206e-02 2.822760973432534e-05
-1.586596383480781e-02 2.878488323978548e-05
1.586596383480815e-02 2.936978104920422e-05
4.758191582374240e-02 2.998588955997704e-05
7.924995685678866e-02 3.063353329273500e-05
1.108381999010111e-01 3.131537815473326e-05
1.423148382732853e-01 3.203360660175687e-05
1.736481776669304e-01 3.278271692623325e-05
2.048066680651908e-01 3.358959798784142e-05
2.357589355094273e-01 3.443976115188607e-05
2.664738136900351e-01 3.532999281494273e-05
2.969203753282749e-01 3.627236081368590e-05
3.270679633174218e-01 3.727060050586612e-05
3.568862215918719e-01 3.832602835606209e-05
3.863451256931288e-01 3.944926004636881e-05
4.154150130018864e-01 4.064833970997681e-05
4.440666126057742e-01 4.191964990388455e-05
4.722710747726827e-01 4.327385550436515e-05
5.000000000000003e-01 4.471961423042109e-05
5.272254676105026e-01 4.626505015682373e-05
5.539200638661104e-01 4.791965090313190e-05
5.800569095711982e-01 4.969612359328887e-05
6.056096871376669e-01 5.160497385315195e-05
6.305526670845226e-01 5.366228345528031e-05
6.548607339452851e-01 5.588368952736512e-05
6.785094115571322e-01 5.828866167840373e-05
7.014748877063215e-01 6.090013612969155e-05
7.237340381050703e-01 6.374276508637349e-05
7.452644496757548e-01 6.684778927137623e-05
7.660444431189780e-01 7.025124068107913e-05
7.860530947427876e-01 7.399532560273932e-05
8.052702575310586e-01 7.813228565440402e-05
8.236765814298328e-01 8.272509836738149e-05
8.412535328311813e-01 8.784912153203267e-05
8.579834132349772e-01 9.359863512658489e-05
8.738493770697850e-01 1.000916311101170e-04
8.888354486549235e-01 1.074773857804082e-04
9.029265382866214e-01 1.159478538563201e-04
9.161084574320697e-01 1.257541359277803e-04
9.283679330160727e-01 1.372309997550146e-04
9.396926207859083e-01 1.508350723879033e-04
9.500711177409454e-01 1.672055137309125e-04
9.594929736144975e-01 1.872658295510050e-04
9.679487013963562e-01 2.124011957618386e-04
9.754297868854070e-01 2.447884551652027e-04
9.819286972627067e-01 2.880557601571607e-04
9.874388886763944e-01 3.487339152036487e-04
9.919548128307953e-01 4.398846918490914e-04
9.954719225730846e-01 5.919857785372732e-04
9.979866764718844e-01 8.964706148105170e-04
9.994965423831851e-01 1.810510023746374e-03
1.000000000000000e+00 -1.848270912786215e-05
