-1.000000000000000e+00 3.611235276234432e-06
-9.994965423831851e-01 3.611842233155444e-06
-9.979866764718843e-01 3.613663987463123e-06
-9.954719225730846e-01 3.616702920819373e-06
-9.919548128307953e-01 3.620964359997194e-06
-9.874388886763943e-01 3.626451914941852e-06
-9.819286972627066e-01 3.633175603126019e-06
-9.754297868854070e-01 3.641144583780149e-06
-9.679487013963562e-01 3.650369879529851e-06
-9.594929736144974e-01 3.660865685408040e-06
-9.500711177409453e-01 3.672644864141804e-06
-9.396926207859083e-01 3.685727354921265e-06
-9.283679330160726e-01 3.700130534234714e-06
-9.161084574320695e-01 3.715875658051977e-06
-9.029265382866211e-01 3.732986522313495e-06
-8.888354486549234e-01 3.751488000363698e-06
-8.738493770697849e-01 3.771412605649357e-06
-8.579834132349771e-01 3.792763253034870e-06
-8.412535328311810e-01 3.815608554378940e-06
-8.236765814298327e-01 3.839972100972378e-06
-8.052702575310586e-01 3.865920778137119e-06
-7.860530947427873e-01 3.893401942840955e-06
-7.660444431189779e-01 3.922556076716388e-06
-7.452644496757547e-01 3.953398290562825e-06
-7.237340381050702e-01 3.985992272519356e-06
-7.014748877063210e-01 4.020348233875793e-06
-6.785094115571321e-01 4.056570348396956e-06
-6.548607339452851e-01 4.094296934250425e-06
-6.305526670845222e-01 4.134834200379952e-06
-6.056096871376665e-01 4.176597108368502e-06
-5.800569095711980e-01 4.220660030079688e-06
-5.539200638661103e-01 4.267192967372949e-06
-5.272254676105025e-01 4.319191351501619e-06
-4.999999999999998e-01 4.367672694393975e-06
-4.722710747726826e-01 4.421374559419130e-06
-4.440666126057737e-01 4.477560771529595e-06
-4.154150130018863e-01 4.536504548340393e-06
-3.863451256931285e-01 4.598270363279409e-06
-3.568862215918718e-01 4.662790200633867e-06
-3.270679633174214e-01 4.730587928625805e-06
-2.969203753282748e-01 4.801634317863156e-06
-2.664738136900348e-01 4.876081692499297e-06
-2.357589355094272e-01 4.954112128555133e-06
-2.048066680651905e-01 5.035907831910912e-06
-1.736481776669303e-01 5.121980089914977e-06
-1.423148382732850e-01 5.211968271151090e-06
-1.108381999010110e-01 5.306364844037627e-06
-7.924995685678832e-02 5.405447131146965e-06
-4.758191582374206e-02 5.510164522370792e-06
-1.586596383480781e-02 5.619290535206909e-06
1.586596383480815e-02 5.733920079521445e-06
4.758191582374240e-02 5.854657282657709e-06
7.924995685678866e-02 5.981674573113899e-06
1.108381999010111e-01 6.115091433147970e-06
1.423148382732853e-01 6.255613061007094e-06
1.736481776669304e-01 6.403990654913346e-06
2.048066680651908e-01 6.560456635400015e-06
2.357589355094273e-01 6.726379754407662e-06
2.664738136900351e-01 6.901163792492459e-06
2.969203753282749e-01 7.085984798039045e-06
3.270679633174218e-01 7.281712162820230e-06
3.568862215918719e-01 7.489227507480175e-06
3.863451256931288e-01 7.709490138861423e-06
4.154150130018864e-01 7.943558613024219e-06
4.440666126057742e-01 8.192427958651531e-06
4.722710747726827e-01 8.457880093738664e-06
5.000000000000003e-01 8.741131702068872e-06
5.272254676105026e-01 9.044013089103576e-06
5.539200638661104e-01 9.368298753824697e-06
5.800569095711982e-01 9.716236894954851e-06
6.056096871376669e-01 1.008970095080711e-05
6.305526670845226e-01 1.048871181615832e-05
6.548607339452851e-01 1.092838155220155e-05
6.785094115571322e-01 1.139481213338825e-05
7.014748877063215e-01 1.191118735951099e-05
7.237340381050703e-01 1.246805220568749e-05
7.452644496757548e-01 1.307625905996154e-05
7.660444431189780e-01 1.374291770495368e-05
7.860530947427876e-01 1.447638478700014e-05
8.052702575310586e-01 1.528629865883733e-05
8.236765814298328e-01 1.618548351381498e-05
8.412535328311813e-01 1.718987491410849e-05
8.579834132349772e-01 1.831598619429206e-05
8.738493770697850e-01 1.958770632893467e-05
8.888354486549235e-01 2.103459769767718e-05
9.029265382866214e-01 2.269357148700171e-05
9.161084574320697e-01 2.461410731452833e-05
9.283679330160727e-01 2.686181494061124e-05
9.396926207859083e-01 2.952927249960181e-05
9.500711177409454e-01 3.273528330739185e-05
9.594929736144975e-01 3.666386806381318e-05
9.679487013963562e-01 4.158309979987720e-05
9.754297868854070e-01 4.792562378291754e-05
9.819286972627067e-01 5.639875151597152e-05
9.874388886763944e-01 6.828137391979289e-05
9.919548128307953e-01 8.613141736332303e-05
9.954719225730846e-01 1.159170431265541e-04
9.979866764718844e-01 1.755434206428731e-04
9.994965423831851e-01 3.545359571482145e-04
1.000000000000000e+00 -3.619232372594447e-06
