-1.000000000000000e+00 2.143701106741422e-04
-9.994965423831851e-01 2.144024916430111e-04
-9.979866764718843e-01 2.144982881672985e-04
-9.954719225730846e-01 2.146721368150213e-04
-9.919548128307953e-01 2.148861906720553e-04
-9.874388886763943e-01 2.151856538679353e-04
-9.819286972627066e-01 2.154826833259474e-04
-9.754297868854070e-01 2.159636577807061e-04
-9.679487013963562e-01 2.164374865936037e-04
-9.594929736144974e-01 2.169943739596113e-04
-9.500711177409453e-01 2.176227724021615e-04
-9.396926207859083e-01 2.183118192120731e-04
-9.283679330160726e-01 2.190751778900702e-04
-9.161084574320695e-01 2.199037443808057e-04
-9.029265382866211e-01 2.208049113695730e-04
-8.888354486549234e-01 2.217680545700219e-04
-8.738493770697849e-01 2.228244874961636e-04
-8.579834132349771e-01 2.239434081956157e-04
-8.412535328311810e-01 2.251442604901767e-04
-8.236765814298327e-01 2.264329792493070e-04
-8.052702575310586e-01 2.277902560712595e-04
-7.860530947427873e-01 2.292385495077388e-04
-7.660444431189779e-01 2.307699173521547e-04
-7.452644496757547e-01 2.323882576224235e-04
-7.237340381050702e-01 2.341008271682525e-04
-7.014748877063210e-01 2.359065090865466e-04
-6.785094115571321e-01 2.378181803859103e-04
-6.548607339452851e-01 2.398175028821089e-04
-6.305526670845222e-01 2.419187245261421e-04
-6.056096871376665e-01 2.441129564760834e-04
-5.800569095711980e-01 2.464320149431575e-04
-5.539200638661103e-01 2.488612301152060e-04
-5.272254676105025e-01 2.514105945370276e-04
-4.999999999999998e-01 2.540847604302267e-04
-4.722710747726826e-01 2.568830359796624e-04
-4.440666126057737e-01 2.598184061064879e-04
-4.154150130018863e-01 2.629016018563791e-04
-3.863451256931285e-01 2.661205038154110e-04
-3.568862215918718e-01 2.694885779975850e-04
-3.270679633174214e-01 2.730009600523899e-04
-2.969203753282748e-01 2.767005879277672e-04
-2.664738136900348e-01 2.805586123162730e-04
-2.357589355094272e-01 2.846073714760334e-04
-2.048066680651905e-01 2.888461118668047e-04
-1.736481776669303e-01 2.932916319210851e-04
-1.423148382732850e-01 2.979464033963667e-04
-1.108381999010110e-01 3.028315129080404e-04
-7.924995685678832e-02 3.079478192901663e-04
-4.758191582374206e-02 3.133337650493988e-04
-1.586596383480781e-02 3.189544707116737e-04
1.586596383480815e-02 3.248863201193363e-04
4.758191582374240e-02 3.311089720377803e-04
7.924995685678866e-02 3.376485075549029e-04
1.108381999010111e-01 3.445128382044420e-04
1.423148382732853e-01 3.517730871253537e-04
1.736481776669304e-01 3.593802586101406e-04
2.048066680651908e-01 3.674415758418785e-04
2.357589355094273e-01 3.759383888976351e-04
2.664738136900351e-01 3.849161489964594e-04
2.969203753282749e-01 3.944184628274166e-04
3.270679633174218e-01 4.044768346080912e-04
3.568862215918719e-01 4.151169340636935e-04
3.863451256931288e-01 4.264380552885126e-04
4.154150130018864e-01 4.384392931957143e-04
4.440666126057742e-01 4.512244576869764e-04
4.722710747726827e-01 4.648653296783909e-04
5.000000000000003e-01 4.793701425081207e-04
5.272254676105026e-01 4.949477507234014e-04
5.539200638661104e-01 5.115953240065814e-04
5.800569095711982e-01 5.294407997004885e-04
6.056096871376669e-01 5.486921487055161e-04
6.305526670845226e-01 5.693573684540740e-04
6.548607339452851e-01 5.917072586960219e-04
6.785094115571322e-01 6.159085042029424e-04
7.014748877063215e-01 6.421845931804601e-04
7.237340381050703e-01 6.707950610495559e-04
7.452644496757548e-01 7.020347043331110e-04
7.660444431189780e-01 7.363129784732185e-04
7.860530947427876e-01 7.740233251535194e-04
8.052702575310586e-01 8.156806926577575e-04
8.236765814298328e-01 8.619414543614009e-04
8.412535328311813e-01 9.135665865648947e-04
8.579834132349772e-01 9.715165533046307e-04
8.738493770697850e-01 1.036957666696953e-03
8.888354486549235e-01 1.111401558801765e-03
9.029265382866214e-01 1.196803315283346e-03
9.161084574320697e-01 1.295701779946054e-03
9.283679330160727e-01 1.411458119960841e-03
9.396926207859083e-01 1.548672496941621e-03
9.500711177409454e-01 1.713835005022448e-03
9.594929736144975e-01 1.916258789373314e-03
9.679487013963562e-01 2.169893575923295e-03
9.754297868854070e-01 2.496779951165694e-03
9.819286972627067e-01 2.933522587985950e-03
9.874388886763944e-01 3.546042718809125e-03
9.919548128307953e-01 4.466274657047728e-03
9.954719225730846e-01 6.001917255625586e-03
9.979866764718844e-01 9.076247228558366e-03
9.994965423831851e-01 1.830540561062039e-02
1.000000000000000e+00 -1.616398064213990e-04
