1.060025848806882e+18 1.227405001641625e+05
1.191103133283007e+18 1.242429733862311e+05
1.338388753173757e+18 1.319403703614564e+05
1.503886946955410e+18 1.464776529773409e+05
1.689849786812457e+18 1.466818407332931e+05
1.898807824465263e+18 1.552896982467846e+05
2.133604526501411e+18 1.658165559623627e+05
2.397434967801077e+18 1.774153084191099e+05
2.693889309590172e+18 1.798778327426403e+05
3.027001653763462e+18 1.753660345037696e+05
3.401304938279252e+18 1.606598767883717e+05
3.821892620633119e+18 1.413447847118240e+05
4.294487988789275e+18 1.276240852578171e+05
4.825522042741278e+18 1.223333079211816e+05
5.422221006501588e+18 1.186548387653747e+05
6.092704661368677e+18 1.172861743507412e+05
6.846096838574658e+18 1.210590864479871e+05
7.692649574879142e+18 1.216878504247294e+05
8.643882620598268e+18 1.130063666939364e+05
9.712740198471170e+18 9.848155838707782e+04
1.091376714651273e+19 8.089315071462993e+04
1.226330684177563e+19 6.304641078079077e+04
1.377972359833557e+19 4.755419347669790e+04
1.548365256585498e+19 3.766380384151903e+04
1.739828052930364e+19 2.347658189044556e+04
1.954966143091260e+19 1.268917271712805e+04
2.196707090793234e+19 5.532402944602246e+03
2.468340467068649e+19 1.786505236986782e+03
2.773562614198413e+19 4.313607415816517e+02
3.116526944929430e+19 5.379209734790274e+01
3.501900461431709e+19 2.532220080297049e+00
3.934927263095847e+19 2.055691186504092e-01
4.421499907374487e+19 4.940375518966649e-16
4.968239594734385e+19 5.182382958530798e-19
5.582586268862695e+19 2.284689434161511e-22
6.272899858196243e+19 3.727576083986563e-26
7.048574036451899e+19 1.987894329549934e-30
7.920164050192548e+19 3.097768797920781e-35
8.899530352885229e+19 1.143418694017036e-40
9.999999999999995e+19 8.355579561897927e-47
1.123654800138752e+20 1.094876534690385e-53
1.262600109874856e+20 1.867680980747523e-61
1.418726674116596e+20 3.594379328703433e-70
1.594159037456000e+20 5.248254093240280e-80
1.791284454622004e+20 6.623888727341221e-91
2.012785375849940e+20 2.306250417658524e-50
2.261675949222864e+20 6.124061675198130e-117
2.541343036702636e+20 1.139457302659985e-64
2.855592301990109e+20 1.044631968093444e-149
3.208699997370450e+20 0.000000000000000e+00
3.605471154250506e+20 0.000000000000000e+00
4.051304969235382e+20 0.000000000000000e+00
4.552268275507309e+20 0.000000000000000e+00
5.115178099293145e+20 0.000000000000000e+00
5.747694424835353e+20 0.000000000000000e+00
6.458424430196978e+20 0.000000000000000e+00
7.257039612324217e+20 0.000000000000000e+00
8.154407395185162e+20 0.000000000000000e+00
9.162739011886741e+20 0.000000000000000e+00
1.029575567312513e+21 0.000000000000000e+00
1.156887528316282e+21 0.000000000000000e+00
1.299942224413246e+21 0.000000000000000e+00
1.460686320364989e+21 0.000000000000000e+00
1.641307195375130e+21 0.000000000000000e+00
1.844262708585535e+21 0.000000000000000e+00
2.072314645219030e+21 0.000000000000000e+00
2.328566298498196e+21 0.000000000000000e+00
2.616504698748821e+21 0.000000000000000e+00
2.940048064334710e+21 0.000000000000000e+00
3.303599120128339e+21 0.000000000000000e+00
3.712105009066361e+21 0.000000000000000e+00
4.171124612056520e+21 0.000000000000000e+00
4.686904192314192e+21 0.000000000000000e+00
5.266462393484281e+21 0.000000000000000e+00
5.917685748188824e+21 0.000000000000000e+00
6.649435996665046e+21 0.000000000000000e+00
7.471670675868082e+21 0.000000000000000e+00
8.395578619995113e+21 0.000000000000000e+00
9.433732216299773e+21 0.000000000000000e+00
