1.060025848806882e+18 5.025656290077531e+05
1.191103133283007e+18 5.149919280123097e+05
1.338388753173757e+18 5.296775307000390e+05
1.503886946955410e+18 5.505764427524745e+05
1.689849786812457e+18 4.872192457767066e+05
1.898807824465263e+18 4.434633275518630e+05
2.133604526501411e+18 4.079051107805780e+05
2.397434967801077e+18 3.576327292915554e+05
2.693889309590172e+18 3.076202393895121e+05
3.027001653763462e+18 2.924620912271559e+05
3.401304938279252e+18 2.725571820123203e+05
3.821892620633119e+18 2.549528409686307e+05
4.294487988789275e+18 2.381833852422845e+05
4.825522042741278e+18 2.151570123727454e+05
5.422221006501588e+18 1.828483461618584e+05
6.092704661368677e+18 1.472268634371900e+05
6.846096838574658e+18 1.098189205728170e+05
7.692649574879142e+18 7.770573269849260e+04
8.643882620598268e+18 4.893352186511716e+04
9.712740198471170e+18 2.962102083893728e+04
1.091376714651273e+19 1.594841221190434e+04
1.226330684177563e+19 7.917407597366850e+03
1.377972359833557e+19 3.531143817645996e+03
1.548365256585498e+19 1.358983131700542e+03
1.739828052930364e+19 4.626565249735544e+02
1.954966143091260e+19 1.350903757453032e+02
2.196707090793234e+19 3.345275509922004e+01
2.468340467068649e+19 6.655223395565113e+00
2.773562614198413e+19 1.091896853425602e+00
3.116526944929430e+19 1.398393996879363e-01
3.501900461431709e+19 1.033466222376395e-02
3.934927263095847e+19 9.781451927481262e-04
4.421499907374487e+19 4.946094581675318e-05
4.968239594734385e+19 1.695701134080796e-06
5.582586268862695e+19 3.733217845528416e-08
6.272899858196243e+19 4.771360972209628e-10
7.048574036451899e+19 3.440228280357648e-12
7.920164050192548e+19 1.275572777836533e-14
8.899530352885229e+19 2.191685494303881e-17
9.999999999999995e+19 1.676759073594225e-20
1.123654800138752e+20 4.784675955791953e-24
1.262600109874856e+20 4.964931142450496e-28
1.418726674116596e+20 1.669942808776506e-32
1.594159037456000e+20 1.504519068331116e-37
1.791284454622004e+20 3.908346128477329e-43
2.012785375849940e+20 1.835393207997057e-49
2.261675949222864e+20 1.177332914524473e-56
2.541343036702636e+20 2.279803207231704e-64
2.855592301990109e+20 5.297260586810777e-73
3.208699997370450e+20 7.127651073994516e-83
3.605471154250506e+20 1.377014177866100e-93
4.051304969235382e+20 7.013998189264135e-106
4.552268275507309e+20 9.926119953645891e-120
5.115178099293145e+20 1.298241055927362e-134
5.747694424835353e+20 0.000000000000000e+00
6.458424430196978e+20 0.000000000000000e+00
7.257039612324217e+20 0.000000000000000e+00
8.154407395185162e+20 0.000000000000000e+00
9.162739011886741e+20 0.000000000000000e+00
1.029575567312513e+21 0.000000000000000e+00
1.156887528316282e+21 0.000000000000000e+00
1.299942224413246e+21 0.000000000000000e+00
1.460686320364989e+21 0.000000000000000e+00
1.641307195375130e+21 0.000000000000000e+00
1.844262708585535e+21 0.000000000000000e+00
2.072314645219030e+21 0.000000000000000e+00
2.328566298498196e+21 0.000000000000000e+00
2.616504698748821e+21 0.000000000000000e+00
2.940048064334710e+21 0.000000000000000e+00
3.303599120128339e+21 0.000000000000000e+00
3.712105009066361e+21 0.000000000000000e+00
4.171124612056520e+21 0.000000000000000e+00
4.686904192314192e+21 0.000000000000000e+00
5.266462393484281e+21 0.000000000000000e+00
5.917685748188824e+21 0.000000000000000e+00
6.649435996665046e+21 0.000000000000000e+00
7.471670675868082e+21 0.000000000000000e+00
8.395578619995113e+21 0.000000000000000e+00
9.433732216299773e+21 0.000000000000000e+00
