1.060025848806882e+18 1.716548869217802e+06
1.191103133283007e+18 1.507731496627012e+06
1.338388753173757e+18 1.431125598643159e+06
1.503886946955410e+18 1.522724892711894e+06
1.689849786812457e+18 1.444189701945381e+06
1.898807824465263e+18 1.473563769644536e+06
2.133604526501411e+18 1.515929816958159e+06
2.397434967801077e+18 1.592123028963051e+06
2.693889309590172e+18 1.601971488203760e+06
3.027001653763462e+18 1.544391975441633e+06
3.401304938279252e+18 1.451194303306941e+06
3.821892620633119e+18 1.285626158280903e+06
4.294487988789275e+18 1.124513810911763e+06
4.825522042741278e+18 1.028692765392917e+06
5.422221006501588e+18 9.138046705528814e+05
6.092704661368677e+18 8.169216733760273e+05
6.846096838574658e+18 7.501903329442928e+05
7.692649574879142e+18 6.913372084714392e+05
8.643882620598268e+18 6.283744450464078e+05
9.712740198471170e+18 5.573395757326082e+05
1.091376714651273e+19 4.712005698694093e+05
1.226330684177563e+19 3.708279993828064e+05
1.377972359833557e+19 2.710231949457287e+05
1.548365256585498e+19 1.880798491617659e+05
1.739828052930364e+19 1.111932809039150e+05
1.954966143091260e+19 5.836434242277786e+04
2.196707090793234e+19 2.490683212898067e+04
2.468340467068649e+19 7.693462821897784e+03
2.773562614198413e+19 1.667772854160148e+03
3.116526944929430e+19 2.028260798764364e+02
3.501900461431709e+19 9.681612694544818e+00
3.934927263095847e+19 5.630770450045026e-01
4.421499907374487e+19 2.317775520735921e-15
4.968239594734385e+19 2.426124218033725e-18
5.582586268862695e+19 1.061991380882195e-21
6.272899858196243e+19 1.718769422715299e-25
7.048574036451899e+19 9.077973097043256e-30
7.920164050192548e+19 1.372657648888988e-34
8.899530352885229e+19 4.854684956563126e-40
9.999999999999995e+19 3.472482642452263e-46
1.123654800138752e+20 4.340709354025367e-53
1.262600109874856e+20 7.080996294272719e-61
1.418726674116596e+20 1.314986535526465e-69
1.594159037456000e+20 1.892537415258851e-79
1.791284454622004e+20 2.052174993439023e-90
2.012785375849940e+20 4.612594587938194e-50
2.261675949222864e+20 1.822804192669240e-116
2.541343036702636e+20 2.278943590600304e-64
2.855592301990109e+20 3.291750047738886e-149
3.208699997370450e+20 0.000000000000000e+00
3.605471154250506e+20 0.000000000000000e+00
4.051304969235382e+20 0.000000000000000e+00
4.552268275507309e+20 0.000000000000000e+00
5.115178099293145e+20 0.000000000000000e+00
5.747694424835353e+20 0.000000000000000e+00
6.458424430196978e+20 0.000000000000000e+00
7.257039612324217e+20 0.000000000000000e+00
8.154407395185162e+20 0.000000000000000e+00
9.162739011886741e+20 0.000000000000000e+00
1.029575567312513e+21 0.000000000000000e+00
1.156887528316282e+21 0.000000000000000e+00
1.299942224413246e+21 0.000000000000000e+00
1.460686320364989e+21 0.000000000000000e+00
1.641307195375130e+21 0.000000000000000e+00
1.844262708585535e+21 0.000000000000000e+00
2.072314645219030e+21 0.000000000000000e+00
2.328566298498196e+21 0.000000000000000e+00
2.616504698748821e+21 0.000000000000000e+00
2.940048064334710e+21 0.000000000000000e+00
3.303599120128339e+21 0.000000000000000e+00
3.712105009066361e+21 0.000000000000000e+00
4.171124612056520e+21 0.000000000000000e+00
4.686904192314192e+21 0.000000000000000e+00
5.266462393484281e+21 0.000000000000000e+00
5.917685748188824e+21 0.000000000000000e+00
6.649435996665046e+21 0.000000000000000e+00
7.471670675868082e+21 0.000000000000000e+00
8.395578619995113e+21 0.000000000000000e+00
9.433732216299773e+21 0.000000000000000e+00
