1.060025848806882e+18 8.547830937835120e+08
1.191103133283007e+18 6.935053376435778e+08
1.338388753173757e+18 5.490462640020474e+08
1.503886946955410e+18 4.273995833189595e+08
1.689849786812457e+18 3.332306083120181e+08
1.898807824465263e+18 2.459083197526763e+08
2.133604526501411e+18 1.956876509251234e+08
2.397434967801077e+18 1.449114135070888e+08
2.693889309590172e+18 1.144578065636848e+08
3.027001653763462e+18 8.757421542307025e+07
3.401304938279252e+18 6.939133097453709e+07
3.821892620633119e+18 5.401444767540403e+07
4.294487988789275e+18 4.395690047775614e+07
4.825522042741278e+18 3.567397158123292e+07
5.422221006501588e+18 3.006235414095184e+07
6.092704661368677e+18 2.602450583769565e+07
6.846096838574658e+18 2.240865519833675e+07
7.692649574879142e+18 2.036001449027042e+07
8.643882620598268e+18 1.954550231707621e+07
9.712740198471170e+18 2.001596872177065e+07
1.091376714651273e+19 2.172835405547708e+07
1.226330684177563e+19 2.349986389215580e+07
1.377972359833557e+19 2.599240835842344e+07
1.548365256585498e+19 2.810871253466672e+07
1.739828052930364e+19 2.916678609034036e+07
1.954966143091260e+19 2.813920720968812e+07
2.196707090793234e+19 2.506963217969310e+07
2.468340467068649e+19 2.088067537038274e+07
2.773562614198413e+19 1.777162106963459e+07
3.116526944929430e+19 1.587360043779806e+07
3.501900461431709e+19 1.482062146320692e+07
3.934927263095847e+19 1.373472160815628e+07
4.421499907374487e+19 1.257693486017984e+07
4.968239594734385e+19 1.230351888435408e+07
5.582586268862695e+19 1.196982600576938e+07
6.272899858196243e+19 1.249513876557048e+07
7.048574036451899e+19 9.973701268531268e+06
7.920164050192548e+19 5.873254656701583e+06
8.899530352885229e+19 2.472609356535048e+06
9.999999999999995e+19 4.070809034199252e+05
1.123654800138752e+20 1.241645551162469e+04
1.262600109874856e+20 8.398641187522763e-59
1.418726674116596e+20 1.222620286835286e-67
1.594159037456000e+20 3.740590503069127e-37
1.791284454622004e+20 1.205213083418486e-88
2.012785375849940e+20 1.310657462128134e-48
2.261675949222864e+20 4.286647328872414e-55
2.541343036702636e+20 4.488924216901849e-63
2.855592301990109e+20 5.304566392350666e-148
3.208699997370450e+20 2.513479870993603e-81
3.605471154250506e+20 0.000000000000000e+00
4.051304969235382e+20 0.000000000000000e+00
4.552268275507309e+20 0.000000000000000e+00
5.115178099293145e+20 0.000000000000000e+00
5.747694424835353e+20 0.000000000000000e+00
6.458424430196978e+20 0.000000000000000e+00
7.257039612324217e+20 0.000000000000000e+00
8.154407395185162e+20 0.000000000000000e+00
9.162739011886741e+20 0.000000000000000e+00
1.029575567312513e+21 0.000000000000000e+00
1.156887528316282e+21 0.000000000000000e+00
1.299942224413246e+21 0.000000000000000e+00
1.460686320364989e+21 0.000000000000000e+00
1.641307195375130e+21 0.000000000000000e+00
1.844262708585535e+21 0.000000000000000e+00
2.072314645219030e+21 0.000000000000000e+00
2.328566298498196e+21 0.000000000000000e+00
2.616504698748821e+21 0.000000000000000e+00
2.940048064334710e+21 0.000000000000000e+00
3.303599120128339e+21 0.000000000000000e+00
3.712105009066361e+21 0.000000000000000e+00
4.171124612056520e+21 0.000000000000000e+00
4.686904192314192e+21 0.000000000000000e+00
5.266462393484281e+21 0.000000000000000e+00
5.917685748188824e+21 0.000000000000000e+00
6.649435996665046e+21 0.000000000000000e+00
7.471670675868082e+21 0.000000000000000e+00
8.395578619995113e+21 0.000000000000000e+00
9.433732216299773e+21 0.000000000000000e+00
