1.060025848806882e+18 6.347235894353216e+09
1.191103133283007e+18 4.925185303289618e+09
1.338388753173757e+18 3.702884542444517e+09
1.503886946955410e+18 2.748309364145238e+09
1.689849786812457e+18 2.029382864311438e+09
1.898807824465263e+18 1.484038745584751e+09
2.133604526501411e+18 1.123034554104470e+09
2.397434967801077e+18 8.362164848308328e+08
2.693889309590172e+18 6.309497837657226e+08
3.027001653763462e+18 4.720177936524463e+08
3.401304938279252e+18 3.556337607755246e+08
3.821892620633119e+18 2.623819791031877e+08
4.294487988789275e+18 1.884032096123403e+08
4.825522042741278e+18 1.292094664517083e+08
5.422221006501588e+18 8.577387145697537e+07
6.092704661368677e+18 5.746443457319385e+07
6.846096838574658e+18 3.984812465041818e+07
7.692649574879142e+18 3.162774693712284e+07
8.643882620598268e+18 2.803315482816764e+07
9.712740198471170e+18 2.729494963670318e+07
1.091376714651273e+19 2.841820038669616e+07
1.226330684177563e+19 3.162201572421932e+07
1.377972359833557e+19 3.548913128420955e+07
1.548365256585498e+19 4.075602091628853e+07
1.739828052930364e+19 4.651914943788462e+07
1.954966143091260e+19 5.208472845555247e+07
2.196707090793234e+19 5.269658733932000e+07
2.468340467068649e+19 5.494406012839538e+07
2.773562614198413e+19 5.739301300470025e+07
3.116526944929430e+19 5.830798381813832e+07
3.501900461431709e+19 5.942300266228767e+07
3.934927263095847e+19 5.758349430432910e+07
4.421499907374487e+19 5.275620444449536e+07
4.968239594734385e+19 4.784078859421533e+07
5.582586268862695e+19 4.296137392108718e+07
6.272899858196243e+19 3.852486773873331e+07
7.048574036451899e+19 3.642043399767930e+07
7.920164050192548e+19 3.190135237236114e+07
8.899530352885229e+19 3.147819262314122e+07
9.999999999999995e+19 3.064067778235319e+07
1.123654800138752e+20 3.009914974056402e+07
1.262600109874856e+20 3.021648372327621e+07
1.418726674116596e+20 2.293014634223579e+07
1.594159037456000e+20 7.663906642208358e+06
1.791284454622004e+20 2.753225881020123e+05
2.012785375849940e+20 1.242642949099023e-51
2.261675949222864e+20 6.420682377674753e-40
2.541343036702636e+20 3.794814067486542e-67
2.855592301990109e+20 2.291045599336140e-76
3.208699997370450e+20 2.981497744853303e-87
3.605471154250506e+20 0.000000000000000e+00
4.051304969235382e+20 0.000000000000000e+00
4.552268275507309e+20 0.000000000000000e+00
5.115178099293145e+20 0.000000000000000e+00
5.747694424835353e+20 0.000000000000000e+00
6.458424430196978e+20 0.000000000000000e+00
7.257039612324217e+20 0.000000000000000e+00
8.154407395185162e+20 0.000000000000000e+00
9.162739011886741e+20 0.000000000000000e+00
1.029575567312513e+21 0.000000000000000e+00
1.156887528316282e+21 0.000000000000000e+00
1.299942224413246e+21 0.000000000000000e+00
1.460686320364989e+21 0.000000000000000e+00
1.641307195375130e+21 0.000000000000000e+00
1.844262708585535e+21 0.000000000000000e+00
2.072314645219030e+21 0.000000000000000e+00
2.328566298498196e+21 0.000000000000000e+00
2.616504698748821e+21 0.000000000000000e+00
2.940048064334710e+21 0.000000000000000e+00
3.303599120128339e+21 0.000000000000000e+00
3.712105009066361e+21 0.000000000000000e+00
4.171124612056520e+21 0.000000000000000e+00
4.686904192314192e+21 0.000000000000000e+00
5.266462393484281e+21 0.000000000000000e+00
5.917685748188824e+21 0.000000000000000e+00
6.649435996665046e+21 0.000000000000000e+00
7.471670675868082e+21 0.000000000000000e+00
8.395578619995113e+21 0.000000000000000e+00
9.433732216299773e+21 0.000000000000000e+00
