1.060025848806882e+18 1.061927676128822e-30 2.504723514657502e-31 9.228686615981244e-32 3.994718073668466e-32 1.897620516089841e-32 8.973302569484739e-33 4.263925788491555e-33 2.149599849741600e-33 1.072552531017790e-33 3.166390242367792e-34 1.418008241555016e-35 1.302624289410556e-38
1.191103133283007e+18 8.503012861299501e-31 2.044954287614924e-31 6.885480976087934e-32 2.955587412057793e-32 1.449546820365531e-32 7.809614768258967e-33 3.961436326208859e-33 1.511469650360322e-33 4.625415051353745e-34 1.652633862748101e-34 2.224354568400305e-35 5.502402896368182e-179
1.338388753173757e+18 6.030488847446749e-31 1.440552717018684e-31 5.250593131885167e-32 2.278903948709289e-32 1.090518933803709e-32 5.556434941145459e-33 2.838709000603286e-33 1.369274195630107e-33 2.964319859340173e-34 3.999390963287989e-36 8.284065562871140e-37 6.285635720045761e-126
1.503886946955410e+18 5.098859621706353e-31 1.230208269670821e-31 4.031575854583458e-32 1.633502004504634e-32 7.966094421843492e-33 3.847745321951057e-33 1.345885881386865e-33 2.468904251268841e-34 1.140367459119217e-34 7.301442465636096e-36 3.550161013821401e-40 2.122951110469002e-92
1.689849786812457e+18 3.768475329443381e-31 8.714726445508150e-32 2.946922960146119e-32 1.377851038421352e-32 6.601176684093057e-33 2.601417868962557e-33 9.959752958940150e-34 2.592312433826461e-34 8.224467462386587e-36 2.165913030827323e-36 2.512062967340198e-120 7.470747954202016e-150
1.898807824465263e+18 2.603617518257005e-31 7.354811094168072e-32 2.827750220484739e-32 1.216507558141152e-32 5.185492600548767e-33 1.894175295563153e-33 3.602498370300412e-34 9.169841255908510e-35 2.408587072297603e-36 5.228653856287593e-38 2.402741111940181e-103 1.107619218472730e-125
2.133604526501411e+18 2.314979681808692e-31 5.645021358119802e-32 1.826864247256732e-32 7.566237694900803e-33 2.983996786188534e-33 9.546669842587512e-34 2.848725072678849e-34 2.061689734093618e-35 2.015191121169105e-36 2.625795297560187e-41 2.860028095040344e-83 1.496377807790849e-92
2.397434967801077e+18 1.254898026231804e-31 3.629922785948073e-32 1.418340745990078e-32 5.842970773541948e-33 1.859846590495685e-33 4.213072834613001e-34 8.863571740694430e-35 4.256999221111915e-36 3.201752677961651e-37 8.020567192273012e-80 2.503616980086450e-89 0.000000000000000e+00
2.693889309590172e+18 1.212149132657468e-31 3.617447386847698e-32 1.197429312939780e-32 3.507286924350281e-33 9.481529344367106e-34 2.513568537389178e-34 2.683707295171227e-35 2.625408403737558e-36 3.964442346768584e-39 1.910479955677548e-85 0.000000000000000e+00 0.000000000000000e+00
3.027001653763462e+18 6.828882874906525e-32 2.022054783881068e-32 8.077333413170018e-33 2.261335184751195e-33 5.311378601708893e-34 1.182766749228271e-34 1.275912178696027e-35 5.344793645985540e-37 8.675360575125196e-43 5.100712306238089e-85 0.000000000000000e+00 0.000000000000000e+00
3.401304938279252e+18 6.135935743023257e-32 1.882179818690026e-32 3.478525485423231e-33 9.778938049087403e-34 2.819943660505475e-34 4.087320249884792e-35 4.344860684109080e-36 7.526768450191263e-38 2.906408552619292e-71 9.861132192664236e-237 2.464969665251764e-279 0.000000000000000e+00
3.821892620633119e+18 3.368935386738666e-32 7.927566680974206e-33 2.925317847944600e-33 8.007204879513676e-34 1.420944075310191e-34 3.077347555329336e-35 2.101051854593847e-36 4.619925607630559e-40 2.603702490070255e-58 1.808774329424804e-320 0.000000000000000e+00 0.000000000000000e+00
4.294487988789275e+18 2.434013353165226e-32 5.877796834657756e-33 1.700137340994208e-33 3.446689324940355e-34 8.444977328255382e-35 6.481978016376272e-36 1.563320955626468e-37 2.175076660853099e-42 6.173444219841238e-241 1.837178194876836e-289 0.000000000000000e+00 0.000000000000000e+00
4.825522042741278e+18 1.869602445120746e-32 5.380632893920035e-33 1.183951106267391e-33 3.292601807367628e-34 2.691840803627285e-35 2.858762525205936e-36 1.315803135100801e-38 2.626500143895790e-116 4.887579976011818e-138 2.460308648510182e-162 0.000000000000000e+00 0.000000000000000e+00
5.422221006501588e+18 9.277236583855586e-33 2.118042234187215e-33 6.585304539759719e-34 9.334956430082966e-35 1.174081604097550e-35 2.249204938152244e-37 4.910280592384473e-40 2.966904819874301e-164 0.000000000000000e+00 0.000000000000000e+00 0.000000000000000e+00 0.000000000000000e+00
6.092704661368677e+18 7.575543623909222e-33 1.500562944759891e-33 3.083157207045708e-34 5.180875443355944e-35 6.276787604240416e-36 2.518614601025458e-38 5.612558878159026e-43 2.173061131373827e-137 0.000000000000000e+00 0.000000000000000e+00 0.000000000000000e+00 0.000000000000000e+00
6.846096838574658e+18 4.715366614447980e-33 1.147176317769373e-33 2.468090359204613e-34 3.501656385924994e-35 2.920207288574894e-36 1.337532744765353e-39 1.709188409454016e-87 0.000000000000000e+00 0.000000000000000e+00 0.000000000000000e+00 0.000000000000000e+00 0.000000000000000e+00
7.692649574879142e+18 2.524993327240419e-33 6.352705699015144e-34 1.055364232857119e-34 8.153447916465951e-36 4.719518253521656e-37 2.359015992411915e-41 0.000000000000000e+00 0.000000000000000e+00 0.000000000000000e+00 0.000000000000000e+00 0.000000000000000e+00 0.000000000000000e+00
8.643882620598268e+18 1.769223449611942e-33 2.436155569455408e-34 4.134352029450496e-35 3.952994871181736e-36 1.136301362475059e-37 1.286477713169090e-43 0.000000000000000e+00 0.000000000000000e+00 0.000000000000000e+00 0.000000000000000e+00 0.000000000000000e+00 0.000000000000000e+00
9.712740198471170e+18 1.048144551080501e-33 1.465812664210999e-34 1.916186287116405e-35 1.862180196217283e-36 1.889745305123740e-38 1.948832042000710e-45 0.000000000000000e+00 0.000000000000000e+00 0.000000000000000e+00 0.000000000000000e+00 0.000000000000000e+00 0.000000000000000e+00
1.091376714651273e+19 6.353673614749801e-34 7.516985442697554e-35 8.079866238246413e-36 7.830774929476294e-37 1.769172081138465e-39 0.000000000000000e+00 0.000000000000000e+00 0.000000000000000e+00 0.000000000000000e+00 0.000000000000000e+00 0.000000000000000e+00 0.000000000000000e+00
1.226330684177563e+19 3.215286670563496e-34 3.715520799487520e-35 2.963498098897541e-36 1.047679918795664e-37 8.970544492372451e-41 0.000000000000000e+00 0.000000000000000e+00 0.000000000000000e+00 0.000000000000000e+00 0.000000000000000e+00 0.000000000000000e+00 0.000000000000000e+00
1.377972359833557e+19 1.654881397396560e-34 1.730302062978965e-35 1.027566997044116e-36 1.933154150312329e-38 1.869855219335178e-42 0.000000000000000e+00 0.000000000000000e+00 0.000000000000000e+00 0.000000000000000e+00 0.000000000000000e+00 0.000000000000000e+00 0.000000000000000e+00
1.548365256585498e+19 6.204565094752225e-35 7.348502919099696e-36 3.086980258141224e-37 1.839560084997504e-39 1.688080846298732e-44 0.000000000000000e+00 0.000000000000000e+00 0.000000000000000e+00 0.000000000000000e+00 0.000000000000000e+00 0.000000000000000e+00 0.000000000000000e+00
1.739828052930364e+19 2.836423296363398e-35 2.907574160083032e-36 7.493208424382379e-38 7.890870058250601e-40 7.502924565399079e-54 0.000000000000000e+00 0.000000000000000e+00 0.000000000000000e+00 0.000000000000000e+00 0.000000000000000e+00 0.000000000000000e+00 0.000000000000000e+00
1.954966143091260e+19 1.268463832950203e-35 1.018234614867488e-36 1.382846446301831e-38 6.657751482542356e-41 0.000000000000000e+00 0.000000000000000e+00 0.000000000000000e+00 0.000000000000000e+00 0.000000000000000e+00 0.000000000000000e+00 0.000000000000000e+00 0.000000000000000e+00
2.196707090793234e+19 4.616500749250138e-36 3.147847834897758e-37 1.727782728448009e-39 1.388629858426930e-42 0.000000000000000e+00 0.000000000000000e+00 0.000000000000000e+00 0.000000000000000e+00 0.000000000000000e+00 0.000000000000000e+00 0.000000000000000e+00 0.000000000000000e+00
2.468340467068649e+19 1.743335388638714e-36 8.249801969734697e-38 1.282433580537724e-40 9.571974691114178e-45 0.000000000000000e+00 0.000000000000000e+00 0.000000000000000e+00 0.000000000000000e+00 0.000000000000000e+00 0.000000000000000e+00 0.000000000000000e+00 0.000000000000000e+00
2.773562614198413e+19 5.950014832153884e-37 1.732743991562644e-38 5.556615167527156e-42 2.738654181170276e-58 0.000000000000000e+00 0.000000000000000e+00 0.000000000000000e+00 0.000000000000000e+00 0.000000000000000e+00 0.000000000000000e+00 0.000000000000000e+00 0.000000000000000e+00
3.116526944929430e+19 1.416282390551115e-37 2.738151964413841e-39 1.024814115429526e-43 0.000000000000000e+00 0.000000000000000e+00 0.000000000000000e+00 0.000000000000000e+00 0.000000000000000e+00 0.000000000000000e+00 0.000000000000000e+00 0.000000000000000e+00 0.000000000000000e+00
3.501900461431709e+19 3.809860032420482e-38 2.744026978766118e-40 6.815768817364253e-46 0.000000000000000e+00 0.000000000000000e+00 0.000000000000000e+00 0.000000000000000e+00 0.000000000000000e+00 0.000000000000000e+00 0.000000000000000e+00 0.000000000000000e+00 0.000000000000000e+00
3.934927263095847e+19 9.454558366951402e-39 1.682814973654599e-41 4.227152586381151e-51 0.000000000000000e+00 0.000000000000000e+00 0.000000000000000e+00 0.000000000000000e+00 0.000000000000000e+00 0.000000000000000e+00 0.000000000000000e+00 0.000000000000000e+00 0.000000000000000e+00
4.421499907374487e+19 1.593845202389821e-39 4.638882990427666e-43 0.000000000000000e+00 0.000000000000000e+00 0.000000000000000e+00 0.000000000000000e+00 0.000000000000000e+00 0.000000000000000e+00 0.000000000000000e+00 0.000000000000000e+00 0.000000000000000e+00 0.000000000000000e+00
4.968239594734385e+19 1.841344543070092e-40 6.491044211596413e-44 0.000000000000000e+00 0.000000000000000e+00 0.000000000000000e+00 0.000000000000000e+00 0.000000000000000e+00 0.000000000000000e+00 0.000000000000000e+00 0.000000000000000e+00 0.000000000000000e+00 0.000000000000000e+00
5.582586268862695e+19 1.357561343918151e-41 5.549781435813002e-46 0.000000000000000e+00 0.000000000000000e+00 0.000000000000000e+00 0.000000000000000e+00 0.000000000000000e+00 0.000000000000000e+00 0.000000000000000e+00 0.000000000000000e+00 0.000000000000000e+00 0.000000000000000e+00
6.272899858196243e+19 5.277373729899318e-43 6.090691860193329e-59 0.000000000000000e+00 0.000000000000000e+00 0.000000000000000e+00 0.000000000000000e+00 0.000000000000000e+00 0.000000000000000e+00 0.000000000000000e+00 0.000000000000000e+00 0.000000000000000e+00 0.000000000000000e+00
7.048574036451899e+19 1.076981075165465e-44 0.000000000000000e+00 0.000000000000000e+00 0.000000000000000e+00 0.000000000000000e+00 0.000000000000000e+00 0.000000000000000e+00 0.000000000000000e+00 0.000000000000000e+00 0.000000000000000e+00 0.000000000000000e+00 0.000000000000000e+00
7.920164050192548e+19 8.516937873321450e-47 0.000000000000000e+00 0.000000000000000e+00 0.000000000000000e+00 0.000000000000000e+00 0.000000000000000e+00 0.000000000000000e+00 0.000000000000000e+00 0.000000000000000e+00 0.000000000000000e+00 0.000000000000000e+00 0.000000000000000e+00
8.899530352885229e+19 6.176178305256518e-49 0.000000000000000e+00 0.000000000000000e+00 0.000000000000000e+00 0.000000000000000e+00 0.000000000000000e+00 0.000000000000000e+00 0.000000000000000e+00 0.000000000000000e+00 0.000000000000000e+00 0.000000000000000e+00 0.000000000000000e+00
9.999999999999995e+19 7.715312110644369e-62 0.000000000000000e+00 0.000000000000000e+00 0.000000000000000e+00 0.000000000000000e+00 0.000000000000000e+00 0.000000000000000e+00 0.000000000000000e+00 0.000000000000000e+00 0.000000000000000e+00 0.000000000000000e+00 0.000000000000000e+00
1.123654800138752e+20 0.000000000000000e+00 0.000000000000000e+00 0.000000000000000e+00 0.000000000000000e+00 0.000000000000000e+00 0.000000000000000e+00 0.000000000000000e+00 0.000000000000000e+00 0.000000000000000e+00 0.000000000000000e+00 0.000000000000000e+00 0.000000000000000e+00
1.262600109874856e+20 0.000000000000000e+00 0.000000000000000e+00 0.000000000000000e+00 0.000000000000000e+00 0.000000000000000e+00 0.000000000000000e+00 0.000000000000000e+00 0.000000000000000e+00 0.000000000000000e+00 0.000000000000000e+00 0.000000000000000e+00 0.000000000000000e+00
1.418726674116596e+20 0.000000000000000e+00 0.000000000000000e+00 0.000000000000000e+00 0.000000000000000e+00 0.000000000000000e+00 0.000000000000000e+00 0.000000000000000e+00 0.000000000000000e+00 0.000000000000000e+00 0.000000000000000e+00 0.000000000000000e+00 0.000000000000000e+00
1.594159037456000e+20 0.000000000000000e+00 0.000000000000000e+00 0.000000000000000e+00 0.000000000000000e+00 0.000000000000000e+00 0.000000000000000e+00 0.000000000000000e+00 0.000000000000000e+00 0.000000000000000e+00 0.000000000000000e+00 0.000000000000000e+00 0.000000000000000e+00
1.791284454622004e+20 0.000000000000000e+00 0.000000000000000e+00 0.000000000000000e+00 0.000000000000000e+00 0.000000000000000e+00 0.000000000000000e+00 0.000000000000000e+00 0.000000000000000e+00 0.000000000000000e+00 0.000000000000000e+00 0.000000000000000e+00 0.000000000000000e+00
2.012785375849940e+20 0.000000000000000e+00 0.000000000000000e+00 0.000000000000000e+00 0.000000000000000e+00 0.000000000000000e+00 0.000000000000000e+00 0.000000000000000e+00 0.000000000000000e+00 0.000000000000000e+00 0.000000000000000e+00 0.000000000000000e+00 0.000000000000000e+00
2.261675949222864e+20 0.000000000000000e+00 0.000000000000000e+00 0.000000000000000e+00 0.000000000000000e+00 0.000000000000000e+00 0.000000000000000e+00 0.000000000000000e+00 0.000000000000000e+00 0.000000000000000e+00 0.000000000000000e+00 0.000000000000000e+00 0.000000000000000e+00
2.541343036702636e+20 0.000000000000000e+00 0.000000000000000e+00 0.000000000000000e+00 0.000000000000000e+00 0.000000000000000e+00 0.000000000000000e+00 0.000000000000000e+00 0.000000000000000e+00 0.000000000000000e+00 0.000000000000000e+00 0.000000000000000e+00 0.000000000000000e+00
2.855592301990109e+20 0.000000000000000e+00 0.000000000000000e+00 0.000000000000000e+00 0.000000000000000e+00 0.000000000000000e+00 0.000000000000000e+00 0.000000000000000e+00 0.000000000000000e+00 0.000000000000000e+00 0.000000000000000e+00 0.000000000000000e+00 0.000000000000000e+00
3.208699997370450e+20 0.000000000000000e+00 0.000000000000000e+00 0.000000000000000e+00 0.000000000000000e+00 0.000000000000000e+00 0.000000000000000e+00 0.000000000000000e+00 0.000000000000000e+00 0.000000000000000e+00 0.000000000000000e+00 0.000000000000000e+00 0.000000000000000e+00
3.605471154250506e+20 0.000000000000000e+00 0.000000000000000e+00 0.000000000000000e+00 0.000000000000000e+00 0.000000000000000e+00 0.000000000000000e+00 0.000000000000000e+00 0.000000000000000e+00 0.000000000000000e+00 0.000000000000000e+00 0.000000000000000e+00 0.000000000000000e+00
4.051304969235382e+20 0.000000000000000e+00 0.000000000000000e+00 0.000000000000000e+00 0.000000000000000e+00 0.000000000000000e+00 0.000000000000000e+00 0.000000000000000e+00 0.000000000000000e+00 0.000000000000000e+00 0.000000000000000e+00 0.000000000000000e+00 0.000000000000000e+00
4.552268275507309e+20 0.000000000000000e+00 0.000000000000000e+00 0.000000000000000e+00 0.000000000000000e+00 0.000000000000000e+00 0.000000000000000e+00 0.000000000000000e+00 0.000000000000000e+00 0.000000000000000e+00 0.000000000000000e+00 0.000000000000000e+00 0.000000000000000e+00
5.115178099293145e+20 0.000000000000000e+00 0.000000000000000e+00 0.000000000000000e+00 0.000000000000000e+00 0.000000000000000e+00 0.000000000000000e+00 0.000000000000000e+00 0.000000000000000e+00 0.000000000000000e+00 0.000000000000000e+00 0.000000000000000e+00 0.000000000000000e+00
5.747694424835353e+20 0.000000000000000e+00 0.000000000000000e+00 0.000000000000000e+00 0.000000000000000e+00 0.000000000000000e+00 0.000000000000000e+00 0.000000000000000e+00 0.000000000000000e+00 0.000000000000000e+00 0.000000000000000e+00 0.000000000000000e+00 0.000000000000000e+00
6.458424430196978e+20 0.000000000000000e+00 0.000000000000000e+00 0.000000000000000e+00 0.000000000000000e+00 0.000000000000000e+00 0.000000000000000e+00 0.000000000000000e+00 0.000000000000000e+00 0.000000000000000e+00 0.000000000000000e+00 0.000000000000000e+00 0.000000000000000e+00
7.257039612324217e+20 0.000000000000000e+00 0.000000000000000e+00 0.000000000000000e+00 0.000000000000000e+00 0.000000000000000e+00 0.000000000000000e+00 0.000000000000000e+00 0.000000000000000e+00 0.000000000000000e+00 0.000000000000000e+00 0.000000000000000e+00 0.000000000000000e+00
8.154407395185162e+20 0.000000000000000e+00 0.000000000000000e+00 0.000000000000000e+00 0.000000000000000e+00 0.000000000000000e+00 0.000000000000000e+00 0.000000000000000e+00 0.000000000000000e+00 0.000000000000000e+00 0.000000000000000e+00 0.000000000000000e+00 0.000000000000000e+00
9.162739011886741e+20 0.000000000000000e+00 0.000000000000000e+00 0.000000000000000e+00 0.000000000000000e+00 0.000000000000000e+00 0.000000000000000e+00 0.000000000000000e+00 0.000000000000000e+00 0.000000000000000e+00 0.000000000000000e+00 0.000000000000000e+00 0.000000000000000e+00
1.029575567312513e+21 0.000000000000000e+00 0.000000000000000e+00 0.000000000000000e+00 0.000000000000000e+00 0.000000000000000e+00 0.000000000000000e+00 0.000000000000000e+00 0.000000000000000e+00 0.000000000000000e+00 0.000000000000000e+00 0.000000000000000e+00 0.000000000000000e+00
1.156887528316282e+21 0.000000000000000e+00 0.000000000000000e+00 0.000000000000000e+00 0.000000000000000e+00 0.000000000000000e+00 0.000000000000000e+00 0.000000000000000e+00 0.000000000000000e+00 0.000000000000000e+00 0.000000000000000e+00 0.000000000000000e+00 0.000000000000000e+00
1.299942224413246e+21 0.000000000000000e+00 0.000000000000000e+00 0.000000000000000e+00 0.000000000000000e+00 0.000000000000000e+00 0.000000000000000e+00 0.000000000000000e+00 0.000000000000000e+00 0.000000000000000e+00 0.000000000000000e+00 0.000000000000000e+00 0.000000000000000e+00
1.460686320364989e+21 0.000000000000000e+00 0.000000000000000e+00 0.000000000000000e+00 0.000000000000000e+00 0.000000000000000e+00 0.000000000000000e+00 0.000000000000000e+00 0.000000000000000e+00 0.000000000000000e+00 0.000000000000000e+00 0.000000000000000e+00 0.000000000000000e+00
1.641307195375130e+21 0.000000000000000e+00 0.000000000000000e+00 0.000000000000000e+00 0.000000000000000e+00 0.000000000000000e+00 0.000000000000000e+00 0.000000000000000e+00 0.000000000000000e+00 0.000000000000000e+00 0.000000000000000e+00 0.000000000000000e+00 0.000000000000000e+00
1.844262708585535e+21 0.000000000000000e+00 0.000000000000000e+00 0.000000000000000e+00 0.000000000000000e+00 0.000000000000000e+00 0.000000000000000e+00 0.000000000000000e+00 0.000000000000000e+00 0.000000000000000e+00 0.000000000000000e+00 0.000000000000000e+00 0.000000000000000e+00
2.072314645219030e+21 0.000000000000000e+00 0.000000000000000e+00 0.000000000000000e+00 0.000000000000000e+00 0.000000000000000e+00 0.000000000000000e+00 0.000000000000000e+00 0.000000000000000e+00 0.000000000000000e+00 0.000000000000000e+00 0.000000000000000e+00 0.000000000000000e+00
2.328566298498196e+21 0.000000000000000e+00 0.000000000000000e+00 0.000000000000000e+00 0.000000000000000e+00 0.000000000000000e+00 0.000000000000000e+00 0.000000000000000e+00 0.000000000000000e+00 0.000000000000000e+00 0.000000000000000e+00 0.000000000000000e+00 0.000000000000000e+00
2.616504698748821e+21 0.000000000000000e+00 0.000000000000000e+00 0.000000000000000e+00 0.000000000000000e+00 0.000000000000000e+00 0.000000000000000e+00 0.000000000000000e+00 0.000000000000000e+00 0.000000000000000e+00 0.000000000000000e+00 0.000000000000000e+00 0.000000000000000e+00
2.940048064334710e+21 0.000000000000000e+00 0.000000000000000e+00 0.000000000000000e+00 0.000000000000000e+00 0.000000000000000e+00 0.000000000000000e+00 0.000000000000000e+00 0.000000000000000e+00 0.000000000000000e+00 0.000000000000000e+00 0.000000000000000e+00 0.000000000000000e+00
3.303599120128339e+21 0.000000000000000e+00 0.000000000000000e+00 0.000000000000000e+00 0.000000000000000e+00 0.000000000000000e+00 0.000000000000000e+00 0.000000000000000e+00 0.000000000000000e+00 0.000000000000000e+00 0.000000000000000e+00 0.000000000000000e+00 0.000000000000000e+00
3.712105009066361e+21 0.000000000000000e+00 0.000000000000000e+00 0.000000000000000e+00 0.000000000000000e+00 0.000000000000000e+00 0.000000000000000e+00 0.000000000000000e+00 0.000000000000000e+00 0.000000000000000e+00 0.000000000000000e+00 0.000000000000000e+00 0.000000000000000e+00
4.171124612056520e+21 0.000000000000000e+00 0.000000000000000e+00 0.000000000000000e+00 0.000000000000000e+00 0.000000000000000e+00 0.000000000000000e+00 0.000000000000000e+00 0.000000000000000e+00 0.000000000000000e+00 0.000000000000000e+00 0.000000000000000e+00 0.000000000000000e+00
4.686904192314192e+21 0.000000000000000e+00 0.000000000000000e+00 0.000000000000000e+00 0.000000000000000e+00 0.000000000000000e+00 0.000000000000000e+00 0.000000000000000e+00 0.000000000000000e+00 0.000000000000000e+00 0.000000000000000e+00 0.000000000000000e+00 0.000000000000000e+00
5.266462393484281e+21 0.000000000000000e+00 0.000000000000000e+00 0.000000000000000e+00 0.000000000000000e+00 0.000000000000000e+00 0.000000000000000e+00 0.000000000000000e+00 0.000000000000000e+00 0.000000000000000e+00 0.000000000000000e+00 0.000000000000000e+00 0.000000000000000e+00
5.917685748188824e+21 0.000000000000000e+00 0.000000000000000e+00 0.000000000000000e+00 0.000000000000000e+00 0.000000000000000e+00 0.000000000000000e+00 0.000000000000000e+00 0.000000000000000e+00 0.000000000000000e+00 0.000000000000000e+00 0.000000000000000e+00 0.000000000000000e+00
6.649435996665046e+21 0.000000000000000e+00 0.000000000000000e+00 0.000000000000000e+00 0.000000000000000e+00 0.000000000000000e+00 0.000000000000000e+00 0.000000000000000e+00 0.000000000000000e+00 0.000000000000000e+00 0.000000000000000e+00 0.000000000000000e+00 0.000000000000000e+00
7.471670675868082e+21 0.000000000000000e+00 0.000000000000000e+00 0.000000000000000e+00 0.000000000000000e+00 0.000000000000000e+00 0.000000000000000e+00 0.000000000000000e+00 0.000000000000000e+00 0.000000000000000e+00 0.000000000000000e+00 0.000000000000000e+00 0.000000000000000e+00
8.395578619995113e+21 0.000000000000000e+00 0.000000000000000e+00 0.000000000000000e+00 0.000000000000000e+00 0.000000000000000e+00 0.000000000000000e+00 0.000000000000000e+00 0.000000000000000e+00 0.000000000000000e+00 0.000000000000000e+00 0.000000000000000e+00 0.000000000000000e+00
9.433732216299773e+21 0.000000000000000e+00 0.000000000000000e+00 0.000000000000000e+00 0.000000000000000e+00 0.000000000000000e+00 0.000000000000000e+00 0.000000000000000e+00 0.000000000000000e+00 0.000000000000000e+00 0.000000000000000e+00 0.000000000000000e+00 0.000000000000000e+00
