1.060025848806882e+18 1.488271619527188e-32 4.706593598093487e-32 1.251733045352627e-31 4.194988823544523e-31 1.114828050336612e-30 3.776823831963413e-30 1.298066462640125e-29
1.191103133283007e+18 1.180376786578519e-32 3.732664788112734e-32 9.924165161731645e-32 3.326618523189438e-31 8.853258540319097e-31 3.311971259692259e-30 8.282858611088880e-30
1.338388753173757e+18 9.360309445761034e-33 2.959359892368897e-32 7.871643572244943e-32 2.637907167830485e-31 7.018129532643463e-31 2.370228708091603e-30 6.297437255128584e-30
1.503886946955410e+18 7.423050958829263e-33 2.347404083004419e-32 6.242763723701513e-32 2.091848230098586e-31 5.563748230608078e-31 1.949486354700519e-30 4.999978342227317e-30
1.689849786812457e+18 5.886654952825126e-33 1.861510730502777e-32 4.951078575352978e-32 1.659554952369804e-31 4.410256761407824e-31 1.523976333620396e-30 3.096849813652025e-30
1.898807824465263e+18 4.667555563383553e-33 1.476221107622434e-32 3.926243974803907e-32 1.315254299921332e-31 3.497462894061976e-31 1.152623212942450e-30 2.305850721208688e-30
2.133604526501411e+18 3.701687512914296e-33 1.170576372701313e-32 3.112989623120556e-32 1.043389048250449e-31 3.192184741897002e-31 9.345317122416053e-31 1.789288281354636e-30
2.397434967801077e+18 2.935271030521628e-33 9.282942159665051e-33 2.469012485772769e-32 8.271812097331211e-32 2.455243794759409e-31 7.849701434249759e-31 1.027984868705822e-30
2.693889309590172e+18 2.327634860991676e-33 7.358853513721041e-33 1.956901333121510e-32 6.559894097718712e-32 1.685917944123239e-31 4.527140760027456e-31 8.503165230383061e-31
3.027001653763462e+18 1.845859607807187e-33 5.837101665827005e-33 1.551712641920230e-32 5.203601811109479e-32 1.500145724404231e-31 4.641120033993893e-31 5.180843024940676e-31
3.401304938279252e+18 1.463107196168527e-33 4.627612833305427e-33 1.230689698993515e-32 4.124973611500592e-32 1.159581325077215e-31 3.534502275805584e-31 3.952362779357890e-31
3.821892620633119e+18 1.159938384883223e-33 3.668139156368608e-33 9.759110998889651e-33 3.270390523453414e-32 8.998308835238578e-32 2.332767823376992e-31 2.588613322066874e-31
4.294487988789275e+18 9.197406871954928e-34 2.907751765820303e-33 7.738017438362237e-33 2.592629457923246e-32 6.390576929602058e-32 2.080999593740232e-31 2.107466603362936e-31
4.825522042741278e+18 7.289986933078107e-34 2.306067684191671e-33 6.131441543118670e-33 2.054975093987019e-32 5.513761929964129e-32 1.526634103353323e-31 1.370265147669254e-31
5.422221006501588e+18 5.779509484796562e-34 1.827888407758535e-33 4.858526435957877e-33 1.630353019932260e-32 3.974434074713902e-32 1.042689553608411e-31 9.356392945674048e-32
6.092704661368677e+18 4.580619459938303e-34 1.448267961184082e-33 3.850460017460204e-33 1.292732651606799e-32 3.407580314871131e-32 9.793918299078383e-32 7.748198309686912e-32
6.846096838574658e+18 3.629986815902325e-34 1.148007982928035e-33 3.053087061198108e-33 1.025011589228372e-32 2.835252833185464e-32 7.043362170328899e-32 5.446048061977141e-32
7.692649574879142e+18 2.877110566338611e-34 9.101422288936987e-34 2.421320741207530e-33 8.114590774861788e-33 2.067318073150808e-32 4.517560865262013e-32 3.479490946520148e-32
8.643882620598268e+18 2.280688082745422e-34 7.208051071394493e-34 1.918114020957594e-33 6.431790985161149e-33 1.514985669920820e-32 4.212116213568999e-32 2.626701137258215e-32
9.712740198471170e+18 1.806382351143203e-34 5.712928198337839e-34 1.521189136131701e-33 5.101803500522639e-33 1.434678710001906e-32 3.033560213703718e-32 2.148047636725598e-32
1.091376714651273e+19 1.431396694923272e-34 4.526843170035519e-34 1.202300596141783e-33 4.028080747773257e-33 9.233977264624453e-33 2.190028693604384e-32 1.462247210697067e-32
1.226330684177563e+19 1.133204982765123e-34 3.585675132004233e-34 9.538385469704089e-34 3.204959967937808e-33 7.338457503553464e-33 1.739205503721109e-32 1.100485938199540e-32
1.377972359833557e+19 8.977559793151386e-35 2.839597109052927e-34 7.556461267618926e-34 2.885959092916810e-33 5.806760392711072e-33 1.494420870149323e-32 8.112682670719660e-33
1.548365256585498e+19 7.107136789904210e-35 2.247138599034775e-34 5.984190679013318e-34 1.967016288819968e-33 4.589552362969541e-33 1.170961443492058e-32 5.900590299694139e-33
1.739828052930364e+19 5.625827007510189e-35 1.777239115316385e-34 4.728297714740096e-34 1.558061845893611e-33 4.024542178029283e-33 8.987818777539376e-33 4.089382089315795e-33
1.954966143091260e+19 4.455072291396456e-35 1.408836564935826e-34 3.744272994299229e-34 1.235427559683360e-33 2.824148772566151e-33 7.559626534514730e-33 2.594825535767647e-33
2.196707090793234e+19 3.522852117651564e-35 1.114624554938898e-34 2.961160917596076e-34 1.096440000291924e-33 2.229101095344686e-33 6.365161657667806e-33 1.294541320940192e-33
2.468340467068649e+19 2.786785304534088e-35 8.815728371634146e-35 2.344455391180639e-34 7.595527800569571e-34 1.789156812247974e-33 5.277868300056084e-33 4.794503774511239e-34
2.773562614198413e+19 2.204322586310506e-35 6.963361214289201e-35 1.852763201346961e-34 6.036394642058691e-34 1.429577828868252e-33 4.533838770345235e-33 1.232625973749480e-34
3.116526944929430e+19 1.742354571411571e-35 5.518723127539456e-35 1.466787649634095e-34 4.794479086878719e-34 1.163269360903091e-33 3.496522960744226e-33 1.545913939899725e-35
3.501900461431709e+19 1.376203783454601e-35 4.359088631162086e-35 1.164835259177805e-34 3.816096724752312e-34 9.832321668565379e-34 2.621883170106500e-33 9.930020125128701e-37
3.934927263095847e+19 1.088601154567945e-35 3.445591257062866e-35 9.235789916232600e-35 3.075969934247410e-34 8.832003864001826e-34 1.837067782505319e-33 1.917636803249715e-39
4.421499907374487e+19 8.598328582200025e-36 2.732587020380819e-35 7.368716488769492e-35 2.538240581653532e-34 8.258448637883963e-34 1.107351784009928e-33 0.000000000000000e+00
4.968239594734385e+19 6.791703995875350e-36 2.166996146255861e-35 5.959440037391680e-35 2.181388468616650e-34 7.564234100331755e-34 5.964881492370140e-34 0.000000000000000e+00
5.582586268862695e+19 5.369284934748171e-36 1.714515734573065e-35 4.796783818433763e-35 1.909114578385138e-34 6.244239096101041e-34 2.428330035901113e-34 0.000000000000000e+00
6.272899858196243e+19 4.252652608031289e-36 1.375319376125172e-35 3.970316261587774e-35 1.689317353579013e-34 4.195326535000460e-34 6.860667114605281e-35 0.000000000000000e+00
7.048574036451899e+19 3.369632599652447e-36 1.103424009520862e-35 3.275310544625062e-35 1.431454012149711e-34 2.407634137438078e-34 1.164093355252705e-35 0.000000000000000e+00
7.920164050192548e+19 2.654748800426211e-36 8.853928876057931e-36 2.682102521120859e-35 1.116857598614305e-34 1.085962522074640e-34 1.378999442031024e-36 0.000000000000000e+00
8.899530352885229e+19 2.104704595809553e-36 6.999657379601946e-36 2.205175633456933e-35 8.041718310263341e-35 4.049029631192772e-35 1.410781345900176e-37 0.000000000000000e+00
9.999999999999995e+19 1.659822269860200e-36 5.581222088923985e-36 1.749738506446730e-35 4.954460189021768e-35 1.254305548332681e-35 2.312284187974346e-40 0.000000000000000e+00
1.123654800138752e+20 1.299454339992036e-36 4.406974836120255e-36 1.307004001674680e-35 2.780876204068807e-35 3.308985974573542e-36 0.000000000000000e+00 0.000000000000000e+00
1.262600109874856e+20 1.011972687178237e-36 3.391511026706697e-36 9.574540708956054e-36 1.464117831522871e-35 7.676188667774736e-37 0.000000000000000e+00 0.000000000000000e+00
1.418726674116596e+20 7.857825724216594e-37 2.666773985319677e-36 6.702178935430068e-36 7.243751640761827e-36 1.369713099579127e-37 0.000000000000000e+00 0.000000000000000e+00
1.594159037456000e+20 6.116614086127936e-37 2.000331111902942e-36 4.565750350775164e-36 3.495814028477006e-36 2.934664975376895e-38 0.000000000000000e+00 0.000000000000000e+00
1.791284454622004e+20 4.714842681844983e-37 1.479010950631406e-36 3.033163406262610e-36 1.747946158124341e-36 7.103570691223097e-39 0.000000000000000e+00 0.000000000000000e+00
2.012785375849940e+20 3.671101944662669e-37 1.084948287143953e-36 1.937601570612179e-36 8.290286038553935e-37 1.186761383895777e-39 0.000000000000000e+00 0.000000000000000e+00
2.261675949222864e+20 2.742052655911874e-37 7.948826018481557e-37 1.228570672346673e-36 4.204872850975649e-37 2.118115734197607e-40 0.000000000000000e+00 0.000000000000000e+00
2.541343036702636e+20 2.076388920591226e-37 5.813836237448520e-37 7.909745220133871e-37 2.046331728199056e-37 5.728699365097408e-41 0.000000000000000e+00 0.000000000000000e+00
2.855592301990109e+20 1.568337491961652e-37 4.156973069245360e-37 5.029795214551503e-37 1.013564553327517e-37 1.364439869393764e-41 0.000000000000000e+00 0.000000000000000e+00
3.208699997370450e+20 1.168718687882119e-37 2.931669019264538e-37 3.097889451724330e-37 5.567458842216061e-38 3.078131525992035e-41 0.000000000000000e+00 0.000000000000000e+00
3.605471154250506e+20 8.720200432428860e-38 2.109790127797995e-37 2.031904642467187e-37 2.928352814109559e-38 1.199126743713777e-41 0.000000000000000e+00 0.000000000000000e+00
4.051304969235382e+20 6.466904166804375e-38 1.426278180542238e-37 1.283752446252749e-37 1.600796506535751e-38 2.955895263338772e-43 0.000000000000000e+00 0.000000000000000e+00
4.552268275507309e+20 4.770172497071265e-38 1.037263640957780e-37 8.200105502449094e-38 9.251571919331404e-39 0.000000000000000e+00 0.000000000000000e+00 0.000000000000000e+00
5.115178099293145e+20 3.470630335341871e-38 7.142685305782299e-38 5.291243862851193e-38 5.221377116754378e-39 8.316223423014906e-44 0.000000000000000e+00 0.000000000000000e+00
5.747694424835353e+20 2.564442864187939e-38 5.026665130283843e-38 3.487911085891589e-38 3.603063355729182e-39 7.800247270803372e-42 0.000000000000000e+00 0.000000000000000e+00
6.458424430196978e+20 1.875523113625939e-38 3.540658592259354e-38 2.231768104903934e-38 1.828386820302725e-39 8.927188409562042e-44 0.000000000000000e+00 0.000000000000000e+00
7.257039612324217e+20 1.330154578839547e-38 2.502423875279333e-38 1.499312733507669e-38 1.540623855781753e-39 3.157317916483259e-43 0.000000000000000e+00 0.000000000000000e+00
8.154407395185162e+20 9.425341694205747e-39 1.729381373798458e-38 1.008841356910688e-38 8.783656575099026e-40 0.000000000000000e+00 0.000000000000000e+00 0.000000000000000e+00
9.162739011886741e+20 6.798768060162076e-39 1.186861460015465e-38 6.609531248115073e-39 5.597680093347551e-40 1.157191425828488e-44 0.000000000000000e+00 0.000000000000000e+00
1.029575567312513e+21 4.646081746551087e-39 8.256320962306592e-39 4.361333176720528e-39 3.028708684802020e-40 0.000000000000000e+00 0.000000000000000e+00 0.000000000000000e+00
1.156887528316282e+21 3.320123039644216e-39 5.500488073108527e-39 3.169021181868520e-39 1.910547173920326e-40 3.497550885599890e-46 0.000000000000000e+00 0.000000000000000e+00
1.299942224413246e+21 2.262613443062345e-39 3.739561205840256e-39 1.959636126921065e-39 1.450941902920303e-40 9.177327102643632e-43 0.000000000000000e+00 0.000000000000000e+00
1.460686320364989e+21 1.527513566315925e-39 2.512313446978440e-39 1.329204767115172e-39 1.163902252893906e-40 0.000000000000000e+00 0.000000000000000e+00 0.000000000000000e+00
1.641307195375130e+21 1.013634363304291e-39 1.698261916236186e-39 8.204348786898408e-40 6.325435525822698e-41 2.465274636340872e-46 0.000000000000000e+00 0.000000000000000e+00
1.844262708585535e+21 6.633554141558828e-40 1.055329229812710e-39 5.328339156276154e-40 4.480007652961773e-41 0.000000000000000e+00 0.000000000000000e+00 0.000000000000000e+00
2.072314645219030e+21 4.225787731441846e-40 6.953399343031715e-40 3.529807456500980e-40 2.197950008814292e-41 0.000000000000000e+00 0.000000000000000e+00 0.000000000000000e+00
2.328566298498196e+21 2.601925445807267e-40 4.363348475115880e-40 2.086810386380356e-40 1.501962010903989e-41 0.000000000000000e+00 0.000000000000000e+00 0.000000000000000e+00
2.616504698748821e+21 1.596554926510331e-40 2.530333236602993e-40 1.234550332332509e-40 7.090569387146376e-42 0.000000000000000e+00 0.000000000000000e+00 0.000000000000000e+00
2.940048064334710e+21 9.218734188845223e-41 1.515088756574357e-40 7.155002196446831e-41 4.223252183106793e-42 0.000000000000000e+00 0.000000000000000e+00 0.000000000000000e+00
3.303599120128339e+21 5.238238115804600e-41 8.668544359023381e-41 3.999699185266834e-41 3.611242123823858e-42 0.000000000000000e+00 0.000000000000000e+00 0.000000000000000e+00
3.712105009066361e+21 2.799250752667774e-41 4.575742523772502e-41 2.232303020122662e-41 1.544620346260452e-42 0.000000000000000e+00 0.000000000000000e+00 0.000000000000000e+00
4.171124612056520e+21 1.449659305342510e-41 2.432691635377969e-41 1.236893922885705e-41 9.277022437266468e-43 9.550434795547762e-46 0.000000000000000e+00 0.000000000000000e+00
4.686904192314192e+21 7.084690712423938e-42 1.182307854486183e-41 5.832163809157656e-42 3.817044266901771e-43 0.000000000000000e+00 0.000000000000000e+00 0.000000000000000e+00
5.266462393484281e+21 3.282089120890347e-42 5.369978499458051e-42 2.788117180042999e-42 1.194879052861569e-43 8.620574186317953e-47 0.000000000000000e+00 0.000000000000000e+00
5.917685748188824e+21 1.407037670183263e-42 2.335255910018997e-42 1.178896700274281e-42 6.814603737410516e-44 0.000000000000000e+00 0.000000000000000e+00 0.000000000000000e+00
6.649435996665046e+21 5.663238729090468e-43 9.609075629051622e-43 4.959507569990764e-43 2.177429583506483e-44 0.000000000000000e+00 0.000000000000000e+00 0.000000000000000e+00
7.471670675868082e+21 2.071669545343959e-43 3.498037600580410e-43 1.694091081822960e-43 6.693175955057854e-45 0.000000000000000e+00 0.000000000000000e+00 0.000000000000000e+00
8.395578619995113e+21 6.927424378593120e-44 1.409050902175738e-43 2.733134262767616e-44 2.134074902400510e-45 0.000000000000000e+00 0.000000000000000e+00 0.000000000000000e+00
9.433732216299773e+21 2.708735063025772e-44 2.440264726891368e-44 7.023406469170632e-45 5.838650676810032e-46 0.000000000000000e+00 0.000000000000000e+00 0.000000000000000e+00
