1.060025848806882e+18 9.086787444069393e-31 2.569459407630563e-31 8.692747693010178e-32 3.506481707748467e-32 1.739060025946880e-32 9.137483025827296e-33 4.641662393473235e-33 2.343035084966946e-33 1.191674724249363e-33 3.807882641870360e-34 1.827342405947504e-35 7.858781425870578e-39
1.191103133283007e+18 7.141982007827684e-31 2.064175852479910e-31 7.225004778768681e-32 3.127537049025713e-32 1.533580125545956e-32 8.213529195310938e-33 4.367465519192452e-33 1.834793623266341e-33 5.474478596472670e-34 1.559568007608929e-34 2.110022665635122e-35 4.377168493602663e-85
1.338388753173757e+18 5.475779797615230e-31 1.637164408465165e-31 5.965976484747201e-32 2.558609816291253e-32 1.202004428130497e-32 5.637233669641719e-33 2.440637333407533e-33 1.119603199995186e-33 2.989940528411980e-34 4.480320914999211e-36 5.339593563940137e-37 1.558189754736251e-84
1.503886946955410e+18 4.100388088581660e-31 1.181774358354802e-31 4.009719857020385e-32 1.658607094220351e-32 8.205549013538945e-33 4.198834669869758e-33 1.656538804968757e-33 2.726058312340237e-34 9.131833540085356e-35 7.902422851967277e-36 4.981788208640110e-41 8.666973136145694e-85
1.689849786812457e+18 3.173943893255155e-31 9.414160985254196e-32 3.319934678646699e-32 1.470903920138098e-32 7.117935397665296e-33 2.942326605015702e-33 1.054882386760179e-33 2.880367111370172e-34 5.557813722340764e-36 1.635571715272408e-36 1.686278018434214e-72 7.713199049273598e-85
1.898807824465263e+18 2.383480338423567e-31 7.481857208437476e-32 2.883111915888425e-32 1.318730826245648e-32 5.492710541864924e-33 1.886399034302339e-33 4.165996810282832e-34 7.451151838282660e-35 2.791996149840530e-36 3.250721054997270e-38 4.907206607413270e-65 4.118630943409691e-85
2.133604526501411e+18 1.754301897103938e-31 5.046974353450926e-32 1.799314405224378e-32 7.458776555333321e-33 2.885635252525469e-33 7.931079196481022e-34 2.104828110077340e-34 1.468633609605433e-35 1.817688848880040e-36 1.754763888962473e-41 4.451624585148219e-73 8.116632134475927e-136
2.397434967801077e+18 1.339643926141832e-31 4.294924356261065e-32 1.572383520249209e-32 5.620662848382549e-33 1.677494830681534e-33 4.202422265874208e-34 7.116383018899147e-35 4.334997860734113e-36 2.318262309304982e-37 1.078326192511078e-57 7.923473609434452e-73 3.799256007374195e-115
2.693889309590172e+18 9.778807319480502e-32 3.012313920021557e-32 1.156106625383467e-32 3.767030207792980e-33 9.451360253244225e-34 2.307321947382615e-34 2.347014670823780e-35 2.320219162532927e-36 2.619513078564937e-39 1.404139179254954e-69 1.366689232632729e-88 9.144718268353848e-99
3.027001653763462e+18 6.898143331238949e-32 2.294313628204631e-32 7.839632620042374e-33 2.051563124456844e-33 5.222901183593189e-34 1.093497245336158e-34 1.202238653563627e-35 3.499338344471142e-37 6.536083988048293e-43 4.094697843409223e-63 3.648868012169768e-88 2.441510933933973e-98
3.401304938279252e+18 5.384429230582245e-32 1.628368951232791e-32 3.582540942049326e-33 9.558639616680950e-34 2.677520430167885e-34 3.343766440109544e-35 3.359247293668123e-36 4.657477453311236e-38 5.901089217451817e-60 2.076782866632805e-79 1.082441430301388e-88 7.242766887815518e-99
3.821892620633119e+18 3.260453052484340e-32 7.370700188419069e-33 2.525094589835455e-33 7.429209201350688e-34 1.096087112221197e-34 2.518733153138941e-35 1.448667168676343e-36 2.314156987299253e-40 1.152000757225182e-55 8.806670274214417e-75 4.739832840662619e-83 1.359353973100051e-135
4.294487988789275e+18 2.537438575176360e-32 6.945351923472476e-33 1.826234728462217e-33 3.846090098068960e-34 7.060049628565438e-35 4.527757048063239e-36 8.746518695098348e-38 1.322670956996076e-42 5.398503064851607e-71 2.192439812131598e-79 1.473461638980009e-110 4.032537314639677e-136
4.825522042741278e+18 1.483391108674904e-32 3.648240937754186e-33 8.007916535390107e-34 2.302035914270591e-34 2.251744725475248e-35 1.829569426430681e-36 7.381167296503148e-39 3.127140578446223e-46 6.906005815369882e-75 5.279999506331448e-85 2.004426374873847e-95 3.588768823077811e-136
5.422221006501588e+18 1.031184903992718e-32 2.067201245563251e-33 6.023103912973300e-34 7.842770772056069e-35 9.310038309026057e-36 1.177087421055948e-37 4.852785657127842e-41 1.282505625942741e-63 1.636659632384950e-75 3.698492951941178e-91 5.835028948951735e-111 3.006051341344508e-236
6.092704661368677e+18 6.785208740606712e-33 1.441507730946066e-33 3.430528146936830e-34 5.486832902785738e-35 4.749106474383484e-36 1.185347245168610e-38 1.688337419191305e-43 7.606563919689273e-64 1.237169079548642e-80 3.291484329069840e-91 1.536035990923214e-130 2.159069667005669e-162
6.846096838574658e+18 3.999874871882969e-33 1.091502816751915e-33 1.663217718460666e-34 1.483449465496093e-35 2.095584067200937e-36 5.863968963365729e-40 1.189259264560964e-48 4.086327165228444e-71 3.084563986346831e-86 1.307331548585205e-105 1.434363350329228e-274 0.000000000000000e+00
7.692649574879142e+18 2.490809508021165e-33 3.638605939701211e-34 6.458537423610644e-35 6.325754383838475e-36 2.706401763075877e-37 1.075777512808822e-41 3.940464960837425e-63 1.818376064574591e-71 2.745114624711125e-86 2.420425615764188e-175 0.000000000000000e+00 0.000000000000000e+00
8.643882620598268e+18 1.626351714662440e-33 2.146270080628025e-34 3.132290688208096e-35 3.208533364867738e-36 6.314018472182978e-38 2.181366819775855e-39 2.127040098802698e-39 1.621063644990276e-39 7.597842041523896e-40 1.039753143436110e-40 1.217637207555834e-43 0.000000000000000e+00
9.712740198471170e+18 9.722899533854307e-34 1.168519276367169e-34 1.356408508331666e-35 1.383549212821494e-36 9.400200914970730e-39 1.107873850297352e-51 2.668985242876436e-66 8.497741912464143e-107 8.028082126522723e-237 0.000000000000000e+00 0.000000000000000e+00 0.000000000000000e+00
1.091376714651273e+19 5.602513127280973e-34 5.950199975480527e-35 5.188919136324881e-36 2.289445305161872e-37 8.014438502392737e-40 5.828838365089695e-56 5.250986270080026e-74 6.549108578667660e-125 0.000000000000000e+00 0.000000000000000e+00 0.000000000000000e+00 0.000000000000000e+00
1.226330684177563e+19 3.292845845819483e-34 2.960911836163920e-35 1.900527580591845e-36 5.335981560703372e-38 3.554858653035030e-41 6.436999068484634e-61 1.984135794170938e-84 1.152590096689537e-260 0.000000000000000e+00 0.000000000000000e+00 0.000000000000000e+00 0.000000000000000e+00
1.377972359833557e+19 1.887811363507345e-34 1.317862480789317e-35 6.171077664592198e-37 9.330098047084814e-39 6.101717873701395e-43 7.022629110779829e-68 3.254497678538155e-189 0.000000000000000e+00 0.000000000000000e+00 0.000000000000000e+00 0.000000000000000e+00 0.000000000000000e+00
1.548365256585498e+19 1.043709189909018e-34 4.560760371429626e-36 1.711346675324410e-37 1.128569961860016e-39 4.488461578222573e-45 2.597878168336261e-99 0.000000000000000e+00 0.000000000000000e+00 0.000000000000000e+00 0.000000000000000e+00 0.000000000000000e+00 0.000000000000000e+00
1.739828052930364e+19 6.108900030370633e-35 1.481282346186889e-36 3.856222355835662e-38 7.382835634530622e-41 5.234724450388469e-48 2.369678391784281e-162 0.000000000000000e+00 0.000000000000000e+00 0.000000000000000e+00 0.000000000000000e+00 0.000000000000000e+00 0.000000000000000e+00
1.954966143091260e+19 3.957377620065953e-35 4.789166782135034e-37 6.649098145320012e-39 1.280048528882139e-41 9.369822389160616e-54 0.000000000000000e+00 0.000000000000000e+00 0.000000000000000e+00 0.000000000000000e+00 0.000000000000000e+00 0.000000000000000e+00 0.000000000000000e+00
2.196707090793234e+19 2.607780456561799e-35 1.360670673992946e-37 7.549038699191698e-40 6.114385894211174e-43 1.287627883720199e-146 0.000000000000000e+00 0.000000000000000e+00 0.000000000000000e+00 0.000000000000000e+00 0.000000000000000e+00 0.000000000000000e+00 0.000000000000000e+00
2.468340467068649e+19 1.622921713182502e-35 3.676319080982148e-38 5.060685451060468e-41 3.586454804928475e-45 0.000000000000000e+00 0.000000000000000e+00 0.000000000000000e+00 0.000000000000000e+00 0.000000000000000e+00 0.000000000000000e+00 0.000000000000000e+00 0.000000000000000e+00
2.773562614198413e+19 1.030238097801253e-35 9.395631531506348e-39 1.758025922752490e-42 2.447901738016969e-52 0.000000000000000e+00 0.000000000000000e+00 0.000000000000000e+00 0.000000000000000e+00 0.000000000000000e+00 0.000000000000000e+00 0.000000000000000e+00 0.000000000000000e+00
3.116526944929430e+19 6.295637992851963e-36 1.783683612972232e-39 2.820777149433054e-44 0.000000000000000e+00 0.000000000000000e+00 0.000000000000000e+00 0.000000000000000e+00 0.000000000000000e+00 0.000000000000000e+00 0.000000000000000e+00 0.000000000000000e+00 0.000000000000000e+00
3.501900461431709e+19 3.761705427598697e-36 1.940399562144872e-40 3.378584774796894e-46 0.000000000000000e+00 0.000000000000000e+00 0.000000000000000e+00 0.000000000000000e+00 0.000000000000000e+00 0.000000000000000e+00 0.000000000000000e+00 0.000000000000000e+00 0.000000000000000e+00
3.934927263095847e+19 2.063660031636526e-36 1.345030969968877e-41 1.456106800807288e-48 0.000000000000000e+00 0.000000000000000e+00 0.000000000000000e+00 0.000000000000000e+00 0.000000000000000e+00 0.000000000000000e+00 0.000000000000000e+00 0.000000000000000e+00 0.000000000000000e+00
4.421499907374487e+19 9.534450257230435e-37 3.623344611387592e-43 0.000000000000000e+00 0.000000000000000e+00 0.000000000000000e+00 0.000000000000000e+00 0.000000000000000e+00 0.000000000000000e+00 0.000000000000000e+00 0.000000000000000e+00 0.000000000000000e+00 0.000000000000000e+00
4.968239594734385e+19 3.110807270267868e-37 1.890160814711190e-45 0.000000000000000e+00 0.000000000000000e+00 0.000000000000000e+00 0.000000000000000e+00 0.000000000000000e+00 0.000000000000000e+00 0.000000000000000e+00 0.000000000000000e+00 0.000000000000000e+00 0.000000000000000e+00
5.582586268862695e+19 8.965764187734846e-38 5.979915628173085e-47 0.000000000000000e+00 0.000000000000000e+00 0.000000000000000e+00 0.000000000000000e+00 0.000000000000000e+00 0.000000000000000e+00 0.000000000000000e+00 0.000000000000000e+00 0.000000000000000e+00 0.000000000000000e+00
6.272899858196243e+19 1.338973661624542e-38 1.580875708536100e-56 0.000000000000000e+00 0.000000000000000e+00 0.000000000000000e+00 0.000000000000000e+00 0.000000000000000e+00 0.000000000000000e+00 0.000000000000000e+00 0.000000000000000e+00 0.000000000000000e+00 0.000000000000000e+00
7.048574036451899e+19 8.920349038487531e-40 0.000000000000000e+00 0.000000000000000e+00 0.000000000000000e+00 0.000000000000000e+00 0.000000000000000e+00 0.000000000000000e+00 0.000000000000000e+00 0.000000000000000e+00 0.000000000000000e+00 0.000000000000000e+00 0.000000000000000e+00
7.920164050192548e+19 2.077961627986820e-47 0.000000000000000e+00 0.000000000000000e+00 0.000000000000000e+00 0.000000000000000e+00 0.000000000000000e+00 0.000000000000000e+00 0.000000000000000e+00 0.000000000000000e+00 0.000000000000000e+00 0.000000000000000e+00 0.000000000000000e+00
8.899530352885229e+19 1.100509126035290e-49 0.000000000000000e+00 0.000000000000000e+00 0.000000000000000e+00 0.000000000000000e+00 0.000000000000000e+00 0.000000000000000e+00 0.000000000000000e+00 0.000000000000000e+00 0.000000000000000e+00 0.000000000000000e+00 0.000000000000000e+00
9.999999999999995e+19 1.705422370151165e-53 0.000000000000000e+00 0.000000000000000e+00 0.000000000000000e+00 0.000000000000000e+00 0.000000000000000e+00 0.000000000000000e+00 0.000000000000000e+00 0.000000000000000e+00 0.000000000000000e+00 0.000000000000000e+00 0.000000000000000e+00
1.123654800138752e+20 0.000000000000000e+00 0.000000000000000e+00 0.000000000000000e+00 0.000000000000000e+00 0.000000000000000e+00 0.000000000000000e+00 0.000000000000000e+00 0.000000000000000e+00 0.000000000000000e+00 0.000000000000000e+00 0.000000000000000e+00 0.000000000000000e+00
1.262600109874856e+20 0.000000000000000e+00 0.000000000000000e+00 0.000000000000000e+00 0.000000000000000e+00 0.000000000000000e+00 0.000000000000000e+00 0.000000000000000e+00 0.000000000000000e+00 0.000000000000000e+00 0.000000000000000e+00 0.000000000000000e+00 0.000000000000000e+00
1.418726674116596e+20 0.000000000000000e+00 0.000000000000000e+00 0.000000000000000e+00 0.000000000000000e+00 0.000000000000000e+00 0.000000000000000e+00 0.000000000000000e+00 0.000000000000000e+00 0.000000000000000e+00 0.000000000000000e+00 0.000000000000000e+00 0.000000000000000e+00
1.594159037456000e+20 0.000000000000000e+00 0.000000000000000e+00 0.000000000000000e+00 0.000000000000000e+00 0.000000000000000e+00 0.000000000000000e+00 0.000000000000000e+00 0.000000000000000e+00 0.000000000000000e+00 0.000000000000000e+00 0.000000000000000e+00 0.000000000000000e+00
1.791284454622004e+20 0.000000000000000e+00 0.000000000000000e+00 0.000000000000000e+00 0.000000000000000e+00 0.000000000000000e+00 0.000000000000000e+00 0.000000000000000e+00 0.000000000000000e+00 0.000000000000000e+00 0.000000000000000e+00 0.000000000000000e+00 0.000000000000000e+00
2.012785375849940e+20 0.000000000000000e+00 0.000000000000000e+00 0.000000000000000e+00 0.000000000000000e+00 0.000000000000000e+00 0.000000000000000e+00 0.000000000000000e+00 0.000000000000000e+00 0.000000000000000e+00 0.000000000000000e+00 0.000000000000000e+00 0.000000000000000e+00
2.261675949222864e+20 0.000000000000000e+00 0.000000000000000e+00 0.000000000000000e+00 0.000000000000000e+00 0.000000000000000e+00 0.000000000000000e+00 0.000000000000000e+00 0.000000000000000e+00 0.000000000000000e+00 0.000000000000000e+00 0.000000000000000e+00 0.000000000000000e+00
2.541343036702636e+20 0.000000000000000e+00 0.000000000000000e+00 0.000000000000000e+00 0.000000000000000e+00 0.000000000000000e+00 0.000000000000000e+00 0.000000000000000e+00 0.000000000000000e+00 0.000000000000000e+00 0.000000000000000e+00 0.000000000000000e+00 0.000000000000000e+00
2.855592301990109e+20 0.000000000000000e+00 0.000000000000000e+00 0.000000000000000e+00 0.000000000000000e+00 0.000000000000000e+00 0.000000000000000e+00 0.000000000000000e+00 0.000000000000000e+00 0.000000000000000e+00 0.000000000000000e+00 0.000000000000000e+00 0.000000000000000e+00
3.208699997370450e+20 0.000000000000000e+00 0.000000000000000e+00 0.000000000000000e+00 0.000000000000000e+00 0.000000000000000e+00 0.000000000000000e+00 0.000000000000000e+00 0.000000000000000e+00 0.000000000000000e+00 0.000000000000000e+00 0.000000000000000e+00 0.000000000000000e+00
3.605471154250506e+20 0.000000000000000e+00 0.000000000000000e+00 0.000000000000000e+00 0.000000000000000e+00 0.000000000000000e+00 0.000000000000000e+00 0.000000000000000e+00 0.000000000000000e+00 0.000000000000000e+00 0.000000000000000e+00 0.000000000000000e+00 0.000000000000000e+00
4.051304969235382e+20 0.000000000000000e+00 0.000000000000000e+00 0.000000000000000e+00 0.000000000000000e+00 0.000000000000000e+00 0.000000000000000e+00 0.000000000000000e+00 0.000000000000000e+00 0.000000000000000e+00 0.000000000000000e+00 0.000000000000000e+00 0.000000000000000e+00
4.552268275507309e+20 0.000000000000000e+00 0.000000000000000e+00 0.000000000000000e+00 0.000000000000000e+00 0.000000000000000e+00 0.000000000000000e+00 0.000000000000000e+00 0.000000000000000e+00 0.000000000000000e+00 0.000000000000000e+00 0.000000000000000e+00 0.000000000000000e+00
5.115178099293145e+20 0.000000000000000e+00 0.000000000000000e+00 0.000000000000000e+00 0.000000000000000e+00 0.000000000000000e+00 0.000000000000000e+00 0.000000000000000e+00 0.000000000000000e+00 0.000000000000000e+00 0.000000000000000e+00 0.000000000000000e+00 0.000000000000000e+00
5.747694424835353e+20 0.000000000000000e+00 0.000000000000000e+00 0.000000000000000e+00 0.000000000000000e+00 0.000000000000000e+00 0.000000000000000e+00 0.000000000000000e+00 0.000000000000000e+00 0.000000000000000e+00 0.000000000000000e+00 0.000000000000000e+00 0.000000000000000e+00
6.458424430196978e+20 0.000000000000000e+00 0.000000000000000e+00 0.000000000000000e+00 0.000000000000000e+00 0.000000000000000e+00 0.000000000000000e+00 0.000000000000000e+00 0.000000000000000e+00 0.000000000000000e+00 0.000000000000000e+00 0.000000000000000e+00 0.000000000000000e+00
7.257039612324217e+20 0.000000000000000e+00 0.000000000000000e+00 0.000000000000000e+00 0.000000000000000e+00 0.000000000000000e+00 0.000000000000000e+00 0.000000000000000e+00 0.000000000000000e+00 0.000000000000000e+00 0.000000000000000e+00 0.000000000000000e+00 0.000000000000000e+00
8.154407395185162e+20 0.000000000000000e+00 0.000000000000000e+00 0.000000000000000e+00 0.000000000000000e+00 0.000000000000000e+00 0.000000000000000e+00 0.000000000000000e+00 0.000000000000000e+00 0.000000000000000e+00 0.000000000000000e+00 0.000000000000000e+00 0.000000000000000e+00
9.162739011886741e+20 0.000000000000000e+00 0.000000000000000e+00 0.000000000000000e+00 0.000000000000000e+00 0.000000000000000e+00 0.000000000000000e+00 0.000000000000000e+00 0.000000000000000e+00 0.000000000000000e+00 0.000000000000000e+00 0.000000000000000e+00 0.000000000000000e+00
1.029575567312513e+21 0.000000000000000e+00 0.000000000000000e+00 0.000000000000000e+00 0.000000000000000e+00 0.000000000000000e+00 0.000000000000000e+00 0.000000000000000e+00 0.000000000000000e+00 0.000000000000000e+00 0.000000000000000e+00 0.000000000000000e+00 0.000000000000000e+00
1.156887528316282e+21 0.000000000000000e+00 0.000000000000000e+00 0.000000000000000e+00 0.000000000000000e+00 0.000000000000000e+00 0.000000000000000e+00 0.000000000000000e+00 0.000000000000000e+00 0.000000000000000e+00 0.000000000000000e+00 0.000000000000000e+00 0.000000000000000e+00
1.299942224413246e+21 0.000000000000000e+00 0.000000000000000e+00 0.000000000000000e+00 0.000000000000000e+00 0.000000000000000e+00 0.000000000000000e+00 0.000000000000000e+00 0.000000000000000e+00 0.000000000000000e+00 0.000000000000000e+00 0.000000000000000e+00 0.000000000000000e+00
1.460686320364989e+21 0.000000000000000e+00 0.000000000000000e+00 0.000000000000000e+00 0.000000000000000e+00 0.000000000000000e+00 0.000000000000000e+00 0.000000000000000e+00 0.000000000000000e+00 0.000000000000000e+00 0.000000000000000e+00 0.000000000000000e+00 0.000000000000000e+00
1.641307195375130e+21 0.000000000000000e+00 0.000000000000000e+00 0.000000000000000e+00 0.000000000000000e+00 0.000000000000000e+00 0.000000000000000e+00 0.000000000000000e+00 0.000000000000000e+00 0.000000000000000e+00 0.000000000000000e+00 0.000000000000000e+00 0.000000000000000e+00
1.844262708585535e+21 0.000000000000000e+00 0.000000000000000e+00 0.000000000000000e+00 0.000000000000000e+00 0.000000000000000e+00 0.000000000000000e+00 0.000000000000000e+00 0.000000000000000e+00 0.000000000000000e+00 0.000000000000000e+00 0.000000000000000e+00 0.000000000000000e+00
2.072314645219030e+21 0.000000000000000e+00 0.000000000000000e+00 0.000000000000000e+00 0.000000000000000e+00 0.000000000000000e+00 0.000000000000000e+00 0.000000000000000e+00 0.000000000000000e+00 0.000000000000000e+00 0.000000000000000e+00 0.000000000000000e+00 0.000000000000000e+00
2.328566298498196e+21 0.000000000000000e+00 0.000000000000000e+00 0.000000000000000e+00 0.000000000000000e+00 0.000000000000000e+00 0.000000000000000e+00 0.000000000000000e+00 0.000000000000000e+00 0.000000000000000e+00 0.000000000000000e+00 0.000000000000000e+00 0.000000000000000e+00
2.616504698748821e+21 0.000000000000000e+00 0.000000000000000e+00 0.000000000000000e+00 0.000000000000000e+00 0.000000000000000e+00 0.000000000000000e+00 0.000000000000000e+00 0.000000000000000e+00 0.000000000000000e+00 0.000000000000000e+00 0.000000000000000e+00 0.000000000000000e+00
2.940048064334710e+21 0.000000000000000e+00 0.000000000000000e+00 0.000000000000000e+00 0.000000000000000e+00 0.000000000000000e+00 0.000000000000000e+00 0.000000000000000e+00 0.000000000000000e+00 0.000000000000000e+00 0.000000000000000e+00 0.000000000000000e+00 0.000000000000000e+00
3.303599120128339e+21 0.000000000000000e+00 0.000000000000000e+00 0.000000000000000e+00 0.000000000000000e+00 0.000000000000000e+00 0.000000000000000e+00 0.000000000000000e+00 0.000000000000000e+00 0.000000000000000e+00 0.000000000000000e+00 0.000000000000000e+00 0.000000000000000e+00
3.712105009066361e+21 0.000000000000000e+00 0.000000000000000e+00 0.000000000000000e+00 0.000000000000000e+00 0.000000000000000e+00 0.000000000000000e+00 0.000000000000000e+00 0.000000000000000e+00 0.000000000000000e+00 0.000000000000000e+00 0.000000000000000e+00 0.000000000000000e+00
4.171124612056520e+21 0.000000000000000e+00 0.000000000000000e+00 0.000000000000000e+00 0.000000000000000e+00 0.000000000000000e+00 0.000000000000000e+00 0.000000000000000e+00 0.000000000000000e+00 0.000000000000000e+00 0.000000000000000e+00 0.000000000000000e+00 0.000000000000000e+00
4.686904192314192e+21 0.000000000000000e+00 0.000000000000000e+00 0.000000000000000e+00 0.000000000000000e+00 0.000000000000000e+00 0.000000000000000e+00 0.000000000000000e+00 0.000000000000000e+00 0.000000000000000e+00 0.000000000000000e+00 0.000000000000000e+00 0.000000000000000e+00
5.266462393484281e+21 0.000000000000000e+00 0.000000000000000e+00 0.000000000000000e+00 0.000000000000000e+00 0.000000000000000e+00 0.000000000000000e+00 0.000000000000000e+00 0.000000000000000e+00 0.000000000000000e+00 0.000000000000000e+00 0.000000000000000e+00 0.000000000000000e+00
5.917685748188824e+21 0.000000000000000e+00 0.000000000000000e+00 0.000000000000000e+00 0.000000000000000e+00 0.000000000000000e+00 0.000000000000000e+00 0.000000000000000e+00 0.000000000000000e+00 0.000000000000000e+00 0.000000000000000e+00 0.000000000000000e+00 0.000000000000000e+00
6.649435996665046e+21 0.000000000000000e+00 0.000000000000000e+00 0.000000000000000e+00 0.000000000000000e+00 0.000000000000000e+00 0.000000000000000e+00 0.000000000000000e+00 0.000000000000000e+00 0.000000000000000e+00 0.000000000000000e+00 0.000000000000000e+00 0.000000000000000e+00
7.471670675868082e+21 0.000000000000000e+00 0.000000000000000e+00 0.000000000000000e+00 0.000000000000000e+00 0.000000000000000e+00 0.000000000000000e+00 0.000000000000000e+00 0.000000000000000e+00 0.000000000000000e+00 0.000000000000000e+00 0.000000000000000e+00 0.000000000000000e+00
8.395578619995113e+21 0.000000000000000e+00 0.000000000000000e+00 0.000000000000000e+00 0.000000000000000e+00 0.000000000000000e+00 0.000000000000000e+00 0.000000000000000e+00 0.000000000000000e+00 0.000000000000000e+00 0.000000000000000e+00 0.000000000000000e+00 0.000000000000000e+00
9.433732216299773e+21 0.000000000000000e+00 0.000000000000000e+00 0.000000000000000e+00 0.000000000000000e+00 0.000000000000000e+00 0.000000000000000e+00 0.000000000000000e+00 0.000000000000000e+00 0.000000000000000e+00 0.000000000000000e+00 0.000000000000000e+00 0.000000000000000e+00
